0.0905768 1
0.18279 341
0.276537 1021
0.370283 1701
0.462454 2381
0.465606 3061
0.5562 3741
0.559352 4421
0.562504 5101
0.649946 5781
0.653098 6461
0.65625 7141
0.659402 7821
0.742117 8501
0.745269 9181
0.748421 9861
0.751573 10541
0.754725 11221
0.757877 11901
0.834287 12581
0.837439 13261
0.840591 13941
0.843743 14621
0.846895 15301
0.850047 15981
0.853199 16661
0.856351 17341
0.859503 18021
0.926458 18701
0.92961 19381
0.932762 20061
0.935914 20741
0.939066 21421
0.942218 22101
0.94537 22781
0.948522 23461
0.951674 24141
0.954826 24821
0.957978 25501
0.96113 26181
0.964282 26861
0.967434 27541
1.0202 28221
1.02336 28901
1.02651 29581
1.02966 30261
1.03281 30941
1.03596 31621
1.03912 32301
1.04227 32981
1.04542 33661
1.04857 34341
1.05172 35021
1.05488 35701
1.05803 36381
1.06118 37061
1.06433 37741
1.06748 38421
1.07064 39101
1.07379 39781
1.07694 40461
1.08009 41141
1.08324 41821
1.11395 42501
1.1171 43181
1.12025 43861
1.12341 44541
1.12656 45221
1.12971 45901
1.13286 46581
1.13601 47261
1.13917 47941
1.14232 48621
1.14547 49301
1.14862 49981
1.15177 50661
1.15493 51341
1.15808 52021
1.16123 52701
1.16438 53381
1.16753 54061
1.17069 54741
1.17384 55421
1.17699 56101
1.18014 56781
1.18329 57461
1.18645 58141
1.1896 58821
1.19275 59501
1.1959 60181
1.19905 60861
1.20221 61541
1.20536 62221
1.20851 62901
1.21166 63581
1.21481 64261
1.21797 64941
1.22112 65621
1.22427 66301
1.22742 66981
1.23057 67661
1.23373 68341
1.23688 69021
1.24003 69701
1.24318 70381
1.24633 71061
1.24949 71741
1.25264 72421
1.25579 73101
1.25894 73781
1.26209 74461
1.26525 75141
1.2684 75821
1.27155 76501
1.2747 77181
1.27785 77861
1.28101 78541
1.28416 79221
1.28731 79901
1.29046 80581
1.29361 81261
1.29677 81941
1.29992 82621
1.30307 83301
1.30622 83981
1.30937 84661
1.31253 85341
1.31568 86021
1.31883 86701
1.32198 87381
1.32513 88061
1.32829 88741
1.33144 89421
1.33459 90101
1.33774 90781
1.34089 91461
1.34405 92141
1.3472 92821
1.35035 93501
1.3535 94181
1.35665 94861
1.35981 95541
1.36296 96221
1.36611 96901
1.36926 97581
1.37241 98261
1.37557 98941
1.37872 99621
1.38187 100301
1.38502 100981
1.38817 101661
1.39133 102341
1.39448 103021
1.39763 103701
1.40078 104381
1.40393 105061
1.40709 105741
1.41024 106421
1.41339 107101
1.41654 107781
1.41969 108461
1.42285 109141
1.426 109821
1.42915 110501
1.4323 111181
1.43545 111861
1.43861 112541
1.44176 113221
1.44491 113901
1.44806 114581
1.45121 115261
1.45437 115941
1.45752 116621
1.46067 117301
1.46382 117981
1.46697 118661
1.47013 119341
1.47328 120021
1.47643 120701
1.47958 121381
1.48273 122061
1.48589 122741
1.48904 123421
1.49219 124101
1.49534 124781
1.49849 125461
1.50165 126141
1.5048 126821
1.50795 127501
1.5111 128181
1.51425 128861
1.51741 129541
1.52056 130221
1.52371 130901
1.52686 131581
1.53001 132261
1.53317 132941
1.53632 133621
1.53947 134301
1.54262 134981
1.54577 135661
1.54893 136341
1.55208 137021
1.55523 137701
1.55838 138381
1.56153 139061
1.56469 139741
1.56784 140421
1.57099 141101
1.57414 141781
1.57729 142461
1.58045 143141
1.5836 143821
1.58675 144501
1.5899 145181
1.59305 145861
1.59621 146541
1.59936 147221
1.60251 147901
1.60566 148581
1.60881 149261
1.61197 149941
1.61512 150621
1.61827 151301
1.62142 151981
1.62457 152661
1.62773 153341
1.63088 154021
1.63403 154701
1.63718 155381
1.64033 156061
1.64349 156741
1.64664 157421
1.64979 158101
1.65294 158781
1.65609 159461
1.65925 160141
1.6624 160821
1.66555 161501
1.6687 162181
1.67185 162861
1.67501 163541
1.67816 164221
1.68131 164901
1.68446 165581
1.68761 166261
1.69077 166941
1.69392 167621
1.69707 168301
1.70022 168981
1.70337 169661
1.70653 170341
1.70968 171021
1.71283 171701
1.71598 172381
1.71913 173061
1.72229 173741
1.72544 174421
1.72859 175101
1.73174 175781
1.73489 176461
1.73805 177141
1.7412 177821
1.74435 178501
1.7475 179181
1.75065 179861
1.75381 180541
1.75696 181221
1.76011 181901
1.76326 182581
1.76641 183261
1.76957 183941
1.77272 184621
1.77587 185301
1.77902 185981
1.78217 186661
1.78533 187341
1.78848 188021
1.79163 188701
1.79478 189381
1.79793 190061
1.80109 190741
1.80424 191421
1.80739 192101
1.81054 192781
1.81369 193461
1.81685 194141
1.82 194821
1.82315 195501
1.8263 196181
1.82945 196861
1.83261 197541
1.83576 198221
1.83891 198901
1.84206 199581
1.84521 200261
1.84837 200941
1.85152 201621
1.85467 202301
1.85782 202981
1.86097 203661
1.86413 204341
1.86728 205021
1.87043 205701
1.87358 206381
1.87673 207061
1.87989 207741
1.88304 208421
1.88619 209101
1.88934 209781
1.89249 210461
1.89565 211141
1.8988 211821
1.90195 212501
1.9051 213181
1.90825 213861
1.91141 214541
1.91456 215221
1.91771 215901
1.92086 216581
1.92401 217261
1.92717 217941
2.26927 218961
2.27085 219981
2.27242 221001
2.274 222021
2.27558 223041
2.27715 224061
2.27873 225081
2.2803 226101
2.28188 227121
2.28346 228141
2.28503 229161
2.28661 230181
2.28818 231201
2.28976 232221
2.29134 233241
2.29291 234261
2.29449 235281
2.29606 236301
2.29764 237321
2.29922 238341
2.30079 239361
2.30237 240381
2.30394 241401
2.30552 242421
2.3071 243441
2.30867 244461
2.31025 245481
2.31182 246501
2.3134 247521
2.31498 248541
2.31655 249561
2.31813 250581
2.3197 251601
2.32286 252621
2.32758 253641
2.33231 254661
2.33704 255681
2.34177 256701
2.3465 257721
2.35122 258741
2.35595 259761
2.36068 260781
2.36541 261801
2.37014 262821
2.37486 263841
2.37959 264861
2.38432 265881
2.38905 266901
2.39378 267921
2.3985 268941
2.40323 269961
2.40796 270981
2.41269 272001
2.41742 273021
2.42214 274041
2.42687 275061
2.4316 276081
2.43633 277101
2.44106 278121
2.44578 279141
2.45051 280161
2.45524 281181
2.45997 282201
2.4647 283221
2.46942 284241
2.47415 285261
2.4773 286281
2.48046 287301
2.48361 288321
2.48676 289341
2.48991 290361
2.49306 291381
2.49622 292401
2.49937 293421
2.50252 294441
2.50567 295461
2.50882 296481
2.51198 297501
2.51513 298521
2.51828 299541
2.52143 300561
2.52458 301581
2.52774 302601
2.53089 303621
2.53404 304641
2.53719 305661
2.54034 306681
2.5435 307701
2.54665 308721
2.5498 309741
2.55295 310761
2.5561 311781
2.55926 312801
2.56241 313821
2.56556 314841
2.56871 315861
2.57186 316881
2.57502 317901
2.57817 318921
2.58132 319941
2.58447 320961
2.58762 321981
2.59078 323001
2.59393 324021
2.59708 325041
2.60023 326061
2.60338 327081
2.65854 350201
2.8193 350881
2.82245 351561
2.8256 352241
2.82875 352921
2.8319 353601
2.83506 354281
2.83821 354961
2.84136 355641
2.84451 356321
2.84766 357001
2.85082 357681
2.85397 358361
2.85712 359041
2.86027 359721
2.86342 360401
2.86658 361081
2.86973 361761
2.87288 362441
2.87603 363121
2.87918 363801
2.88234 364481
2.88549 365161
2.88864 365841
2.89179 366521
2.89494 367201
2.8981 367881
2.90125 368561
2.9044 369241
2.90755 369921
2.9107 370601
2.91386 371281
2.91701 371961
2.92016 372641
2.92331 373321
2.92646 374001
2.92962 374681
2.93277 375361
2.93592 376041
2.93907 376721
2.94222 377401
2.94538 378081
2.94853 378761
2.9501 379101
2.95168 379441
2.95326 379781
2.95483 380121
2.95641 380461
2.95798 380801
2.95956 381141
2.96114 381481
2.96271 381821
2.96429 382161
2.96586 382501
2.96744 382841
2.96902 383181
2.97059 383521
2.97217 383861
2.97374 384201
2.97532 384541
2.9769 384881
2.97847 385221
2.98005 385561
2.98162 385901
2.9832 386241
2.98478 386581
2.98635 386921
2.98793 387261
2.9895 387601
2.99108 387941
2.99266 388281
2.99423 388621
2.99581 388961
2.99738 389301
2.99896 389641
3.00054 389981
3.00211 390321
3.00369 391341
3.00526 392361
3.00684 393381
3.00842 394401
3.00999 395421
3.01157 396441
3.01314 397461
3.01472 398481
3.0163 399501
3.01787 400521
3.01945 401541
3.02102 402561
3.0226 403581
3.02418 404601
3.02575 405621
3.02733 406641
3.0289 407661
3.03048 408681
3.03206 409701
3.03363 410721
3.03521 411741
3.03678 412761
3.03836 413781
3.03994 414801
3.04151 415821
3.04309 416841
3.04624 417861
3.05097 418881
3.0557 419901
3.06042 420921
3.06515 421941
3.06988 422961
3.20065 423641
3.20692 424321
3.38185 424661
3.56474 425001
3.7649 425681
3.92092 426021
4.01321 426361
4.01478 426701
4.10549 427381
4.10707 427721
4.10864 428061
4.11022 428401
4.19778 429081
4.19935 429421
4.20093 429761
4.2025 430101
4.20408 430781
4.20566 431121
4.20723 431461
4.20881 431801
4.29006 432481
4.29164 432821
4.29321 433161
4.29479 433501
4.29637 434181
4.29794 434521
4.29952 434861
4.30109 435201
4.30267 435881
4.30425 436221
4.30582 436561
4.3074 436901
4.30897 437581
4.31055 437921
4.31213 438261
4.3137 438601
4.38235 439281
4.38392 439621
4.3855 439961
4.38708 440301
4.38865 440981
4.39023 441321
4.3918 441661
4.39338 442001
4.39496 442681
4.39653 443021
4.39811 443361
4.39968 443701
4.40126 444381
4.40284 444721
4.40441 445061
4.40599 445401
4.40756 446081
4.40914 446421
4.41072 446761
4.41229 447101
4.41387 447781
4.41544 448121
4.41702 448461
4.4186 448801
4.42017 449481
4.42175 449821
4.42332 450161
4.4249 450501
4.42648 451181
4.42794 608601
4.43109 609281
4.47609 609961
4.47925 610641
4.4824 611321
4.48555 612001
4.4887 612681
4.49185 613361
4.49501 614041
4.49816 614721
4.50131 615401
4.50446 616081
4.50761 616761
4.51077 617441
4.51392 618121
4.51707 618801
4.52022 619481
4.52337 620161
4.52653 620841
4.52968 621521
4.53283 622201
4.53598 622881
4.53913 623561
4.54229 624241
4.54544 624921
4.54859 625601
4.55174 626281
4.55489 626961
4.55805 627641
4.5612 628321
4.56435 629001
4.5675 629681
4.57065 630361
4.57381 631041
4.57696 631721
4.58011 632401
4.58326 633081
4.58641 633761
4.58957 634441
4.59272 635121
4.59587 635801
4.59902 636481
4.60217 637161
4.60533 637841
4.60848 638521
4.61163 639201
4.61478 639881
4.61793 640561
4.62109 641241
4.62424 641921
4.62739 642601
4.63054 643281
4.63369 643961
4.63685 644641
4.64 645321
4.64315 646001
4.6463 646681
4.64945 647361
4.65261 648041
4.65576 648721
4.65891 649401
4.66206 650081
4.66521 650761
4.66837 651441
4.67152 652121
4.67467 652801
4.67782 653481
4.68097 654161
4.68413 654841
4.68728 655521
4.69043 656201
4.69358 656881
4.69673 657561
4.69989 658241
4.70304 658921
4.70619 659601
4.70934 660281
4.71249 660961
4.71565 661641
4.7188 662321
4.72195 663001
4.7251 663681
4.72825 664361
4.73141 665041
4.73456 665721
4.73771 666401
4.74086 667081
4.74401 667761
4.74717 668441
4.75032 669121
4.75347 669801
4.75662 670481
4.75977 671161
4.76293 671841
4.76608 672521
4.76923 673201
4.77238 673881
4.77553 674561
4.77869 675241
4.78184 675921
4.78499 676601
4.78814 677281
4.79129 677961
4.79445 678641
4.7976 679321
4.80075 680001
4.8039 680681
4.80705 681361
4.81021 682041
4.81336 682721
4.81651 683401
4.81966 684081
4.82281 684761
4.82597 685441
4.82912 686121
4.83227 686801
4.83542 687481
4.83857 688161
4.84173 688841
4.84488 689521
4.84803 690201
4.85118 690881
4.85433 691561
4.85749 692241
4.86064 692921
4.86379 693601
4.86694 694281
4.87009 694961
4.87325 695641
4.8764 696321
4.87955 697001
4.8827 697681
4.88585 698361
4.88901 699041
4.89216 699721
4.89531 700401
4.89846 701081
4.90161 701761
4.90477 702441
4.90792 703121
4.91107 703801
4.91422 704481
4.91737 705161
4.92053 705841
4.92368 706521
4.92683 707201
4.92998 707881
4.93313 708561
4.93629 709241
4.93944 709921
4.94259 710601
4.94574 711281
4.94889 711961
4.95205 712641
4.9552 713321
4.95835 714001
4.9615 714681
4.96465 715361
4.96781 716041
4.97096 716721
4.97411 717401
4.97726 718081
4.98041 718761
4.98357 719441
4.98672 720121
4.98987 720801
4.99302 721481
4.99617 722161
4.99933 722841
5.00248 723521
5.00563 724201
5.00878 724881
5.01193 725561
5.01509 726241
5.01824 726921
5.02139 727601
5.02454 728281
5.02769 728961
5.03085 729641
5.034 730321
5.03715 731001
5.0403 731681
5.04345 732361
5.04661 733041
5.04976 733721
5.05291 734401
5.05606 735081
5.05921 735761
5.06237 736441
5.06552 737121
5.06867 737801
5.07182 738481
5.07497 739161
5.07813 739841
5.08128 740521
5.08443 741201
5.08758 741881
5.09073 742561
5.09389 743241
5.09704 743921
5.10019 744601
5.10334 745281
5.10649 745961
5.10965 746641
5.1128 747321
5.11595 748001
5.1191 748681
5.12225 749361
5.12541 750041
5.12856 750721
5.13171 751401
5.13486 752081
5.13801 752761
5.14117 753441
5.14432 754121
5.14747 754801
5.15062 755481
5.15377 756161
5.15693 756841
5.16008 757521
5.16323 758201
5.16638 758881
5.16953 759561
5.17269 760241
5.17584 760921
5.17899 761601
5.18214 762281
5.18529 762961
5.18845 763641
5.1916 764321
5.19475 765001
5.1979 765681
5.20105 766361
5.20421 767041
5.20736 767721
5.21051 768401
5.21366 769081
5.21681 769761
5.21997 770441
5.22312 771121
5.22627 771801
5.22942 772481
5.23257 773161
5.23573 773841
5.23888 774521
5.24203 775201
5.24518 775881
5.24833 776561
5.25149 777241
5.25464 777921
5.25779 778601
5.26094 779281
5.26409 779961
5.26725 780641
5.2704 781321
5.27355 782001
5.2767 782681
5.27985 783361
5.28301 784041
5.28616 784721
5.28931 785401
5.29246 786081
5.29561 786761
5.29877 787441
5.30192 788121
5.30507 788801
5.30822 789481
5.31137 790161
5.31453 790841
5.31768 791521
5.32083 792201
5.32398 792881
5.32713 793561
5.33029 794241
5.33344 794921
5.33659 795601
5.33974 796281
5.34289 796961
5.34605 797641
5.3492 798321
5.35235 799001
5.3555 799681
5.35865 800361
5.36181 801041
5.36496 801721
5.36811 802401
5.37126 803081
5.37441 803761
5.37757 804441
5.38072 805121
5.38387 805801
5.38702 806481
5.39017 807161
5.39333 807841
5.39648 808521
5.39963 809201
5.40278 809881
5.40593 810561
5.40909 811241
5.41224 811921
5.41539 812601
5.41854 813281
5.42169 813961
5.42485 814641
5.428 815321
5.43115 816001
5.4343 816681
5.43745 817361
5.44061 818041
5.44376 818721
5.44691 819401
5.45006 820081
5.45321 820761
5.45637 821441
5.45952 822121
5.46267 822801
5.46582 823481
5.46897 824161
5.47213 824841
5.47528 825521
5.47843 826201
5.48158 826881
5.48473 827561
5.48789 828241
5.49104 828921
5.49419 829601
5.49734 830281
5.50049 830961
5.50365 831641
5.5068 832321
5.50995 833001
5.5131 833681
5.51625 834361
5.51941 835041
5.52256 835721
5.52571 836401
5.52886 837081
5.53201 837761
5.53517 838441
5.53832 839121
5.54147 839801
5.54462 840481
5.54777 841161
5.55093 841841
5.55408 842521
5.55723 843201
5.56038 843881
5.56353 844561
5.56669 845241
5.56984 845921
5.57299 846601
5.57614 847281
5.57929 847961
5.58245 848641
5.5856 849321
5.58875 850001
5.5919 850681
5.59505 851361
5.59821 852041
5.60136 852721
5.60451 853401
5.60766 854081
5.61081 854761
5.61397 855441
5.61712 856121
5.62027 856801
5.62342 857481
5.62657 858161
5.62973 858841
5.63288 859521
5.63603 860201
5.63918 860881
5.64233 861561
5.64549 862241
5.64864 862921
5.65179 863601
5.65494 864281
5.65809 864961
5.66125 865641
5.6644 866321
5.66755 867001
5.6707 867681
5.67385 868361
5.67701 869041
5.68016 869721
5.68331 870401
5.68646 871081
5.68961 871761
5.69277 872441
5.69592 873121
5.69907 873801
5.70222 874481
5.70537 875161
5.70853 875841
5.71168 876521
5.71483 877201
5.71798 877881
5.72113 878561
5.72429 879241
5.72744 879921
5.73059 880601
5.73374 881281
5.73689 881961
5.74005 882641
5.7432 883321
5.74635 884001
5.7495 884681
5.75265 885361
5.75581 886041
5.75896 886721
5.76211 887401
5.76526 888081
5.76841 888761
5.77157 889441
5.77472 890121
5.77787 890801
5.78102 891481
5.78417 892161
5.78733 892841
5.79048 893521
5.79363 894201
5.79678 894881
5.79993 895561
5.80309 896241
5.80624 896921
5.80939 897601
5.81254 898281
5.81569 898961
5.81885 899641
5.822 900321
5.82515 901001
5.8283 901681
5.83145 902361
5.83461 903041
5.83776 903721
5.84091 904401
5.84406 905081
5.84721 905761
5.85037 906441
5.85352 907121
5.85667 907801
5.85982 908481
5.86297 909161
5.86613 909841
5.86928 910521
5.87243 911201
5.87558 911881
5.87873 912561
5.88189 913241
5.88504 913921
5.88819 914601
5.89134 915281
5.89449 915961
5.89765 916641
5.9008 917321
5.90395 918001
5.9071 918681
5.91025 919361
5.91341 920041
5.91656 920721
5.91971 921401
5.92286 922081
5.92601 922761
5.92917 923441
5.93232 924121
5.93547 924801
5.93862 925481
5.94177 926161
5.94493 926841
5.94808 927521
5.95123 928201
5.95438 928881
5.95753 929561
5.96069 930241
5.96384 930921
5.96699 931601
5.97014 932281
5.97329 932961
5.97645 933641
5.9796 934321
5.98275 935001
5.9859 935681
5.98905 936361
5.99221 937041
5.99536 937721
5.99851 938401
6.00166 939081
6.00481 939761
6.00797 940441
6.01112 941121
6.01427 941801
6.01742 942481
6.02057 943161
6.02373 943841
6.02688 944521
6.03003 945201
6.03318 945881
6.03633 946561
6.03949 947241
6.04264 947921
6.04579 948601
6.04894 949281
6.05209 949961
6.05525 950641
6.0584 951321
6.06155 952001
6.0647 952681
6.06785 953361
6.07101 954041
6.07416 954721
6.07731 955401
6.08046 956081
6.08361 956761
6.08677 957441
6.08992 958121
6.09307 958801
6.09622 959481
6.09937 960161
6.10253 960841
6.10568 961521
6.10883 962201
6.11198 962881
6.11513 963561
6.11829 964241
6.12144 964921
6.12459 965601
6.12774 966281
6.13089 966961
6.13405 967641
6.1372 968321
6.14035 969001
6.1435 969681
6.14665 970361
6.14981 971041
6.15296 971721
6.15611 972401
6.15926 973081
6.16241 973761
6.16557 974441
6.16872 975121
6.17187 975801
6.17502 976481
6.17817 977161
6.18133 977841
6.18448 978521
6.18763 979201
6.19078 979881
6.19393 980561
6.19709 981241
6.20024 981921
6.20339 982601
6.20654 983281
6.20969 983961
6.21285 984641
6.216 985321
6.21915 986001
6.2223 986681
6.22545 987361
6.22861 988041
6.23176 988721
6.23491 989401
6.23806 990081
6.24121 990761
6.24437 991441
6.24752 992121
6.25067 992801
6.25382 993481
6.25697 994161
6.26013 994841
6.26328 995521
6.26643 996201
6.26958 996881
6.27273 997561
6.27589 998241
6.27904 998921
6.28219 999601
6.28534 1000281
6.28849 1000961
6.29165 1001641
6.2948 1002321
6.29795 1003001
6.3011 1003681
6.30425 1004361
6.30741 1005041
6.31056 1005721
6.31371 1006401
6.31686 1007081
6.32001 1007761
6.32316 1008441
6.32632 1009121
6.32947 1009801
6.33262 1010481
6.33577 1011161
6.33892 1011841
6.34208 1012521
6.34523 1013201
6.34838 1013881
6.35153 1014561
6.35468 1015241
6.35784 1015921
6.36099 1016601
6.36414 1017281
6.36729 1017961
6.37044 1018641
6.3736 1019321
6.37675 1020001
6.3799 1020681
6.38305 1021361
6.3862 1022041
6.38936 1022721
6.39251 1023401
6.39566 1024081
6.39881 1024761
6.40196 1025441
6.40512 1026121
6.40827 1026801
6.41142 1027481
6.41457 1028161
6.41772 1028841
6.42088 1029521
6.42403 1030201
6.42718 1030881
6.43033 1031561
6.43348 1032241
6.43664 1032921
6.43979 1033601
6.44294 1034281
6.44609 1034961
6.44924 1035641
6.4524 1036321
6.45555 1037001
6.4587 1037681
6.46185 1038361
6.465 1039041
6.46816 1039721
6.47131 1040401
6.47446 1041081
6.47761 1041761
6.48076 1042441
6.48392 1043121
6.48707 1043801
6.49022 1044481
6.49337 1045161
6.49652 1045841
6.49968 1046521
6.50283 1047201
6.50598 1047881
6.50913 1048561
6.51228 1049241
6.51544 1049921
6.51859 1050601
6.52174 1051281
6.52489 1051961
6.52804 1052641
6.5312 1053321
6.53435 1054001
6.5375 1054681
6.54065 1055361
6.5438 1056041
6.54696 1056721
6.55011 1057401
6.55326 1058081
6.55641 1058761
6.55956 1059441
6.56272 1060121
6.56587 1060801
6.56902 1061481
6.57217 1062161
6.57532 1062841
6.57848 1063521
6.58163 1064201
6.58478 1064881
6.58793 1065561
6.59108 1066241
6.59424 1066921
6.59739 1067601
6.60054 1068281
6.60369 1068961
6.60684 1069641
6.61 1070321
6.61315 1071001
6.6163 1071681
6.61945 1072361
6.6226 1073041
6.62576 1073721
6.62891 1074401
6.63206 1075081
6.63521 1075761
6.63836 1076441
6.64152 1077121
6.64467 1077801
6.64782 1078481
6.65097 1079161
6.65412 1079841
6.65728 1080521
6.66043 1081201
6.66358 1081881
6.66673 1082561
6.66988 1083241
6.67304 1083921
6.67619 1084601
6.67934 1085281
6.68249 1085961
6.68564 1086641
6.6888 1087321
6.69195 1088001
6.6951 1088681
6.69825 1089361
6.7014 1090041
6.70456 1090721
6.70771 1091401
6.71086 1092081
6.71401 1092761
6.71716 1093441
6.72032 1094121
6.72347 1094801
6.72662 1095481
6.72977 1096161
6.73292 1096841
6.73608 1097521
6.73923 1098201
6.74238 1098881
6.74553 1099561
6.74868 1100241
6.75184 1100921
6.75499 1101601
6.75814 1102281
6.76129 1102961
6.76444 1103641
6.7676 1104321
6.77075 1105001
6.7739 1105681
6.77705 1106361
6.7802 1107041
6.78336 1107721
6.78651 1108401
6.78966 1109081
6.79281 1109761
6.79596 1110441
6.79912 1111121
6.80227 1111801
6.80542 1112481
6.80857 1113161
6.81172 1113841
6.81488 1114521
6.81803 1115201
6.82118 1115881
6.82433 1116561
6.82748 1117241
6.83064 1117921
6.83379 1118601
6.83694 1119281
6.84009 1119961
6.84324 1120641
6.8464 1121321
6.84955 1122001
6.8527 1122681
6.85585 1123361
6.859 1124041
6.86216 1124721
6.86531 1125401
6.86846 1126081
6.87161 1126761
6.87476 1127441
6.87792 1128121
6.88107 1128801
6.88422 1129481
6.88737 1130161
6.89052 1130841
6.89368 1131521
6.89683 1132201
6.89998 1132881
6.90313 1133561
6.90628 1134241
6.90944 1134921
6.91259 1135601
6.91574 1136281
6.91889 1136961
6.92204 1137641
6.9252 1138321
6.92835 1139001
6.9315 1139681
6.93465 1140361
6.9378 1141041
6.94096 1141721
6.94411 1142401
6.94726 1143081
6.95041 1143761
6.95356 1144441
6.95672 1145121
6.95987 1145801
6.96302 1146481
6.96617 1147161
6.96932 1147841
6.97248 1148521
6.97563 1149201
6.97878 1149881
6.98193 1150561
6.98508 1151241
6.98824 1151921
6.99139 1152601
6.99454 1153281
6.99769 1153961
7.00084 1154641
7.004 1155321
7.00715 1156001
7.0103 1156681
7.01345 1157361
7.0166 1158041
7.01976 1158721
7.02291 1159401
7.02606 1160081
7.02921 1160761
7.03236 1161441
7.03552 1162121
7.03867 1162801
7.04182 1163481
7.04497 1164161
7.04812 1164841
7.05128 1165521
7.05443 1166201
7.05758 1166881
7.06073 1167561
7.06388 1168241
7.06704 1168921
7.07019 1169601
7.07334 1170281
7.07649 1170961
7.07964 1171641
7.0828 1172321
7.08595 1173001
7.0891 1173681
7.09225 1174361
7.0954 1175041
7.09856 1175721
7.10171 1176401
7.10486 1177081
7.10801 1177761
7.11116 1178441
7.11432 1179121
7.11747 1179801
7.12062 1180481
7.12377 1181161
7.12692 1181841
7.13008 1182521
7.13323 1183201
7.13638 1183881
7.13953 1184561
7.14268 1185241
7.14584 1185921
7.14899 1186601
7.15214 1187281
7.15529 1187961
7.15844 1188641
7.1616 1189321
7.16475 1190001
7.1679 1190681
7.17105 1191361
7.1742 1192041
7.17736 1192721
7.18051 1193401
7.18366 1194081
7.18681 1194761
7.18996 1195441
7.19312 1196121
7.19627 1196801
7.19942 1197481
7.20257 1198161
7.20572 1198841
7.20888 1199521
7.21203 1200201
7.21518 1200881
7.21833 1201561
7.22148 1202241
7.22464 1202921
7.22779 1203601
7.23094 1204281
7.23409 1204961
7.23724 1205641
7.2404 1206321
7.24355 1207001
7.2467 1207681
7.24985 1208361
7.253 1209041
7.25616 1209721
7.25931 1210401
7.26246 1211081
7.26561 1211761
7.26876 1212441
7.27192 1213121
7.27507 1213801
7.27822 1214481
7.28137 1215161
7.28452 1215841
7.28768 1216521
7.29083 1217201
7.29398 1217881
7.29713 1218561
7.30028 1219241
7.30344 1219921
7.30659 1220601
7.30974 1221281
7.31289 1221961
7.31604 1222641
7.3192 1223321
7.32235 1224001
7.3255 1224681
7.32865 1225361
7.3318 1226041
7.33496 1226721
7.33811 1227401
7.34126 1228081
7.34441 1228761
7.34756 1229441
7.35072 1230121
7.35387 1230801
7.35702 1231481
7.36017 1232161
7.36332 1232841
7.36648 1233521
7.36963 1234201
7.37278 1234881
7.37593 1235561
7.37908 1236241
7.38224 1236921
7.38539 1237601
7.38854 1238281
7.39169 1238961
7.39484 1239641
7.398 1240321
7.40115 1241001
7.4043 1241681
7.40745 1242361
7.4106 1243041
7.41376 1243721
7.41691 1244401
7.42006 1245081
7.42321 1245761
7.42636 1246441
7.42952 1247121
7.43267 1247801
7.43582 1248481
7.43897 1249161
7.44212 1249841
7.44528 1250521
7.44843 1251201
7.45158 1251881
7.45473 1252561
7.45788 1253241
7.46104 1253921
7.46419 1254601
7.46734 1255281
7.47049 1255961
7.47364 1256641
7.4768 1257321
7.47995 1258001
7.4831 1258681
7.48625 1259361
7.4894 1260041
7.49256 1260721
7.49571 1261401
7.49886 1262081
7.50201 1262761
7.50516 1263441
7.50832 1264121
7.51147 1264801
7.51462 1265481
7.51777 1266161
7.52092 1266841
7.52408 1267521
7.52723 1268201
7.53038 1268881
7.53353 1269561
7.53668 1270241
7.53984 1270921
7.54299 1271601
7.54614 1272281
7.54929 1272961
7.55244 1273641
7.5556 1274321
7.55875 1275001
7.5619 1275681
7.56505 1276361
7.5682 1277041
7.57136 1277721
7.57451 1278401
7.57766 1279081
7.58081 1279761
7.58396 1280441
7.58712 1281121
7.59027 1281801
7.59342 1282481
7.59657 1283161
7.59972 1283841
7.60288 1284521
7.60603 1285201
7.60918 1285881
7.61233 1286561
7.61548 1287241
7.61864 1287921
7.62179 1288601
7.62494 1289281
7.62809 1289961
7.63124 1290641
7.6344 1291321
7.63755 1292001
7.6407 1292681
7.64385 1293361
7.647 1294041
7.65016 1294721
7.65331 1295401
7.65646 1296081
7.65961 1296761
7.66276 1297441
7.66592 1298121
7.66907 1298801
7.67222 1299481
7.67537 1300161
7.67852 1300841
7.68168 1301521
7.68483 1302201
7.68798 1302881
7.69113 1303561
7.69428 1304241
7.69744 1304921
7.70059 1305601
7.70374 1306281
7.70689 1306961
7.71004 1307641
7.7132 1308321
7.71635 1309001
7.7195 1309681
7.72265 1310361
7.7258 1311041
7.72896 1311721
7.73211 1312401
7.73526 1313081
7.73841 1313761
7.74156 1314441
7.74472 1315121
7.74787 1315801
7.75102 1316481
7.75417 1317161
7.75732 1317841
7.76048 1318521
7.76363 1319201
7.76678 1319881
7.76993 1320561
7.77308 1321241
7.77624 1321921
7.77939 1322601
7.78254 1323281
7.78569 1323961
7.78884 1324641
7.792 1325321
7.79515 1326001
7.7983 1326681
7.80145 1327361
7.8046 1328041
7.80776 1328721
7.81091 1329401
7.81406 1330081
7.81721 1330761
7.82036 1331441
7.82352 1332121
7.82667 1332801
7.82982 1333481
7.83297 1334161
7.83612 1334841
7.83928 1335521
7.84243 1336201
7.84558 1336881
7.84873 1337561
7.85188 1338241
7.85504 1338921
7.85819 1339601
7.86134 1340281
7.86449 1340961
7.86764 1341641
7.8708 1342321
7.87395 1343001
7.8771 1343681
7.88025 1344361
7.8834 1345041
7.88656 1345721
7.88971 1346401
7.89286 1347081
7.89601 1347761
7.89916 1348441
7.90232 1349121
7.90547 1349801
7.90862 1350481
7.91177 1351161
7.91492 1351841
7.91808 1352521
7.92123 1353201
7.92438 1353881
7.92753 1354561
7.93068 1355241
7.93384 1355921
7.93699 1356601
7.94014 1357281
7.94329 1357961
7.94644 1358641
7.9496 1359321
7.95275 1360001
7.9559 1360681
7.95905 1361361
7.9622 1362041
7.96536 1362721
7.96851 1363401
7.97166 1364081
7.97481 1364761
7.97796 1365441
7.98112 1366121
7.98427 1366801
7.98742 1367481
7.99057 1368161
7.99372 1368841
7.99688 1369521
8.00003 1370201
8.00318 1370881
8.00633 1371561
8.00948 1372241
8.01264 1372921
8.01579 1373601
8.01894 1374281
8.02209 1374961
8.02524 1375641
8.0284 1376321
8.03155 1377001
8.0347 1377681
8.03785 1378361
8.041 1379041
8.04416 1379721
8.04731 1380401
8.05046 1381081
8.05361 1381761
8.05676 1382441
8.05992 1383121
8.06307 1383801
8.06622 1384481
8.06937 1385161
8.07252 1385841
8.07568 1386521
8.07883 1387201
8.08198 1387881
8.08513 1388561
8.08828 1389241
8.09144 1389921
8.09459 1390601
8.09774 1391281
8.10089 1391961
8.10404 1392641
8.1072 1393321
8.11035 1394001
8.1135 1394681
8.11665 1395361
8.1198 1396041
8.12296 1396721
8.12611 1397401
8.12926 1398081
8.13241 1398761
8.13556 1399441
8.13872 1400121
8.14187 1400801
8.14502 1401481
8.14817 1402161
8.15132 1402841
8.15448 1403521
8.15763 1404201
8.16078 1404881
8.16393 1405561
8.16708 1406241
8.17024 1406921
8.17339 1407601
8.17654 1408281
8.17969 1408961
8.18284 1409641
8.186 1410321
8.18915 1411001
8.1923 1411681
8.19545 1412361
8.1986 1413041
8.20176 1413721
8.20491 1414401
8.20806 1415081
8.21121 1415761
8.21436 1416441
8.21752 1417121
8.22067 1417801
8.22382 1418481
8.22697 1419161
8.23012 1419841
8.23328 1420521
8.23643 1421201
8.23958 1421881
8.24273 1422561
8.24588 1423241
8.24904 1423921
8.25219 1424601
8.25534 1425281
8.25849 1425961
8.26164 1426641
8.2648 1427321
8.26795 1428001
8.2711 1428681
8.27425 1429361
8.2774 1430041
8.28056 1430721
8.28371 1431401
8.28686 1432081
8.29001 1432761
8.29316 1433441
8.29632 1434121
8.29947 1434801
8.30262 1435481
8.30577 1436161
8.30892 1436841
8.31208 1437521
8.31523 1438201
8.31838 1438881
8.32153 1439561
8.32468 1440241
8.32784 1440921
8.33099 1441601
8.33414 1442281
8.33729 1442961
8.34044 1443641
8.3436 1444321
8.34675 1445001
8.3499 1445681
8.35305 1446361
8.3562 1447041
8.35936 1447721
8.36251 1448401
8.36566 1449081
8.36881 1449761
8.37196 1450441
8.37512 1451121
8.37827 1451801
8.38142 1452481
8.38457 1453161
8.38772 1453841
8.39088 1454521
8.39403 1455201
8.39718 1455881
8.40033 1456561
8.40348 1457241
8.40664 1457921
8.40979 1458601
8.41294 1459281
8.41609 1459961
8.41924 1460641
8.4224 1461321
8.42555 1462001
8.4287 1462681
8.43185 1463361
8.435 1464041
8.43816 1464721
8.44131 1465401
8.44446 1466081
8.44761 1466761
8.45076 1467441
8.45392 1468121
8.45707 1468801
8.46022 1469481
8.46337 1470161
8.46652 1470841
8.46968 1471521
8.47283 1472201
8.47598 1472881
8.47913 1473561
8.48228 1474241
8.48544 1474921
8.48859 1475601
8.49174 1476281
8.49489 1476961
8.49804 1477641
8.5012 1478321
8.50435 1479001
8.5075 1479681
8.51065 1480361
8.5138 1481041
8.51696 1481721
8.52011 1482401
8.52326 1483081
8.52641 1483761
8.52956 1484441
8.53272 1485121
8.53587 1485801
8.53902 1486481
8.54217 1487161
8.54532 1487841
8.54848 1488521
8.55163 1489201
8.55478 1489881
8.55793 1490561
8.56108 1491241
8.56424 1491921
8.56739 1492601
8.57054 1493281
8.57369 1493961
8.57684 1494641
8.58 1495321
8.58315 1496001
8.5863 1496681
8.58945 1497361
8.5926 1498041
8.59576 1498721
8.59891 1499401
8.60206 1500081
8.60521 1500761
8.60836 1501441
8.61152 1502121
8.61467 1502801
8.61782 1503481
8.62097 1504161
8.62412 1504841
8.62728 1505521
8.63043 1506201
8.63358 1506881
8.63673 1507561
8.63988 1508241
8.64304 1508921
8.64619 1509601
8.64934 1510281
8.65249 1510961
8.65564 1511641
8.6588 1512321
8.66195 1513001
8.6651 1513681
8.66825 1514361
8.6714 1515041
8.67456 1515721
8.67771 1516401
8.68086 1517081
8.68401 1517761
8.68716 1518441
8.69032 1519121
8.69347 1519801
8.69662 1520481
8.69977 1521161
8.70292 1521841
8.70608 1522521
8.70923 1523201
8.71238 1523881
8.71553 1524561
8.71868 1525241
8.72184 1525921
8.72499 1526601
8.72814 1527281
8.73129 1527961
8.73444 1528641
8.7376 1529321
8.74075 1530001
8.7439 1530681
8.74705 1531361
8.7502 1532041
8.75336 1532721
8.75651 1533401
8.75966 1534081
8.76281 1534761
8.76596 1535441
8.76912 1536121
8.77227 1536801
8.77542 1537481
8.77857 1538161
8.78172 1538841
8.78488 1539521
8.78803 1540201
8.79118 1540881
8.79433 1541561
8.79748 1542241
8.80064 1542921
8.80379 1543601
8.80694 1544281
8.81009 1544961
8.81324 1545641
8.8164 1546321
8.81955 1547001
8.8227 1547681
8.82585 1548361
8.829 1549041
8.83216 1549721
8.83531 1550401
8.83846 1551081
8.84161 1551761
8.84476 1552441
8.84792 1553121
8.85107 1553801
8.85422 1554481
8.85737 1555161
8.86052 1555841
8.86368 1556521
8.86683 1557201
8.86998 1557881
8.87313 1558561
8.87628 1559241
8.87944 1559921
8.88259 1560601
8.88574 1561281
8.88889 1561961
8.89204 1562641
8.8952 1563321
8.89835 1564001
8.9015 1564681
8.90465 1565361
8.9078 1566041
8.91096 1566721
8.91411 1567401
8.91726 1568081
8.92041 1568761
8.92356 1569441
8.92672 1570121
8.92987 1570801
8.93302 1571481
8.93617 1572161
8.93932 1572841
8.94248 1573521
8.94563 1574201
8.94878 1574881
8.95193 1575561
8.95508 1576241
8.95824 1576921
8.96139 1577601
8.96454 1578281
8.96769 1578961
8.97084 1579641
8.974 1580321
8.97715 1581001
8.9803 1581681
8.98345 1582361
8.9866 1583041
8.98976 1583721
8.99291 1584401
8.99606 1585081
8.99921 1585761
9.00236 1586441
9.00552 1587121
9.00867 1587801
9.01182 1588481
9.01497 1589161
9.01812 1589841
9.02128 1590521
9.02443 1591201
9.02758 1591881
9.03073 1592561
9.03388 1593241
9.03704 1593921
9.04019 1594601
9.04334 1595281
9.04649 1595961
9.04964 1596641
9.0528 1597321
9.05595 1598001
9.0591 1598681
9.06225 1599361
9.0654 1600041
9.06856 1600721
9.07171 1601401
9.07486 1602081
9.07801 1602761
9.08116 1603441
9.08432 1604121
9.08747 1604801
9.09062 1605481
9.09377 1606161
9.09692 1606841
9.10008 1607521
9.10323 1608201
9.10638 1608881
9.10953 1609561
9.11268 1610241
9.11584 1610921
9.11899 1611601
9.12214 1612281
9.12529 1612961
9.12844 1613641
9.1316 1614321
9.13475 1615001
9.1379 1615681
9.14105 1616361
9.1442 1617041
9.14736 1617721
9.15051 1618401
9.15366 1619081
9.15681 1619761
9.15996 1620441
9.16312 1621121
9.16627 1621801
9.16942 1622481
9.17257 1623161
9.17572 1623841
9.17888 1624521
9.18203 1625201
9.18518 1625881
9.18833 1626561
9.19148 1627241
9.19464 1627921
9.19779 1628601
9.20094 1629281
9.20409 1629961
9.20724 1630641
9.2104 1631321
9.21355 1632001
9.2167 1632681
9.21985 1633361
9.223 1634041
9.22616 1634721
9.22931 1635401
9.23246 1636081
9.23561 1636761
9.23876 1637441
9.24192 1638121
9.24507 1638801
9.24822 1639481
9.25137 1640161
9.25452 1640841
9.25768 1641521
9.26083 1642201
9.26398 1642881
9.26713 1643561
9.27028 1644241
9.27344 1644921
9.27659 1645601
9.27974 1646281
9.28289 1646961
9.28604 1647641
9.2892 1648321
9.29235 1649001
9.2955 1649681
9.29865 1650361
9.3018 1651041
9.30496 1651721
9.30811 1652401
9.31126 1653081
9.31441 1653761
9.31756 1654441
9.32072 1655121
9.32387 1655801
9.32702 1656481
9.33017 1657161
9.33332 1657841
9.33648 1658521
9.33963 1659201
9.34278 1659881
9.34593 1660561
9.34908 1661241
9.35224 1661921
9.35539 1662601
9.35854 1663281
9.36169 1663961
9.36484 1664641
9.368 1665321
9.37115 1666001
9.3743 1666681
9.37745 1667361
9.3806 1668041
9.38376 1668721
9.38691 1669401
9.39006 1670081
9.39321 1670761
9.39636 1671441
9.39952 1672121
9.40267 1672801
9.40582 1673481
9.40897 1674161
9.41212 1674841
9.41528 1675521
9.41843 1676201
9.42158 1676881
9.42473 1677561
9.42788 1678241
9.43104 1678921
9.43419 1679601
9.43734 1680281
9.44049 1680961
9.44364 1681641
9.4468 1682321
9.44995 1683001
9.4531 1683681
9.45625 1684361
9.4594 1685041
9.46256 1685721
9.46571 1686401
9.46886 1687081
9.47201 1687761
9.47516 1688441
9.47831 1689121
9.48147 1689801
9.48462 1690481
9.48777 1691161
9.49092 1691841
9.49407 1692521
9.49723 1693201
9.50038 1693881
9.50353 1694561
9.50668 1695241
9.50983 1695921
9.51299 1696601
9.51614 1697281
9.51929 1697961
9.52244 1698641
9.52559 1699321
9.52875 1700001
9.5319 1700681
9.53505 1701361
9.5382 1702041
9.54135 1702721
9.54451 1703401
9.54766 1704081
9.55081 1704761
9.55396 1705441
9.55711 1706121
9.56027 1706801
9.56342 1707481
9.56657 1708161
9.56972 1708841
9.57287 1709521
9.57603 1710201
9.57918 1710881
9.58233 1711561
9.58548 1712241
9.58863 1712921
9.59179 1713601
9.59494 1714281
9.59809 1714961
9.60124 1715641
9.60439 1716321
9.60755 1717001
9.6107 1717681
9.61385 1718361
9.617 1719041
9.62015 1719721
9.62331 1720401
9.62646 1721081
9.62961 1721761
9.63276 1722441
9.63591 1723121
9.63907 1723801
9.64222 1724481
9.64537 1725161
9.64852 1725841
9.65167 1726521
9.65483 1727201
9.65798 1727881
9.66113 1728561
9.66428 1729241
9.66743 1729921
9.67059 1730601
9.67374 1731281
9.67689 1731961
9.68004 1732641
9.68319 1733321
9.68635 1734001
9.6895 1734681
9.69265 1735361
9.6958 1736041
9.69895 1736721
9.70211 1737401
9.70526 1738081
9.70841 1738761
9.71156 1739441
9.71471 1740121
9.71787 1740801
9.72102 1741481
9.72417 1742161
9.72732 1742841
9.73047 1743521
9.73363 1744201
9.73678 1744881
9.73993 1745561
9.74308 1746241
9.74623 1746921
9.74939 1747601
9.75254 1748281
9.75569 1748961
9.75884 1749641
9.76199 1750321
9.76515 1751001
9.7683 1751681
9.77145 1752361
9.7746 1753041
9.77775 1753721
9.78091 1754401
9.78406 1755081
9.78721 1755761
9.79036 1756441
9.79351 1757121
9.79667 1757801
9.79982 1758481
9.80297 1759161
9.80612 1759841
9.80927 1760521
9.81243 1761201
9.81558 1761881
9.81873 1762561
9.82188 1763241
9.82503 1763921
9.82819 1764601
9.83134 1765281
9.83449 1765961
9.83764 1766641
9.84079 1767321
9.84395 1768001
9.8471 1768681
9.85025 1769361
9.8534 1770041
9.85655 1770721
9.85971 1771401
9.86286 1772081
9.86601 1772761
9.86916 1773441
9.87231 1774121
9.87547 1774801
9.87862 1775481
9.88177 1776161
9.88492 1776841
9.88807 1777521
9.89123 1778201
9.89438 1778881
9.89753 1779561
9.90068 1780241
9.90383 1780921
9.90699 1781601
9.91014 1782281
9.91329 1782961
9.91644 1783641
9.91959 1784321
9.92275 1785001
9.9259 1785681
9.92905 1786361
9.9322 1787041
9.93535 1787721
9.93851 1788401
9.94166 1789081
9.94481 1789761
9.94796 1790441
9.95111 1791121
9.95427 1791801
9.95742 1792481
9.96057 1793161
9.96372 1793841
9.96687 1794521
9.97003 1795201
9.97318 1795881
9.97633 1796561
9.97948 1797241
9.98263 1797921
9.98579 1798601
9.98894 1799281
9.99209 1799961
9.99524 1800641
9.99839 1801321
10.0015 1802001
10.0047 1802681
10.0079 1803361
10.011 1804041
10.0142 1804721
10.0173 1805401
10.0205 1806081
10.0236 1806761
10.0268 1807441
10.0299 1808121
10.0331 1808801
10.0362 1809481
10.0394 1810161
10.0425 1810841
10.0457 1811521
10.0488 1812201
10.052 1812881
10.0551 1813561
10.0583 1814241
10.0614 1814921
10.0646 1815601
10.0677 1816281
10.0709 1816961
10.074 1817641
10.0772 1818321
10.0803 1819001
10.0835 1819681
10.0867 1820361
10.0898 1821041
10.093 1821721
10.0961 1822401
10.0993 1823081
10.1024 1823761
10.1056 1824441
10.1087 1825121
10.1119 1825801
10.115 1826481
10.1182 1827161
10.1213 1827841
10.1245 1828521
10.1276 1829201
10.1308 1829881
10.1339 1830561
10.1371 1831241
10.1402 1831921
10.1434 1832601
10.1465 1833281
10.1497 1833961
10.1528 1834641
10.156 1835321
10.1591 1836001
10.1623 1836681
10.1655 1837361
10.1686 1838041
10.1718 1838721
10.1749 1839401
10.1781 1840081
10.1812 1840761
10.1844 1841441
10.1875 1842121
10.1907 1842801
10.1938 1843481
10.197 1844161
10.2001 1844841
10.2033 1845521
10.2064 1846201
10.2096 1846881
10.2127 1847561
10.2159 1848241
10.219 1848921
10.2222 1849601
10.2253 1850281
10.2285 1850961
10.2316 1851641
10.2348 1852321
10.2379 1853001
10.2411 1853681
10.2443 1854361
10.2474 1855041
10.2506 1855721
10.2537 1856401
10.2569 1857081
10.26 1857761
10.2632 1858441
10.2663 1859121
10.2695 1859801
10.2726 1860481
10.2758 1861161
10.2789 1861841
10.2821 1862521
10.2852 1863201
10.2884 1863881
10.2915 1864561
10.2947 1865241
10.2978 1865921
10.301 1866601
10.3041 1867281
10.3073 1867961
10.3104 1868641
10.3136 1869321
10.3167 1870001
10.3199 1870681
10.3231 1871361
10.3262 1872041
10.3294 1872721
10.3325 1873401
10.3357 1874081
10.3388 1874761
10.342 1875441
10.3451 1876121
10.3483 1876801
10.3514 1877481
10.3546 1878161
10.3577 1878841
10.3609 1879521
10.364 1880201
10.3672 1880881
10.3703 1881561
10.3735 1882241
10.3766 1882921
10.3798 1883601
10.3829 1884281
10.3861 1884961
10.3892 1885641
10.3924 1886321
10.3955 1887001
10.3987 1887681
10.4019 1888361
10.405 1889041
10.4082 1889721
10.4113 1890401
10.4145 1891081
10.4176 1891761
10.4208 1892441
10.4239 1893121
10.4271 1893801
10.4302 1894481
10.4334 1895161
10.4365 1895841
10.4397 1896521
10.4428 1897201
10.446 1897881
10.4491 1898561
10.4523 1899241
10.4554 1899921
10.4586 1900601
10.4617 1901281
10.4649 1901961
10.468 1902641
10.4712 1903321
10.4743 1904001
10.4775 1904681
10.4807 1905361
10.4838 1906041
10.487 1906721
10.4901 1907401
10.4933 1908081
10.4964 1908761
10.4996 1909441
10.5027 1910121
10.5059 1910801
10.509 1911481
10.5122 1912161
10.5153 1912841
10.5185 1913521
10.5216 1914201
10.5248 1914881
10.5279 1915561
10.5311 1916241
10.5342 1916921
10.5374 1917601
10.5405 1918281
10.5437 1918961
10.5468 1919641
10.55 1920321
10.5531 1921001
10.5563 1921681
10.5595 1922361
10.5626 1923041
10.5658 1923721
10.5689 1924401
10.5721 1925081
10.5752 1925761
10.5784 1926441
10.5815 1927121
10.5847 1927801
10.5878 1928481
10.591 1929161
10.5941 1929841
10.5973 1930521
10.6004 1931201
10.6036 1931881
10.6067 1932561
10.6099 1933241
10.613 1933921
10.6162 1934601
10.6193 1935281
10.6225 1935961
10.6256 1936641
10.6288 1937321
10.6319 1938001
10.6351 1938681
10.6383 1939361
10.6414 1940041
10.6446 1940721
10.6477 1941401
10.6509 1942081
10.654 1942761
10.6572 1943441
10.6603 1944121
10.6635 1944801
10.6666 1945481
10.6698 1946161
10.6729 1946841
10.6761 1947521
10.6792 1948201
10.6824 1948881
10.6855 1949561
10.6887 1950241
10.6918 1950921
10.695 1951601
10.6981 1952281
10.7013 1952961
10.7044 1953641
10.7076 1954321
10.7107 1955001
10.7139 1955681
10.7171 1956361
10.7202 1957041
10.7234 1957721
10.7265 1958401
10.7297 1959081
10.7328 1959761
10.736 1960441
10.7391 1961121
10.7423 1961801
10.7454 1962481
10.7486 1963161
10.7517 1963841
10.7549 1964521
10.758 1965201
10.7612 1965881
10.7643 1966561
10.7675 1967241
10.7706 1967921
10.7738 1968601
10.7769 1969281
10.7801 1969961
10.7832 1970641
10.7864 1971321
10.7895 1972001
10.7927 1972681
10.7959 1973361
10.799 1974041
10.8022 1974721
10.8053 1975401
10.8085 1976081
10.8116 1976761
10.8148 1977441
10.8179 1978121
10.8211 1978801
10.8242 1979481
10.8274 1980161
10.8305 1980841
10.8337 1981521
10.8368 1982201
10.84 1982881
10.8431 1983561
10.8463 1984241
10.8494 1984921
10.8526 1985601
10.8557 1986281
10.8589 1986961
10.862 1987641
10.8652 1988321
10.8683 1989001
10.8715 1989681
10.8747 1990361
10.8778 1991041
10.881 1991721
10.8841 1992401
10.8873 1993081
10.8904 1993761
10.8936 1994441
10.8967 1995121
10.8999 1995801
10.903 1996481
10.9062 1997161
10.9093 1997841
10.9125 1998521
10.9156 1999201
10.9188 1999881
10.9219 2000561
10.9251 2001241
10.9282 2001921
10.9314 2002601
10.9345 2003281
10.9377 2003961
10.9408 2004641
10.944 2005321
10.9471 2006001
10.9503 2006681
10.9535 2007361
10.9566 2008041
10.9598 2008721
10.9629 2009401
10.9661 2010081
10.9692 2010761
10.9724 2011441
10.9755 2012121
10.9787 2012801
10.9818 2013481
10.985 2014161
10.9881 2014841
10.9913 2015521
10.9944 2016201
10.9976 2016881
11.0007 2017561
11.0039 2018241
11.007 2018921
11.0102 2019601
11.0133 2020281
11.0165 2020961
11.0196 2021641
11.0228 2022321
11.0259 2023001
11.0291 2023681
11.0323 2024361
11.0354 2025041
11.0386 2025721
11.0417 2026401
11.0449 2027081
11.048 2027761
11.0512 2028441
11.0543 2029121
11.0575 2029801
11.0606 2030481
11.0638 2031161
11.0669 2031841
11.0701 2032521
11.0732 2033201
11.0764 2033881
11.0795 2034561
11.0827 2035241
11.0858 2035921
11.089 2036601
11.0921 2037281
11.0953 2037961
11.0984 2038641
11.1016 2039321
11.1047 2040001
11.1079 2040681
11.111 2041361
11.1142 2042041
11.1174 2042721
11.1205 2043401
11.1237 2044081
11.1268 2044761
11.13 2045441
11.1331 2046121
11.1363 2046801
11.1394 2047481
11.1426 2048161
11.1457 2048841
11.1489 2049521
11.152 2050201
11.1552 2050881
11.1583 2051561
11.1615 2052241
11.1646 2052921
11.1678 2053601
11.1709 2054281
11.1741 2054961
11.1772 2055641
11.1804 2056321
11.1835 2057001
11.1867 2057681
11.1898 2058361
11.193 2059041
11.1962 2059721
11.1993 2060401
11.2025 2061081
11.2056 2061761
11.2088 2062441
11.2119 2063121
11.2151 2063801
11.2182 2064481
11.2214 2065161
11.2245 2065841
11.2277 2066521
11.2308 2067201
11.234 2067881
11.2371 2068561
11.2403 2069241
11.2434 2069921
11.2466 2070601
11.2497 2071281
11.2529 2071961
11.256 2072641
11.2592 2073321
11.2623 2074001
11.2655 2074681
11.2686 2075361
11.2718 2076041
11.275 2076721
11.2781 2077401
11.2813 2078081
11.2844 2078761
11.2876 2079441
11.2907 2080121
11.2939 2080801
11.297 2081481
11.3002 2082161
11.3033 2082841
11.3065 2083521
11.3096 2084201
11.3128 2084881
11.3159 2085561
11.3191 2086241
11.3222 2086921
11.3254 2087601
11.3285 2088281
11.3317 2088961
11.3348 2089641
11.338 2090321
11.3411 2091001
11.3443 2091681
11.3474 2092361
11.3506 2093041
11.3538 2093721
11.3569 2094401
11.3601 2095081
11.3632 2095761
11.3664 2096441
11.3695 2097121
11.3727 2097801
11.3758 2098481
11.379 2099161
11.3821 2099841
11.3853 2100521
11.3884 2101201
11.3916 2101881
11.3947 2102561
11.3979 2103241
11.401 2103921
11.4042 2104601
11.4073 2105281
11.4105 2105961
11.4136 2106641
11.4168 2107321
11.4199 2108001
11.4231 2108681
11.4262 2109361
11.4294 2110041
11.4326 2110721
11.4357 2111401
11.4389 2112081
11.442 2112761
11.4452 2113441
11.4483 2114121
11.4515 2114801
11.4546 2115481
11.4578 2116161
11.4609 2116841
11.4641 2117521
11.4672 2118201
11.4704 2118881
11.4735 2119561
11.4767 2120241
11.4798 2120921
11.483 2121601
11.4861 2122281
11.4893 2122961
11.4924 2123641
11.4956 2124321
11.4987 2125001
11.5019 2125681
11.505 2126361
11.5082 2127041
11.5114 2127721
11.5145 2128401
11.5177 2129081
11.5208 2129761
11.524 2130441
11.5271 2131121
11.5303 2131801
11.5334 2132481
11.5366 2133161
11.5397 2133841
11.5429 2134521
11.546 2135201
11.5492 2135881
11.5523 2136561
11.5555 2137241
11.5586 2137921
11.5618 2138601
11.5649 2139281
11.5681 2139961
11.5712 2140641
11.5744 2141321
11.5775 2142001
11.5807 2142681
11.5838 2143361
11.587 2144041
11.5902 2144721
11.5933 2145401
11.5965 2146081
11.5996 2146761
11.6028 2147441
11.6059 2148121
11.6091 2148801
11.6122 2149481
11.6154 2150161
11.6185 2150841
11.6217 2151521
11.6248 2152201
11.628 2152881
11.6311 2153561
11.6343 2154241
11.6374 2154921
11.6406 2155601
11.6437 2156281
11.6469 2156961
11.65 2157641
11.6532 2158321
11.6563 2159001
11.6595 2159681
11.6626 2160361
11.6658 2161041
11.669 2161721
11.6721 2162401
11.6753 2163081
11.6784 2163761
11.6816 2164441
11.6847 2165121
11.6879 2165801
11.691 2166481
11.6942 2167161
11.6973 2167841
11.7005 2168521
11.7036 2169201
11.7068 2169881
11.7099 2170561
11.7131 2171241
11.7162 2171921
11.7194 2172601
11.7225 2173281
11.7257 2173961
11.7288 2174641
11.732 2175321
11.7351 2176001
11.7383 2176681
11.7414 2177361
11.7446 2178041
11.7478 2178721
11.7509 2179401
11.7541 2180081
11.7572 2180761
11.7604 2181441
11.7635 2182121
11.7667 2182801
11.7698 2183481
11.773 2184161
11.7761 2184841
11.7793 2185521
11.7824 2186201
11.7856 2186881
11.7887 2187561
11.7919 2188241
11.795 2188921
11.7982 2189601
11.8013 2190281
11.8045 2190961
11.8076 2191641
11.8108 2192321
11.8139 2193001
11.8171 2193681
11.8202 2194361
11.8234 2195041
11.8266 2195721
11.8297 2196401
11.8329 2197081
11.836 2197761
11.8392 2198441
11.8423 2199121
11.8455 2199801
11.8486 2200481
11.8518 2201161
11.8549 2201841
11.8581 2202521
11.8612 2203201
11.8644 2203881
11.8675 2204561
11.8707 2205241
11.8738 2205921
11.877 2206601
11.8801 2207281
11.8833 2207961
11.8864 2208641
11.8896 2209321
11.8927 2210001
11.8959 2210681
11.899 2211361
11.9022 2212041
11.9054 2212721
11.9085 2213401
11.9117 2214081
11.9148 2214761
11.918 2215441
11.9211 2216121
11.9243 2216801
11.9274 2217481
11.9306 2218161
11.9337 2218841
11.9369 2219521
11.94 2220201
11.9432 2220881
11.9463 2221561
11.9495 2222241
11.9526 2222921
11.9558 2223601
11.9589 2224281
11.9621 2224961
11.9652 2225641
11.9684 2226321
11.9715 2227001
11.9747 2227681
11.9778 2228361
11.981 2229041
11.9842 2229721
11.9873 2230401
11.9905 2231081
11.9936 2231761
11.9968 2232441
11.9999 2233121
12.0031 2233801
12.0062 2234481
12.0094 2235161
12.0125 2235841
12.0157 2236521
12.0188 2237201
12.022 2237881
12.0251 2238561
12.0283 2239241
12.0314 2239921
12.0346 2240601
12.0377 2241281
12.0409 2241961
12.044 2242641
12.0472 2243321
12.0503 2244001
12.0535 2244681
12.0566 2245361
12.0598 2246041
12.063 2246721
12.0661 2247401
12.0693 2248081
12.0724 2248761
12.0756 2249441
12.0787 2250121
12.0819 2250801
12.085 2251481
12.0882 2252161
12.0913 2252841
12.0945 2253521
12.0976 2254201
12.1008 2254881
12.1039 2255561
12.1071 2256241
12.1102 2256921
12.1134 2257601
12.1165 2258281
12.1197 2258961
12.1228 2259641
12.126 2260321
12.1291 2261001
12.1323 2261681
12.1354 2262361
12.1386 2263041
12.1418 2263721
12.1449 2264401
12.1481 2265081
12.1512 2265761
12.1544 2266441
12.1575 2267121
12.1607 2267801
12.1638 2268481
12.167 2269161
12.1701 2269841
12.1733 2270521
12.1764 2271201
12.1796 2271881
12.1827 2272561
12.1859 2273241
12.189 2273921
12.1922 2274601
12.1953 2275281
12.1985 2275961
12.2016 2276641
12.2048 2277321
12.2079 2278001
12.2111 2278681
12.2142 2279361
12.2174 2280041
12.2206 2280721
12.2237 2281401
12.2269 2282081
12.23 2282761
12.2332 2283441
12.2363 2284121
12.2395 2284801
12.2426 2285481
12.2458 2286161
12.2489 2286841
12.2521 2287521
12.2552 2288201
12.2584 2288881
12.2615 2289561
12.2647 2290241
12.2678 2290921
12.271 2291601
12.2741 2292281
12.2773 2292961
12.2804 2293641
12.2836 2294321
12.2867 2295001
12.2899 2295681
12.293 2296361
12.2962 2297041
12.2994 2297721
12.3025 2298401
12.3057 2299081
12.3088 2299761
12.312 2300441
12.3151 2301121
12.3183 2301801
12.3214 2302481
12.3246 2303161
12.3277 2303841
12.3309 2304521
12.334 2305201
12.3372 2305881
12.3403 2306561
12.3435 2307241
12.3466 2307921
12.3498 2308601
12.3529 2309281
12.3561 2309961
12.3592 2310641
12.3624 2311321
12.3655 2312001
12.3687 2312681
12.3718 2313361
12.375 2314041
12.3782 2314721
12.3813 2315401
12.3845 2316081
12.3876 2316761
12.3908 2317441
12.3939 2318121
12.3971 2318801
12.4002 2319481
12.4034 2320161
12.4065 2320841
12.4097 2321521
12.4128 2322201
12.416 2322881
12.4191 2323561
12.4223 2324241
12.4254 2324921
12.4286 2325601
12.4317 2326281
12.4349 2326961
12.438 2327641
12.4412 2328321
12.4443 2329001
12.4475 2329681
12.4506 2330361
12.4538 2331041
12.457 2331721
12.4601 2332401
12.4633 2333081
12.4664 2333761
12.4696 2334441
12.4727 2335121
12.4759 2335801
12.479 2336481
12.4822 2337161
12.4853 2337841
12.4885 2338521
12.4916 2339201
12.4948 2339881
12.4979 2340561
12.5011 2341241
12.5042 2341921
12.5074 2342601
12.5105 2343281
12.5137 2343961
12.5168 2344641
12.52 2345321
12.5231 2346001
12.5263 2346681
12.5294 2347361
12.5326 2348041
12.5358 2348721
12.5389 2349401
12.5421 2350081
12.5452 2350761
12.5484 2351441
12.5515 2352121
12.5547 2352801
12.5578 2353481
12.561 2354161
12.5641 2354841
12.5673 2355521
12.5704 2356201
12.5736 2356881
12.5767 2357561
12.5799 2358241
12.583 2358921
12.5862 2359601
12.5893 2360281
12.5925 2360961
12.5956 2361641
12.5988 2362321
12.6019 2363001
12.6051 2363681
12.6082 2364361
12.6114 2365041
12.6146 2365721
12.6177 2366401
12.6209 2367081
12.624 2367761
12.6272 2368441
12.6303 2369121
12.6335 2369801
12.6366 2370481
12.6398 2371161
12.6429 2371841
12.6461 2372521
12.6492 2373201
12.6524 2373881
12.6555 2374561
12.6587 2375241
12.6618 2375921
12.665 2376601
12.6681 2377281
12.6713 2377961
12.6744 2378641
12.6776 2379321
12.6807 2380001
12.6839 2380681
12.687 2381361
12.6902 2382041
12.6934 2382721
12.6965 2383401
12.6997 2384081
12.7028 2384761
12.706 2385441
12.7091 2386121
12.7123 2386801
12.7154 2387481
12.7186 2388161
12.7217 2388841
12.7249 2389521
12.728 2390201
12.7312 2390881
12.7343 2391561
12.7375 2392241
12.7406 2392921
12.7438 2393601
12.7469 2394281
12.7501 2394961
12.7532 2395641
12.7564 2396321
12.7595 2397001
12.7627 2397681
12.7658 2398361
12.769 2399041
12.7722 2399721
12.7753 2400401
12.7785 2401081
12.7816 2401761
12.7848 2402441
12.7879 2403121
12.7911 2403801
12.7942 2404481
12.7974 2405161
12.8005 2405841
12.8037 2406521
13.1458 2429301
13.182 2450041
13.2781 2469421
13.3679 2528241
13.371 2528921
13.3742 2529601
13.3773 2530281
13.3805 2530961
13.3836 2531641
13.3868 2532321
13.3899 2533001
13.3931 2533681
13.3962 2534361
13.3994 2535041
13.4026 2535721
13.4057 2536401
13.4089 2537081
13.412 2537761
13.4152 2538441
13.4183 2539121
13.423 2539801
13.4262 2540481
13.4293 2541161
13.4325 2541841
13.4356 2542521
13.4388 2543201
13.442 2543881
13.4451 2544561
13.4483 2545241
13.4514 2545921
13.4546 2546601
13.4577 2546941
13.4609 2547621
13.464 2548301
13.4672 2548981
13.4703 2549661
13.4735 2550341
13.4766 2551021
13.4798 2551701
13.4829 2552381
13.4861 2553061
13.4892 2553741
13.4924 2554421
13.4955 2555101
13.4987 2555781
13.5018 2556461
13.505 2557141
13.5081 2557821
13.5113 2558501
13.5144 2559181
13.5176 2559861
13.5208 2560541
13.5239 2561221
13.5271 2561901
13.5302 2562581
13.5334 2563261
13.5365 2563941
13.5397 2564621
13.5428 2565301
13.546 2565981
13.5491 2566661
13.5523 2567341
13.5554 2567681
13.5586 2568361
13.5617 2569041
13.5649 2569721
13.568 2570401
13.5712 2571081
13.5743 2571761
13.5775 2572441
13.5806 2573121
13.5838 2573801
13.5869 2574481
13.5901 2575161
13.5932 2575841
13.5964 2576521
13.5996 2577201
13.6027 2577881
13.6059 2578561
13.609 2579241
13.6122 2579921
13.6153 2580601
13.6185 2581281
13.6216 2581961
13.6248 2582641
13.6279 2583321
13.6311 2584001
13.6342 2584681
13.6374 2585361
13.6405 2586041
13.6437 2586721
13.6468 2587401
13.65 2588081
13.6531 2588761
13.6563 2589441
13.6594 2590121
13.6626 2590801
13.6657 2591481
13.6689 2592161
13.672 2592841
13.6752 2593521
13.6784 2594201
13.6815 2594881
13.6847 2595561
13.6878 2596241
13.691 2596921
13.6941 2597601
13.6973 2598281
13.7004 2598961
13.7036 2599641
13.7067 2600321
13.7099 2601001
13.713 2601681
13.7162 2602361
13.7193 2603041
13.7225 2603721
13.7256 2604401
13.7288 2605081
13.7319 2605761
13.7351 2606441
13.7382 2607121
13.7414 2607801
13.7445 2608481
13.7477 2609161
13.7508 2609841
13.754 2610521
13.7572 2611201
13.7603 2611881
13.7635 2612561
13.7666 2613241
13.7698 2613921
13.7729 2614601
13.7761 2615281
13.7792 2615961
13.7824 2616641
13.7855 2617321
13.7887 2618001
13.7918 2618681
13.795 2619361
13.7981 2620041
13.8013 2620721
13.8044 2621401
13.8076 2622081
13.8107 2622761
13.8139 2623441
13.817 2624121
13.8202 2624801
13.8233 2625481
13.8265 2626161
13.8296 2626841
13.8328 2627521
13.836 2628201
13.8391 2628881
13.8423 2629561
13.8454 2630241
13.8486 2630921
13.8517 2631601
13.8549 2632281
13.858 2632961
13.8612 2633641
13.8643 2634321
13.8675 2635001
13.8706 2635681
13.8738 2636361
13.8769 2637041
13.8801 2637721
13.8832 2638401
13.8864 2639081
13.8895 2639761
13.8927 2640441
13.8958 2641121
13.899 2641801
13.9021 2642481
13.9053 2643161
13.9084 2643841
13.9116 2644521
13.9148 2645201
13.9179 2645881
13.9211 2646561
13.9242 2647241
13.9274 2647921
13.9305 2648601
13.9337 2649281
13.9368 2649961
13.94 2650641
13.9431 2651321
13.9463 2652001
13.9494 2652681
13.9526 2653361
13.9557 2654041
13.9589 2654721
13.962 2655401
13.9652 2656081
13.9683 2656761
13.9715 2657441
13.9746 2658121
13.9778 2658801
13.9809 2659481
13.9841 2660161
13.9872 2660841
13.9904 2661521
13.9936 2662201
13.9967 2662881
13.9999 2663561
14.003 2664241
14.0062 2664921
14.0093 2665601
14.0125 2666281
14.0156 2666961
14.0188 2667641
14.0219 2668321
14.0251 2669001
14.0282 2669681
14.0314 2670361
14.0345 2671041
14.0377 2671721
14.0408 2672401
14.044 2673081
14.0471 2673761
14.0503 2674441
14.0534 2675121
14.0566 2675801
14.0597 2676481
14.0629 2677161
14.066 2677841
14.0692 2678521
14.0724 2679201
14.0755 2679881
14.0787 2680561
14.0818 2681241
14.085 2681921
14.0881 2682601
14.0913 2683281
14.0944 2683961
14.0976 2684641
14.1007 2685321
14.1039 2686001
14.107 2686681
14.1102 2687361
14.1133 2688041
14.1165 2688721
14.1196 2689401
14.1228 2690081
14.1259 2690761
14.1291 2691441
14.1322 2692121
14.1354 2692801
14.1385 2693481
14.1417 2694161
14.1448 2694841
14.148 2695521
14.1512 2696201
14.1543 2696881
14.1575 2697561
14.1606 2698241
14.1638 2698921
14.1669 2699601
14.1701 2700281
14.1732 2700961
14.1764 2701641
14.1795 2702321
14.1827 2703001
14.1858 2703681
14.189 2704361
14.1921 2705041
14.1953 2705721
14.1984 2706401
14.2016 2707081
14.2047 2707761
14.2079 2708441
14.211 2709121
14.2142 2709801
14.2173 2710481
14.2205 2711161
14.2236 2711841
14.2268 2712521
14.23 2713201
14.2331 2713881
14.2363 2714561
14.2394 2715241
14.2426 2715921
14.2457 2716601
14.2489 2717281
14.252 2717961
14.2552 2718641
14.2583 2719321
14.2615 2720001
14.2646 2720681
14.2678 2721361
14.2709 2722041
14.2741 2722721
14.2772 2723401
14.2804 2724081
14.2835 2724761
14.2867 2725441
14.2898 2726121
14.293 2726801
14.2961 2727481
14.2993 2728161
14.3024 2728841
14.3056 2729521
14.3088 2730201
14.3119 2730881
14.3151 2731561
14.3182 2732241
14.3214 2732921
14.3245 2733601
14.3277 2734281
14.3308 2734961
14.334 2735641
14.3371 2736321
14.3403 2737001
14.3434 2737681
14.3466 2738361
14.3497 2739041
14.3529 2739721
14.356 2740401
14.3592 2741081
14.3623 2741761
14.3655 2742441
14.3686 2743121
14.3718 2743801
14.3749 2744481
14.3781 2745161
14.3812 2745841
14.3844 2746521
14.3876 2747201
14.3907 2747881
14.3939 2748561
14.397 2749241
14.4002 2749921
14.4033 2750601
14.4065 2751281
14.4096 2751961
14.4128 2752641
14.4159 2753321
14.4191 2754001
14.4222 2754681
14.4254 2755361
14.4285 2756041
14.4317 2756721
14.4348 2757401
14.438 2758081
14.4411 2758761
14.4443 2759441
14.4474 2760121
14.4506 2760801
14.4537 2761481
14.4569 2762161
14.46 2762841
14.4632 2763521
14.4664 2764201
14.4695 2764881
14.4727 2765561
14.4758 2766241
14.479 2766921
14.4821 2767601
14.4853 2768281
14.4884 2768961
14.4916 2769641
14.4947 2770321
14.4979 2771001
14.501 2771681
14.5042 2772361
14.5073 2773041
14.5105 2773721
14.5136 2774401
14.5168 2775081
14.5199 2775761
14.5231 2776441
14.5262 2777121
14.5294 2777801
14.5325 2778481
14.5357 2779161
14.5388 2779841
14.542 2780521
14.5452 2781201
14.5483 2781881
14.5515 2782561
14.5546 2783241
14.5578 2783921
14.5609 2784601
14.5641 2785281
14.5672 2785961
14.5704 2786641
14.5735 2787321
14.5767 2788001
14.5798 2788681
14.583 2789361
14.5861 2790041
14.5893 2790721
14.5924 2791401
14.5956 2792081
14.5987 2792761
14.6019 2793441
14.605 2794121
14.6082 2794801
14.6113 2795481
14.6145 2796161
14.6176 2796841
14.6208 2797521
14.624 2798201
14.6271 2798881
14.6303 2799561
14.6334 2800241
14.6366 2800921
14.6397 2801601
14.6429 2802281
14.646 2802961
14.6492 2803641
14.6523 2804321
14.6555 2805001
14.6586 2805681
14.6618 2806361
14.6649 2807041
14.6681 2807721
14.6712 2808401
14.6744 2809081
14.6775 2809761
14.6807 2810441
14.6838 2811121
14.687 2811801
14.6901 2812481
14.6933 2813161
14.6964 2813841
14.6996 2814521
14.7028 2815201
14.7059 2815881
14.7091 2816561
14.7122 2817241
14.7154 2817921
14.7185 2818601
14.7217 2819281
14.7248 2819961
14.728 2820641
14.7311 2821321
14.7343 2822001
14.7374 2822681
14.7406 2823361
14.7437 2824041
14.7469 2824721
14.75 2825401
14.7532 2826081
14.7563 2826761
14.7595 2827441
14.7626 2828121
14.7658 2828801
14.7689 2829481
14.7721 2830161
14.7752 2830841
14.7784 2831521
14.7816 2832201
14.7847 2832881
14.7879 2833561
14.791 2834241
14.7942 2834921
14.7973 2835601
14.8005 2836281
14.8036 2836961
14.8068 2837641
14.8099 2838321
14.8131 2839001
14.8162 2839681
14.8194 2840361
14.8225 2841041
14.8257 2841721
14.8288 2842401
14.832 2843081
14.8351 2843761
14.8383 2844441
14.8414 2845121
14.8446 2845801
14.8477 2846481
14.8509 2847161
14.854 2847841
14.8572 2848521
14.8604 2849201
14.8635 2849881
14.8667 2850561
14.8698 2851241
14.873 2851921
14.8761 2852601
14.8793 2853281
14.8824 2853961
14.8856 2854641
14.8887 2855321
14.8919 2856001
14.895 2856681
14.8982 2857361
14.9013 2858041
14.9045 2858721
14.9076 2859401
14.9108 2860081
14.9139 2860761
14.9171 2861441
14.9202 2862121
14.9234 2862801
14.9265 2863481
14.9297 2864161
14.9328 2864841
14.936 2865521
14.9392 2866201
14.9423 2866881
14.9455 2867561
14.9486 2868241
14.9518 2868921
14.9549 2869601
14.9581 2870281
14.9612 2870961
14.9644 2871641
14.9675 2872321
14.9707 2873001
14.9738 2873681
14.977 2874361
14.9801 2875041
14.9833 2875721
14.9864 2876401
14.9896 2877081
14.9927 2877761
14.9959 2878441
14.999 2879121
15.0022 2879801
15.0053 2880481
15.0085 2881161
15.0116 2881841
15.0148 2882521
15.018 2883201
15.0211 2883881
15.0243 2884561
15.0274 2885241
15.0306 2885921
15.0337 2886601
15.0369 2887281
15.04 2887961
15.0432 2888641
15.0463 2889321
15.0495 2890001
15.0526 2890681
15.0558 2891361
15.0589 2892041
15.0621 2892721
15.0652 2893401
15.0684 2894081
15.0715 2894761
15.0747 2895441
15.0778 2896121
15.081 2896801
15.0841 2897481
15.0873 2898161
15.0904 2898841
15.0936 2899521
15.0968 2900201
15.0999 2900881
15.1031 2901561
15.1062 2902241
15.1094 2902921
15.1125 2903601
15.1157 2904281
15.1188 2904961
15.122 2905641
15.1251 2906321
15.1283 2907001
15.1314 2907681
15.1346 2908361
15.1377 2909041
15.1409 2909721
15.144 2910401
15.1472 2911081
15.1503 2911761
15.1535 2912441
15.1566 2913121
15.1598 2913801
15.1629 2914481
15.1661 2915161
15.1692 2915841
15.1724 2916521
15.1756 2917201
15.1787 2917881
15.1819 2918561
15.185 2919241
15.1882 2919921
15.1913 2920601
15.1945 2921281
15.1976 2921961
15.2008 2922641
15.2039 2923321
15.2071 2924001
15.2102 2924681
15.2134 2925361
15.2165 2926041
15.2197 2926721
15.2228 2927401
15.226 2928081
15.2291 2928761
15.2323 2929441
15.2354 2930121
15.2386 2930801
15.2417 2931481
15.2449 2932161
15.248 2932841
15.2512 2933521
15.2544 2934201
15.2575 2934881
15.2607 2935561
15.2638 2936241
15.267 2936921
15.2701 2937601
15.2733 2938281
15.2764 2938961
15.2796 2939641
15.2827 2940321
15.2859 2941001
15.289 2941681
15.2922 2942361
15.2953 2943041
15.2985 2943721
15.3016 2944401
15.3048 2945081
15.3079 2945761
15.3111 2946441
15.3142 2947121
15.3174 2947801
15.3205 2948481
15.3237 2949161
15.3268 2949841
15.33 2950521
15.3332 2951201
15.3363 2951881
15.3395 2952561
15.3426 2953241
15.3458 2953921
15.3489 2954601
15.3521 2955281
15.3552 2955961
15.3584 2956641
15.3615 2957321
15.3647 2958001
15.3678 2958681
15.371 2959361
15.3741 2960041
15.3773 2960721
15.3804 2961401
15.3836 2962081
15.3867 2962761
15.3899 2963441
15.393 2964121
15.3962 2964801
15.3993 2965481
15.4025 2966161
15.4056 2966841
15.4088 2967521
15.412 2968201
15.4151 2968881
15.4183 2969561
15.4214 2970241
15.4246 2970921
15.4277 2971601
15.4309 2972281
15.434 2972961
15.4372 2973641
15.4403 2974321
15.4435 2975001
15.4466 2975681
15.4498 2976361
15.4529 2977041
15.4561 2977721
15.4592 2978401
15.4624 2979081
15.4655 2979761
15.4687 2980441
15.4718 2981121
15.475 2981801
15.4781 2982481
15.4813 2983161
15.4844 2983841
15.4876 2984521
15.4908 2985201
15.4939 2985881
15.4971 2986561
15.5002 2987241
15.5034 2987921
15.5065 2988601
15.5097 2989281
15.5128 2989961
15.516 2990641
15.5191 2991321
15.5223 2992001
15.5254 2992681
15.5286 2993361
15.5317 2994041
15.5349 2994721
15.538 2995401
15.5412 2996081
15.5443 2996761
15.5475 2997441
15.5506 2998121
15.5538 2998801
15.5569 2999481
15.5601 3000161
15.5632 3000841
15.5664 3001521
15.5696 3002201
15.5727 3002881
15.5759 3003561
15.579 3004241
15.5822 3004921
15.5853 3005601
15.5885 3006281
15.5916 3006961
15.5948 3007641
15.5979 3008321
15.6011 3009001
15.6042 3009681
15.6074 3010361
15.6105 3011041
15.6137 3011721
15.6168 3012401
15.62 3013081
15.6231 3013761
15.6263 3014441
15.6294 3015121
15.6326 3015801
15.6357 3016481
15.6389 3017161
15.642 3017841
15.6452 3018521
15.6484 3019201
15.6515 3019881
15.6547 3020561
15.6578 3021241
15.661 3021921
15.6641 3022601
15.6673 3023281
15.6704 3023961
15.6736 3024641
15.6767 3025321
15.6799 3026001
15.683 3026681
15.6862 3027361
15.6893 3028041
15.6925 3028721
15.6956 3029401
15.6988 3030081
15.7019 3030761
15.7051 3031441
15.7082 3032121
15.7114 3032801
15.7145 3033481
15.7177 3034161
15.7208 3034841
15.724 3035521
15.7272 3036201
15.7303 3036881
15.7335 3037561
15.7366 3038241
15.7398 3038921
15.7429 3039601
15.7461 3040281
15.7492 3040961
15.7524 3041641
15.7555 3042321
15.7587 3043001
15.7618 3043681
15.765 3044361
15.7681 3045041
15.7713 3045721
15.7744 3046401
15.7776 3047081
15.7807 3047761
15.7839 3048441
15.787 3049121
15.7902 3049801
15.7933 3050481
15.7965 3051161
15.7996 3051841
15.8028 3052521
15.806 3053201
15.8091 3053881
15.8123 3054561
15.8154 3055241
15.8186 3055921
15.8217 3056601
15.8249 3057281
15.828 3057961
15.8312 3058641
15.8343 3059321
15.8375 3060001
15.8406 3060681
15.8438 3061361
15.8469 3062041
15.8501 3062721
15.8532 3063401
15.8564 3064081
15.8595 3064761
15.8627 3065441
15.8658 3066121
15.869 3066801
15.8721 3067481
15.8753 3068161
15.8784 3068841
15.8816 3069521
15.8848 3070201
15.8879 3070881
15.8911 3071561
15.8942 3072241
15.8974 3072921
15.9005 3073601
15.9037 3074281
15.9068 3074961
15.91 3075641
15.9131 3076321
15.9163 3077001
15.9194 3077681
15.9226 3078361
15.9257 3079041
15.9289 3079721
15.932 3080401
15.9352 3081081
15.9383 3081761
15.9415 3082441
15.9446 3083121
15.9478 3083801
15.9509 3084481
15.9541 3085161
15.9572 3085841
15.9604 3086521
15.9636 3087201
15.9667 3087881
15.9699 3088561
15.973 3089241
15.9762 3089921
15.9793 3090601
15.9825 3091281
15.9856 3091961
15.9888 3092641
15.9919 3093321
15.9951 3094001
15.9982 3094681
16.0014 3095361
16.0045 3096041
16.0077 3096721
16.0108 3097401
16.014 3098081
16.0171 3098761
16.0203 3099441
16.0234 3100121
16.0266 3100801
16.0297 3101481
16.0329 3102161
16.036 3102841
16.0392 3103521
16.0424 3104201
16.0455 3104881
16.0487 3105561
16.0518 3106241
16.055 3106921
16.0581 3107601
16.0613 3108281
16.0644 3108961
16.0676 3109641
16.0707 3110321
16.0739 3111001
16.077 3111681
16.0802 3112361
16.0833 3113041
16.0865 3113721
16.0896 3114401
16.0928 3115081
16.0959 3115761
16.0991 3116441
16.1022 3117121
16.1054 3117801
16.1085 3118481
16.1117 3119161
16.1148 3119841
16.118 3120521
16.1212 3121201
16.1243 3121881
16.1275 3122561
16.1306 3123241
16.1338 3123921
16.1369 3124601
16.1401 3125281
16.1432 3125961
16.1464 3126641
16.1495 3127321
16.1527 3128001
16.1558 3128681
16.159 3129361
16.1621 3130041
16.1653 3130721
16.1684 3131401
16.1716 3132081
16.1747 3132761
16.1779 3133441
16.181 3134121
16.1842 3134801
16.1873 3135481
16.1905 3136161
16.1936 3136841
16.1968 3137521
16.2 3138201
16.2031 3138881
16.2063 3139561
16.2094 3140241
16.2126 3140921
16.2157 3141601
16.2189 3142281
16.222 3142961
16.2252 3143641
16.2283 3144321
16.2315 3145001
16.2346 3145681
16.2378 3146361
16.2409 3147041
16.2441 3147721
16.2472 3148401
16.2504 3149081
16.2535 3149761
16.2567 3150441
16.2598 3151121
16.263 3151801
16.2661 3152481
16.2693 3153161
16.2724 3153841
16.2756 3154521
16.2788 3155201
16.2819 3155881
16.2851 3156561
16.2882 3157241
16.2914 3157921
16.2945 3158601
16.2977 3159281
16.3008 3159961
16.304 3160641
16.3071 3161321
16.3103 3162001
16.3134 3162681
16.3166 3163361
16.3197 3164041
16.3229 3164721
16.326 3165401
16.3292 3166081
16.3323 3166761
16.3355 3167441
16.3386 3168121
16.3418 3168801
16.3449 3169481
16.3481 3170161
16.3512 3170841
16.3544 3171521
16.3576 3172201
16.3607 3172881
16.3639 3173561
16.367 3174241
16.3702 3174921
16.3733 3175601
16.3765 3176281
16.3796 3176961
16.3828 3177641
16.3859 3178321
16.3891 3179001
16.3922 3179681
16.3954 3180361
16.3985 3181041
16.4017 3181721
16.4048 3182401
16.408 3183081
16.4111 3183761
16.4143 3184441
16.4174 3185121
16.4206 3185801
16.4237 3186481
16.4269 3187161
16.43 3187841
16.4332 3188521
16.4364 3189201
16.4395 3189881
16.4427 3190561
16.4458 3191241
16.449 3191921
16.4521 3192601
16.4553 3193281
16.4584 3193961
16.4616 3194641
16.4647 3195321
16.4679 3196001
16.471 3196681
16.4742 3197361
16.4773 3198041
16.4805 3198721
16.4836 3199401
16.4868 3200081
16.4899 3200761
16.4931 3201441
16.4962 3202121
16.4994 3202801
16.5025 3203481
16.5057 3204161
16.5088 3204841
16.512 3205521
16.5152 3206201
16.5183 3206881
16.5215 3207561
16.5246 3208241
16.5278 3208921
16.5309 3209601
16.5341 3210281
16.5372 3210961
16.5404 3211641
16.5435 3212321
16.5467 3213001
16.5498 3213681
16.553 3214361
16.5561 3215041
16.5593 3215721
16.5624 3216401
16.5656 3217081
16.5687 3217761
16.5719 3218441
16.575 3219121
16.5782 3219801
16.5813 3220481
16.5845 3221161
16.5876 3221841
16.5908 3222521
16.594 3223201
16.5971 3223881
16.6003 3224561
16.6034 3225241
16.6066 3225921
16.6097 3226601
16.6129 3227281
16.616 3227961
16.6192 3228641
16.6223 3229321
16.6255 3230001
16.6286 3230681
16.6318 3231361
16.6349 3232041
16.6381 3232721
16.6412 3233401
16.6444 3234081
16.6475 3234761
16.6507 3235441
16.6538 3236121
16.657 3236801
16.6601 3237481
16.6633 3238161
16.6664 3238841
16.6696 3239521
16.6728 3240201
16.6759 3240881
16.6791 3241561
16.6822 3242241
16.6854 3242921
16.6885 3243601
16.6917 3244281
16.6948 3244961
16.698 3245641
16.7011 3246321
16.7043 3247001
16.7074 3247681
16.7106 3248361
16.7137 3249041
16.7169 3249721
16.72 3250401
16.7232 3251081
16.7263 3251761
16.7295 3252441
16.7326 3253121
16.7358 3253801
16.7389 3254481
16.7421 3255161
16.7452 3255841
16.7484 3256521
16.7516 3257201
16.7547 3257881
16.7579 3258561
16.761 3259241
16.7642 3259921
16.7673 3260601
16.7705 3261281
16.7736 3261961
16.7768 3262641
16.7799 3263321
16.7831 3264001
16.7862 3264681
16.7894 3265361
16.7925 3266041
16.7957 3266721
16.7988 3267401
16.802 3268081
16.8051 3268761
16.8083 3269441
16.8114 3270121
16.8146 3270801
16.8177 3271481
16.8209 3272161
16.824 3272841
16.8272 3273521
16.8304 3274201
16.8335 3274881
16.8367 3275561
16.8398 3276241
16.843 3276921
16.8461 3277601
16.8493 3278281
16.8524 3278961
16.8556 3279641
16.8587 3280321
16.8619 3281001
16.865 3281681
16.8682 3282361
16.8713 3283041
16.8745 3283721
16.8776 3284401
16.8808 3285081
16.8839 3285761
16.8871 3286441
16.8902 3287121
16.8934 3287801
16.8965 3288481
16.8997 3289161
16.9028 3289841
16.906 3290521
16.9092 3291201
16.9123 3291881
16.9155 3292561
16.9186 3293241
16.9218 3293921
16.9249 3294601
16.9281 3295281
16.9312 3295961
16.9344 3296641
16.9375 3297321
16.9407 3298001
16.9438 3298681
16.947 3299361
16.9501 3300041
16.9533 3300721
16.9564 3301401
16.9596 3302081
16.9627 3302761
16.9659 3303441
16.969 3304121
16.9722 3304801
16.9753 3305481
16.9785 3306161
16.9816 3306841
16.9848 3307521
16.988 3308201
16.9911 3308881
16.9943 3309561
16.9974 3310241
17.0006 3310921
17.0037 3311601
17.0069 3312281
17.01 3312961
17.0132 3313641
17.0163 3314321
17.0195 3315001
17.0226 3315681
17.0258 3316361
17.0289 3317041
17.0321 3317721
17.0352 3318401
17.0384 3319081
17.0415 3319761
17.0447 3320441
17.0478 3321121
17.051 3321801
17.0541 3322481
17.0573 3323161
17.0604 3323841
17.0636 3324521
17.0668 3325201
17.0699 3325881
17.0731 3326561
17.0762 3327241
17.0794 3327921
17.0825 3328601
17.0857 3329281
17.0888 3329961
17.092 3330641
17.0951 3331321
17.0983 3332001
17.1014 3332681
17.1046 3333361
17.1077 3334041
17.1109 3334721
17.114 3335401
17.1172 3336081
17.1203 3336761
17.1235 3337441
17.1266 3338121
17.1298 3338801
17.1329 3339481
17.1361 3340161
17.1392 3340841
17.1424 3341521
17.1456 3342201
17.1487 3342881
17.1519 3343561
17.155 3344241
17.1582 3344921
17.1613 3345601
17.1645 3346281
17.1676 3346961
17.1708 3347641
17.1739 3348321
17.1771 3349001
17.1802 3349681
17.1834 3350361
17.1865 3351041
17.1897 3351721
17.1928 3352401
17.196 3353081
17.1991 3353761
17.2023 3354441
17.2054 3355121
17.2086 3355801
17.2117 3356481
17.2149 3357161
17.218 3357841
17.2212 3358521
17.2244 3359201
17.2275 3359881
17.2307 3360561
17.2338 3361241
17.237 3361921
17.2401 3362601
17.2433 3363281
17.2464 3363961
17.2496 3364641
17.2527 3365321
17.2559 3366001
17.259 3366681
17.2622 3367361
17.2653 3368041
17.2685 3368721
17.2716 3369401
17.2748 3370081
17.2779 3370761
17.2811 3371441
17.2842 3372121
17.2874 3372801
17.2905 3373481
17.2937 3374161
17.2968 3374841
17.3 3375521
17.3032 3376201
17.3063 3376881
17.3095 3377561
17.3126 3378241
17.3158 3378921
17.3189 3379601
17.3221 3380281
17.3252 3380961
17.3284 3381641
17.3315 3382321
17.3347 3383001
17.3378 3383681
17.341 3384361
17.3441 3385041
17.3473 3385721
17.3504 3386401
17.3536 3387081
17.3567 3387761
17.3599 3388441
17.363 3389121
17.3662 3389801
17.3693 3390481
17.3725 3391161
17.3756 3391841
17.3788 3392521
17.3819 3393201
17.3851 3393881
17.3883 3394561
17.3914 3395241
17.3946 3395921
17.3977 3396601
17.4009 3397281
17.404 3397961
17.4072 3398641
17.4103 3399321
17.4135 3400001
17.4166 3400681
17.4198 3401361
17.4229 3402041
17.4261 3402721
17.4292 3403401
17.4324 3404081
17.4355 3404761
17.4387 3405441
17.4418 3406121
17.445 3406801
17.4481 3407481
17.4513 3408161
17.4544 3408841
17.4576 3409521
17.4607 3410201
17.4639 3410881
17.4671 3411561
17.4702 3412241
17.4734 3412921
17.4765 3413601
17.4797 3414281
17.4828 3414961
17.486 3415641
17.4891 3416321
17.4923 3417001
17.4954 3417681
17.4986 3418361
17.5017 3419041
17.5049 3419721
17.508 3420401
17.5112 3421081
17.5143 3421761
17.5175 3422441
17.5206 3423121
17.5238 3423801
17.5269 3424481
17.5301 3425161
17.5332 3425841
17.5364 3426521
17.5395 3427201
17.5427 3427881
17.5459 3428561
17.549 3429241
17.5522 3429921
17.5553 3430601
17.5585 3431281
17.5616 3431961
17.5648 3432641
17.5679 3433321
17.5711 3434001
17.5742 3434681
17.5774 3435361
17.5805 3436041
17.5837 3436721
17.5868 3437401
17.59 3438081
17.5931 3438761
17.5963 3439441
17.5994 3440121
17.6026 3440801
17.6057 3441481
17.6089 3442161
17.612 3442841
17.6152 3443521
17.6183 3444201
17.6215 3444881
17.6247 3445561
17.6278 3446241
17.631 3446921
17.6341 3447601
17.6373 3448281
17.6404 3448961
17.6436 3449641
17.6467 3450321
17.6499 3451001
17.653 3451681
17.6562 3452361
17.6593 3453041
17.6625 3453721
17.6656 3454401
17.6688 3455081
17.6719 3455761
17.6751 3456441
17.6782 3457121
17.6814 3457801
17.6845 3458481
17.6877 3459161
17.6908 3459841
17.694 3460521
17.6971 3461201
17.7003 3461881
17.7035 3462561
17.7066 3463241
17.7098 3463921
17.7129 3464601
17.7161 3465281
17.7192 3465961
17.7224 3466641
17.7255 3467321
17.7287 3468001
17.7318 3468681
17.735 3469361
17.7381 3470041
17.7413 3470721
17.7444 3471401
17.7476 3472081
17.7507 3472761
17.7539 3473441
17.757 3474121
17.7602 3474801
17.7633 3475481
17.7665 3476161
17.7696 3476841
17.7728 3477521
17.7759 3478201
17.7791 3478881
17.7823 3479561
17.7854 3480241
17.7886 3480921
17.7917 3481601
17.7949 3482281
17.798 3482961
17.8012 3483641
17.8043 3484321
17.8075 3485001
17.8106 3485681
17.8138 3486361
17.8169 3487041
17.8201 3487721
17.8232 3488401
17.8264 3489081
17.8295 3489761
17.8327 3490441
17.8358 3491121
17.839 3491801
17.8421 3492481
17.8453 3493161
17.8484 3493841
17.8516 3494521
17.8547 3495201
17.8579 3495881
17.8611 3496561
18.203 3570341
18.2062 3571021
18.2093 3571701
18.2125 3572381
18.2157 3573061
18.2188 3573741
18.222 3574421
18.2251 3575101
18.2283 3575781
18.2314 3576461
18.2346 3577141
18.2377 3577821
18.2409 3578501
18.244 3579181
18.2472 3579861
18.2503 3580541
18.2535 3581221
18.2566 3581901
18.2598 3582581
18.2629 3583261
18.2661 3583941
18.2692 3584621
18.2724 3585301
18.2755 3585981
18.2787 3586661
18.2818 3587341
18.285 3588021
18.2881 3588701
18.2913 3589381
18.2945 3590061
18.2976 3590741
18.3008 3591421
18.3039 3592101
18.3071 3592781
18.3102 3593461
18.3134 3594141
18.3165 3594821
18.3197 3595501
18.3228 3596181
18.326 3596861
18.3291 3597541
18.3323 3598221
18.3354 3598901
18.3386 3599581
18.3417 3600261
18.3449 3600941
18.348 3601621
18.3512 3602301
18.3543 3602981
18.3575 3603661
18.3606 3604341
18.3638 3605021
18.3669 3605701
18.3701 3606381
18.3733 3607061
18.3764 3607741
18.3796 3608421
18.3827 3609101
18.3859 3609781
18.389 3610461
18.3922 3611141
18.3953 3611821
18.3985 3612501
18.4016 3613181
18.4048 3613861
18.4079 3614541
18.4111 3615221
18.4142 3615901
18.4174 3616581
18.4205 3617261
18.4237 3617941
18.4268 3618621
18.43 3619301
18.4331 3619981
18.4363 3620661
18.4394 3621341
18.4426 3622021
18.4457 3622701
18.4489 3623381
18.4521 3624061
18.4552 3624741
18.4584 3625421
18.4615 3626101
18.4647 3626781
18.4678 3627461
18.471 3628141
18.4741 3628821
18.4773 3629501
18.4804 3630181
18.4836 3630861
18.4867 3631541
18.4899 3632221
18.493 3632901
18.4962 3633581
18.4993 3634261
18.5025 3634941
18.5056 3635621
18.5088 3636301
18.5119 3636981
18.5151 3637661
18.5182 3638341
18.5214 3639021
18.5245 3639701
18.5277 3640381
18.5309 3641061
18.534 3641741
18.5372 3642421
18.5403 3643101
18.5435 3643781
18.5466 3644461
18.5498 3645141
18.5529 3645821
18.5561 3646501
18.5592 3647181
18.5624 3647861
18.5655 3648541
18.5687 3649221
18.5718 3649901
18.575 3650581
18.5781 3651261
18.5813 3651941
18.5844 3652621
18.5876 3653301
18.5907 3653981
18.5939 3654661
18.597 3655341
18.6002 3656021
18.6033 3656701
18.6065 3657381
18.6097 3658061
18.6128 3658741
18.616 3659421
18.6191 3660101
18.6223 3660781
18.6254 3661461
18.6286 3662141
18.6317 3662821
18.6349 3663501
18.638 3664181
18.6412 3664861
18.6443 3665541
18.6475 3666221
18.6506 3666901
18.6538 3667581
18.6569 3668261
18.6601 3668941
18.6632 3669621
18.6664 3670301
18.6695 3670981
18.6727 3671661
18.6758 3672341
18.679 3673021
18.6821 3673701
18.6853 3674381
18.6885 3675061
18.6916 3675741
18.6948 3676421
18.6979 3677101
18.7011 3677781
18.7042 3678461
18.7074 3679141
18.7105 3679821
18.7137 3680501
18.7168 3681181
18.72 3681861
18.7231 3682541
18.7263 3683221
18.7294 3683901
18.7326 3684581
18.7357 3685261
18.7389 3685941
18.742 3686621
18.7452 3687301
18.7483 3687981
18.7515 3688661
18.7546 3689341
18.7578 3690021
18.7609 3690701
18.7641 3691381
18.7673 3692061
18.7704 3692741
18.7736 3693421
18.7767 3694101
18.7799 3694781
18.783 3695461
18.7862 3696141
18.7893 3696821
18.7925 3697501
18.7956 3698181
18.7988 3698861
18.8019 3699541
18.8051 3700221
18.8082 3700901
18.8114 3701581
18.8145 3702261
18.8177 3702941
18.8208 3703621
18.824 3704301
18.8271 3704981
18.8303 3705661
18.8334 3706341
18.8366 3707021
18.8397 3707701
18.8429 3708381
18.8461 3709061
18.8492 3709741
18.8524 3710421
18.8555 3711101
18.8587 3711781
18.8618 3712461
18.865 3713141
18.8681 3713821
18.8713 3714501
18.8744 3715181
18.8776 3715861
18.8807 3716541
18.8839 3717221
18.887 3717901
18.8902 3718581
18.8933 3719261
18.8965 3719941
18.8996 3720621
18.9028 3721301
18.9059 3721981
18.9091 3722661
18.9122 3723341
18.9154 3724021
18.9185 3724701
18.9217 3725381
18.9249 3726061
18.928 3726741
18.9312 3727421
18.9343 3728101
18.9375 3728781
18.9406 3729461
18.9438 3730141
18.9469 3730821
18.9501 3731501
18.9532 3732181
18.9564 3732861
18.9595 3733541
18.9627 3734221
18.9658 3734901
18.969 3735581
18.9721 3736261
18.9753 3736941
18.9784 3737621
18.9816 3738301
18.9847 3738981
18.9879 3739661
18.991 3740341
18.9942 3741021
18.9973 3741701
19.0005 3742381
19.0037 3743061
19.0068 3743741
19.01 3744421
19.0131 3745101
19.0163 3745781
19.0194 3746461
19.0226 3747141
19.0257 3747821
19.0289 3748501
19.032 3749181
19.0352 3749861
19.0383 3750541
19.0415 3751221
19.0446 3751901
19.0478 3752581
19.0509 3753261
19.0541 3753941
19.0572 3754621
19.0604 3755301
19.0635 3755981
19.0667 3756661
19.0698 3757341
19.073 3758021
19.0761 3758701
19.0793 3759381
19.0825 3760061
19.0856 3760741
19.0888 3761421
19.0919 3762101
19.0951 3762781
19.0982 3763461
19.1014 3764141
19.1045 3764821
19.1077 3765501
19.1108 3766181
19.114 3766861
19.1171 3767541
19.1203 3768221
19.1234 3768901
19.1266 3769581
19.1297 3770261
19.1329 3770941
19.136 3771621
19.1392 3772301
19.1423 3772981
19.1455 3773661
19.1486 3774341
19.1518 3775021
19.1549 3775701
19.1581 3776381
19.1613 3777061
19.1644 3777741
19.1676 3778421
19.1707 3779101
19.1739 3779781
19.177 3780461
19.1802 3781141
19.1833 3781821
19.1865 3782501
19.1896 3783181
19.1928 3783861
19.1959 3784541
19.1991 3785221
19.2022 3785901
19.2054 3786581
19.2085 3787261
19.2117 3787941
19.2148 3788621
19.218 3789301
19.2211 3789981
19.2243 3790661
19.2274 3791341
19.2306 3792021
19.2337 3792701
19.2369 3793381
19.2401 3794061
19.2432 3794741
19.2464 3795421
19.2495 3796101
19.2527 3796781
19.2558 3797461
19.259 3798141
19.2621 3798821
19.2653 3799501
19.2684 3800181
19.2716 3800861
19.2747 3801541
19.2779 3802221
19.281 3802901
19.2842 3803581
19.2873 3804261
19.2905 3804941
19.2936 3805621
19.2968 3806301
19.2999 3806981
19.3031 3807661
19.3062 3808341
19.3094 3809021
19.3125 3809701
19.3157 3810381
19.3189 3811061
19.322 3811741
19.3252 3812421
19.3283 3813101
19.3315 3813781
19.3346 3814461
19.3378 3815141
19.3409 3815821
19.3441 3816501
19.3472 3817181
19.3504 3817861
19.3535 3818541
19.3567 3819221
19.3598 3819901
19.363 3820581
19.3661 3821261
19.3693 3821941
19.3724 3822621
19.3756 3823301
19.3787 3823981
19.3819 3824661
19.385 3825341
19.3882 3826021
19.3913 3826701
19.3945 3827381
19.3977 3828061
19.4008 3828741
19.404 3829421
19.4071 3830101
19.4103 3830781
19.4134 3831461
19.4166 3832141
19.4197 3832821
19.4229 3833501
19.426 3834181
19.4292 3834861
19.4323 3835541
19.4355 3836221
19.4386 3836901
19.4418 3837581
19.4449 3838261
19.4481 3838941
19.4512 3839621
19.4544 3840301
19.4575 3840981
19.4607 3841661
19.4638 3842341
19.467 3843021
19.4701 3843701
19.4733 3844381
19.4765 3845061
19.4796 3845741
19.4828 3846421
19.4859 3847101
19.4891 3847781
19.4922 3848461
19.4954 3849141
19.4985 3849821
19.5017 3850501
19.5048 3851181
19.508 3851861
19.5111 3852541
19.5143 3853221
19.5174 3853901
19.5206 3854581
19.5237 3855261
19.5269 3855941
19.53 3856621
19.5332 3857301
19.5363 3857981
19.5395 3858661
19.5426 3859341
19.5458 3860021
19.5489 3860701
19.5521 3861381
19.5553 3862061
19.5584 3862741
19.5616 3863421
19.5647 3864101
19.5679 3864781
19.571 3865461
19.5742 3866141
19.5773 3866821
19.5805 3867501
19.5836 3868181
19.5868 3868861
19.5899 3869541
19.5931 3870221
19.5962 3870901
19.5994 3871581
19.6025 3872261
19.6057 3872941
19.6088 3873621
19.612 3874301
19.6151 3874981
19.6183 3875661
19.6214 3876341
19.6246 3877021
19.6277 3877701
19.6309 3878381
19.6341 3879061
19.6372 3879741
19.6404 3880421
19.6435 3881101
19.6467 3881781
19.6498 3882461
19.653 3883141
19.6561 3883821
19.6593 3884501
19.6624 3885181
19.6656 3885861
19.6687 3886541
19.6719 3887221
19.675 3887901
19.6782 3888581
19.6813 3889261
19.6845 3889941
19.6876 3890621
19.6908 3891301
19.6939 3891981
19.6971 3892661
19.7002 3893341
19.7034 3894021
19.7065 3894701
19.7097 3895381
19.7129 3896061
19.716 3896741
19.7192 3897421
19.7223 3898101
19.7255 3898781
19.7286 3899461
19.7318 3900141
19.7349 3900821
19.7381 3901501
19.7412 3902181
19.7444 3902861
19.7475 3903541
19.7507 3904221
19.7538 3904901
19.757 3905581
19.7601 3906261
19.7633 3906941
19.7664 3907621
19.7696 3908301
19.7727 3908981
19.7759 3909661
19.779 3910341
19.7822 3911021
19.7853 3911701
19.7885 3912381
19.7917 3913061
19.7948 3913741
19.798 3914421
19.8011 3915101
19.8043 3915781
19.8074 3916461
19.8106 3917141
19.8137 3917821
19.8169 3918501
19.82 3919181
19.8232 3919861
19.8263 3920541
19.8295 3921221
19.8326 3921901
19.8358 3922581
19.8389 3923261
19.8421 3923941
19.8452 3924621
19.8484 3925301
19.8515 3925981
19.8547 3926661
19.8578 3927341
19.861 3928021
19.8641 3928701
19.8673 3929381
19.8705 3930061
19.8736 3930741
19.8768 3931421
19.8799 3932101
19.8831 3932781
19.8862 3933461
19.8894 3934141
19.8925 3934821
19.8957 3935501
19.8988 3936181
19.902 3936861
19.9051 3937541
19.9083 3938221
19.9114 3938901
19.9146 3939581
19.9177 3940261
19.9209 3940941
19.924 3941621
19.9272 3942301
19.9303 3942981
19.9335 3943661
19.9366 3944341
19.9398 3945021
19.9429 3945701
19.9461 3946381
19.9493 3947061
19.9524 3947741
19.9556 3948421
19.9587 3949101
19.9619 3949781
19.965 3950461
19.9682 3951141
19.9713 3951821
19.9745 3952501
19.9776 3953181
19.9808 3953861
19.9839 3954541
19.9871 3955221
19.9902 3955901
19.9934 3956581
19.9965 3957261
19.9997 3957941
20.0028 3958621
20.006 3959301
20.0091 3959981
20.0123 3960661
20.0154 3961341
20.0186 3962021
20.0217 3962701
20.0249 3963381
20.0281 3964061
20.0312 3964741
20.0344 3965421
20.0375 3966101
20.0407 3966781
20.0438 3967461
20.047 3968141
20.0501 3968821
20.0533 3969501
20.0564 3970181
20.0596 3970861
20.0627 3971541
20.0659 3972221
20.069 3972901
20.0722 3973581
20.0753 3974261
20.0785 3974941
20.0816 3975621
20.0848 3976301
20.0879 3976981
20.0911 3977661
20.0942 3978341
20.0974 3979021
