0.0 0
0.0905768 0.09
0.18279 0.09025
0.276537 0.0907188
0.370283 0.0911289
0.462454 0.102988
0.465606 0.101989
0.5562 0.100991
0.559352 0.100492
0.562504 0.100055
0.649946 0.0991734
0.653098 0.0989017
0.65625 0.098664
0.659402 0.098456
0.742117 0.108649
0.745269 0.107068
0.748421 0.105559
0.751573 0.104614
0.754725 0.103788
0.757877 0.103064
0.834287 0.112056
0.837439 0.109924
0.840591 0.108059
0.843743 0.106801
0.846895 0.105701
0.850047 0.104864
0.853199 0.104506
0.856351 0.104192
0.859503 0.103918
0.926458 0.112054
0.92961 0.109922
0.932762 0.108057
0.935914 0.1068
0.939066 0.105825
0.942218 0.104972
0.94537 0.1046
0.948522 0.104275
0.951674 0.103866
0.954826 0.103882
0.957978 0.103897
0.96113 0.104035
0.964282 0.104531
0.967434 0.104964
1.0202 0.103594
1.02336 0.10277
1.02651 0.102048
1.02966 0.101417
1.03281 0.10124
1.03596 0.101085
1.03912 0.100949
1.04227 0.101206
1.04542 0.10143
1.04857 0.101626
1.05172 0.102173
1.05488 0.102651
1.05803 0.103195
1.06118 0.104046
1.06433 0.10479
1.06748 0.105441
1.07064 0.106386
1.07379 0.107088
1.07694 0.107702
1.08009 0.108739
1.08324 0.109647
1.11395 0.107566
1.1171 0.106245
1.12025 0.105089
1.12341 0.104078
1.12656 0.103569
1.12971 0.103122
1.13286 0.102732
1.13601 0.102891
1.13917 0.103029
1.14232 0.103026
1.14547 0.103397
1.14862 0.103723
1.15177 0.104007
1.15493 0.104631
1.15808 0.105303
1.16123 0.10589
1.16438 0.106779
1.16753 0.107556
1.17069 0.108112
1.17384 0.108973
1.17699 0.109726
1.18014 0.11051
1.18329 0.111572
1.18645 0.1125
1.1896 0.113313
1.19275 0.114399
1.1959 0.115349
1.19905 0.116305
1.20221 0.117517
1.20536 0.118452
1.20851 0.119271
1.21166 0.120362
1.21481 0.117942
1.21797 0.115699
1.22112 0.114237
1.22427 0.112957
1.22742 0.111837
1.23057 0.111233
1.23373 0.110704
1.23688 0.110241
1.24003 0.110336
1.24318 0.110419
1.24633 0.110366
1.24949 0.110696
1.25264 0.110984
1.25579 0.111236
1.25894 0.111831
1.26209 0.112477
1.26525 0.113043
1.2684 0.113912
1.27155 0.114673
1.2747 0.115339
1.27785 0.116297
1.28101 0.117135
1.28416 0.117868
1.28731 0.118884
1.29046 0.119774
1.29361 0.120552
1.29677 0.121608
1.29992 0.122532
1.30307 0.123466
1.30622 0.124657
1.30937 0.1257
1.31253 0.126488
1.31568 0.127552
1.31883 0.128483
1.32198 0.129297
1.32513 0.13051
1.32829 0.131571
1.33144 0.1325
1.33459 0.133688
1.33774 0.134727
1.34089 0.135511
1.34405 0.136697
1.3472 0.137735
1.35035 0.138643
1.3535 0.139813
1.35665 0.140836
1.35981 0.141732
1.36296 0.14289
1.36611 0.144029
1.36926 0.145025
1.37241 0.146272
1.37557 0.147238
1.37872 0.148083
1.38187 0.149198
1.38502 0.150298
1.38817 0.151261
1.39133 0.152478
1.39448 0.153543
1.39763 0.154476
1.40078 0.155666
1.40393 0.156583
1.40709 0.15751
1.41024 0.158696
1.41339 0.159734
1.41654 0.160642
1.41969 0.161812
1.42285 0.162836
1.426 0.163731
1.42915 0.165015
1.4323 0.166138
1.43545 0.166996
1.43861 0.168121
1.44176 0.169106
1.44491 0.169968
1.44806 0.171222
1.45121 0.172319
1.45437 0.173279
1.45752 0.174494
1.46067 0.175558
1.46382 0.176363
1.46697 0.177442
1.47013 0.178512
1.47328 0.179448
1.47643 0.180642
1.47958 0.181687
1.48273 0.182601
1.48589 0.183776
1.48904 0.184929
1.49219 0.185938
1.49534 0.187196
1.49849 0.188171
1.50165 0.189025
1.5048 0.190147
1.50795 0.191128
1.5111 0.192112
1.51425 0.193348
1.51741 0.19443
1.52056 0.195376
1.52371 0.196579
1.52686 0.197632
1.53001 0.198553
1.53317 0.199734
1.53632 0.200767
1.53947 0.201671
1.54262 0.202837
1.54577 0.203858
1.54893 0.20475
1.55208 0.206032
1.55523 0.207153
1.55838 0.208009
1.56153 0.209132
1.56469 0.210116
1.56784 0.210976
1.57099 0.212104
1.57414 0.213216
1.57729 0.214189
1.58045 0.215416
1.5836 0.216489
1.58675 0.217428
1.5899 0.218624
1.59305 0.219671
1.59621 0.220587
1.59936 0.221764
1.60251 0.222793
1.60566 0.223694
1.60881 0.224857
1.61197 0.225875
1.61512 0.226891
1.61827 0.228154
1.62142 0.229135
1.62457 0.229993
1.62773 0.231119
1.63088 0.232104
1.63403 0.233091
1.63718 0.23433
1.64033 0.235414
1.64349 0.236362
1.64664 0.237567
1.64979 0.238621
1.65294 0.239418
1.65609 0.240616
1.65925 0.241664
1.6624 0.242581
1.66555 0.243758
1.6687 0.244789
1.67185 0.24569
1.67501 0.246979
1.67816 0.248106
1.68131 0.249093
1.68446 0.250331
1.68761 0.25129
1.69077 0.252129
1.69392 0.253238
1.69707 0.254333
1.70022 0.255291
1.70337 0.256505
1.70653 0.257567
1.70968 0.258496
1.71283 0.259684
1.71598 0.260598
1.71913 0.261524
1.72229 0.262708
1.72544 0.263745
1.72859 0.264652
1.73174 0.26582
1.73489 0.266843
1.73805 0.267862
1.7412 0.26913
1.74435 0.270238
1.7475 0.271084
1.75065 0.272198
1.75381 0.273173
1.75696 0.274027
1.76011 0.275273
1.76326 0.276364
1.76641 0.277319
1.76957 0.278529
1.77272 0.279588
1.77587 0.280389
1.77902 0.281591
1.78217 0.282642
1.78533 0.283562
1.78848 0.284741
1.79163 0.285774
1.79478 0.286677
1.79793 0.287842
1.80109 0.288987
1.80424 0.289989
1.80739 0.29124
1.81054 0.29221
1.81369 0.293059
1.81685 0.294176
1.82 0.295154
1.82315 0.296135
1.8263 0.297368
1.82945 0.298447
1.83261 0.299391
1.83576 0.300592
1.83891 0.301518
1.84206 0.302454
1.84521 0.303647
1.84837 0.304691
1.85152 0.305605
1.85467 0.306779
1.85782 0.307807
1.86097 0.308706
1.86413 0.309993
1.86728 0.311119
1.87043 0.311979
1.87358 0.313106
1.87673 0.314093
1.87989 0.314956
1.88304 0.316212
1.88619 0.31731
1.88934 0.318272
1.89249 0.319488
1.89565 0.320552
1.8988 0.321483
1.90195 0.322672
1.9051 0.323713
1.90825 0.324624
1.91141 0.325796
1.91456 0.326822
1.91771 0.327719
1.92086 0.328879
1.92401 0.330019
1.92717 0.331017
4.43109 0.30439
4.47609 0.278091
4.47925 0.25533
4.4824 0.235538
4.48555 0.218346
4.4887 0.203553
4.49185 0.190734
4.49501 0.179892
4.49816 0.170531
4.50131 0.162589
4.50446 0.155766
4.50761 0.14992
4.51077 0.145055
4.51392 0.140923
4.51707 0.137683
4.52022 0.134972
4.52337 0.132851
4.52653 0.131119
4.52968 0.129729
4.53283 0.128763
4.53598 0.128043
4.53913 0.127788
4.54229 0.127689
4.54544 0.127728
4.54859 0.128012
4.55174 0.128385
4.55489 0.128962
4.55805 0.129717
4.5612 0.130627
4.56435 0.131549
4.5675 0.132605
4.57065 0.133405
4.57381 0.134479
4.57696 0.130169
4.58011 0.126523
4.58326 0.123708
4.58641 0.121244
4.58957 0.119089
4.59272 0.117578
4.59587 0.116255
4.59902 0.115223
4.60217 0.114696
4.60533 0.114109
4.60848 0.113595
4.61163 0.113521
4.61478 0.113456
4.61793 0.113399
4.62109 0.113849
4.62424 0.114243
4.62739 0.114587
4.63054 0.115264
4.63369 0.115856
4.63685 0.116249
4.64 0.116968
4.64315 0.117722
4.6463 0.118382
4.64945 0.119334
4.65261 0.120167
4.65576 0.120896
4.65891 0.121909
4.66206 0.122921
4.66521 0.123806
4.66837 0.124955
4.67152 0.125835
4.67467 0.126606
4.67782 0.127655
4.68097 0.128573
4.68413 0.129502
4.68728 0.130689
4.69043 0.131728
4.69358 0.132637
4.69673 0.133807
4.69989 0.134706
4.70304 0.135618
4.70619 0.136791
4.70934 0.137817
4.71249 0.138715
4.71565 0.139875
4.7188 0.140891
4.72195 0.14178
4.7251 0.143057
4.72825 0.144175
4.73141 0.145028
4.73456 0.14615
4.73771 0.147131
4.74086 0.14799
4.74401 0.149241
4.74717 0.150336
4.75032 0.151294
4.75347 0.152507
4.75662 0.153569
4.75977 0.154373
4.76293 0.155451
4.76608 0.15652
4.76923 0.157455
4.77238 0.158648
4.77553 0.159692
4.77869 0.160605
4.78184 0.16178
4.78499 0.162807
4.78814 0.163831
4.79129 0.165102
4.79445 0.16609
4.7976 0.166953
4.80075 0.168084
4.8039 0.169074
4.80705 0.170064
4.81021 0.171306
4.81336 0.172393
4.81651 0.173344
4.81966 0.174551
4.82281 0.175607
4.82597 0.176406
4.82912 0.177605
4.83227 0.178655
4.83542 0.179573
4.83857 0.180751
4.84173 0.181782
4.84488 0.182685
4.84803 0.183974
4.85118 0.185102
4.85433 0.185964
4.85749 0.187094
4.86064 0.188082
4.86379 0.188947
4.86694 0.190079
4.87009 0.191194
4.87325 0.19217
4.8764 0.193398
4.87955 0.194474
4.8827 0.195414
4.88585 0.196613
4.88901 0.197661
4.89216 0.198578
4.89531 0.199756
4.89846 0.200787
4.90161 0.201688
4.90477 0.202852
4.90792 0.203871
4.91107 0.204887
4.91422 0.206151
4.91737 0.207132
4.92053 0.207991
4.92368 0.209117
4.92683 0.210102
4.92998 0.210964
4.93313 0.212219
4.93629 0.213316
4.93944 0.214277
4.94259 0.215492
4.94574 0.216556
4.94889 0.217361
4.95205 0.218566
4.9552 0.21962
4.95835 0.220543
4.9615 0.221725
4.96465 0.222759
4.96781 0.223664
4.97096 0.224831
4.97411 0.225977
4.97726 0.226855
4.98041 0.227998
4.98357 0.228999
4.98672 0.229874
4.98987 0.231015
4.99302 0.232138
4.99617 0.23312
4.99933 0.234355
5.00248 0.235436
5.00563 0.236382
5.00878 0.237584
5.01193 0.238511
5.01509 0.239447
5.01824 0.240641
5.02139 0.241686
5.02454 0.2426
5.02769 0.243775
5.03085 0.244803
5.034 0.245703
5.03715 0.24699
5.0403 0.248116
5.04345 0.248977
5.04661 0.250105
5.04976 0.251092
5.05291 0.251955
5.05606 0.252836
5.05921 0.253606
5.06237 0.25428
5.06552 0.254745
5.06867 0.255152
5.07182 0.255508
5.07497 0.25582
5.07813 0.256592
5.08128 0.257268
5.08443 0.25786
5.08758 0.258377
5.09073 0.258705
5.09389 0.258992
5.09704 0.259368
5.10019 0.259697
5.10334 0.259985
5.10649 0.260237
5.10965 0.260332
5.1128 0.260416
5.11595 0.260489
5.1191 0.260678
5.12225 0.260843
5.12541 0.260988
5.12856 0.261114
5.13171 0.2611
5.13486 0.261087
5.13801 0.261201
5.14117 0.261676
5.14432 0.262092
5.14747 0.262455
5.15062 0.262773
5.15377 0.262927
5.15693 0.263061
5.16008 0.263303
5.16323 0.263515
5.16638 0.263701
5.16953 0.263863
5.17269 0.264005
5.17584 0.264005
5.17899 0.264004
5.18214 0.264129
5.18529 0.264238
5.18845 0.264333
5.1916 0.264416
5.19475 0.264489
5.1979 0.264428
5.20105 0.2645
5.20421 0.264562
5.20736 0.264992
5.21051 0.265368
5.21366 0.265697
5.21681 0.265985
5.21997 0.266112
5.22312 0.266348
5.22627 0.266554
5.22942 0.266735
5.23257 0.266893
5.23573 0.267031
5.23888 0.267153
5.24203 0.267258
5.24518 0.267351
5.24833 0.267432
5.25149 0.267503
5.25464 0.267565
5.25779 0.26762
5.26094 0.267542
5.26409 0.267599
5.26725 0.267649
5.2704 0.267693
5.27355 0.267732
5.2767 0.26814
5.27985 0.268498
5.28301 0.268935
5.28616 0.269194
5.28931 0.269419
5.29246 0.269617
5.29561 0.26979
5.29877 0.269941
5.30192 0.270073
5.30507 0.270314
5.30822 0.2704
5.31137 0.270475
5.31453 0.270541
5.31768 0.270598
5.32083 0.270648
5.32398 0.270692
5.32713 0.270731
5.33029 0.270764
5.33344 0.270794
5.33659 0.27082
5.33974 0.270842
5.34289 0.270862
5.34605 0.271004
5.3492 0.271504
5.35235 0.271816
5.3555 0.272089
5.35865 0.272328
5.36181 0.272537
5.36496 0.27272
5.36811 0.273005
5.37126 0.273129
5.37441 0.273238
5.37757 0.273333
5.38072 0.273417
5.38387 0.273489
5.38702 0.273678
5.39017 0.273843
5.39333 0.273863
5.39648 0.27388
5.39963 0.273895
5.40278 0.273908
5.40593 0.27392
5.40909 0.274055
5.41224 0.274048
5.41539 0.274042
5.41854 0.274037
5.42169 0.274032
5.42485 0.274028
5.428 0.2744
5.43115 0.27485
5.4343 0.275243
5.43745 0.275463
5.44061 0.275655
5.44376 0.275823
5.44691 0.27597
5.45006 0.276224
5.45321 0.276446
5.45637 0.27664
5.45952 0.276685
5.46267 0.276725
5.46582 0.276759
5.46897 0.276789
5.47213 0.27694
5.47528 0.277073
5.47843 0.277064
5.48158 0.277056
5.48473 0.277049
5.48789 0.277043
5.49104 0.277162
5.49419 0.277267
5.49734 0.277359
5.50049 0.277314
5.50365 0.277275
5.5068 0.27724
5.50995 0.27721
5.5131 0.277684
5.51625 0.278098
5.51941 0.278461
5.52256 0.278654
5.52571 0.278822
5.52886 0.278969
5.53201 0.279223
5.53517 0.279445
5.53832 0.279639
5.54147 0.27981
5.54462 0.279833
5.54777 0.279854
5.55093 0.279872
5.55408 0.280013
5.55723 0.280137
5.56038 0.280245
5.56353 0.280214
5.56669 0.280187
5.56984 0.280164
5.57299 0.280143
5.57614 0.28025
5.57929 0.280344
5.58245 0.280426
5.5856 0.280373
5.58875 0.280326
5.5919 0.280285
5.59505 0.280375
5.59821 0.280453
5.60136 0.280521
5.60451 0.280956
5.60766 0.281337
5.61081 0.281545
5.61397 0.281726
5.61712 0.282011
5.62027 0.282259
5.62342 0.282477
5.62657 0.282667
5.62973 0.282709
5.63288 0.282745
5.63603 0.282902
5.63918 0.283039
5.64233 0.283159
5.64549 0.283265
5.64864 0.283356
5.65179 0.283312
5.65494 0.283273
5.65809 0.283364
5.66125 0.283443
5.6644 0.283513
5.66755 0.283574
5.6707 0.283502
5.67385 0.283439
5.67701 0.283509
5.68016 0.283571
5.68331 0.283624
5.68646 0.283671
5.68961 0.283712
5.69277 0.283623
5.69592 0.283545
5.69907 0.283602
5.70222 0.283652
5.70537 0.28407
5.70853 0.284437
5.71168 0.284757
5.71483 0.285037
5.71798 0.285158
5.72113 0.285388
5.72429 0.28559
5.72744 0.285766
5.73059 0.28592
5.73374 0.286055
5.73689 0.286048
5.74005 0.286167
5.7432 0.286271
5.74635 0.286362
5.7495 0.286442
5.75265 0.286512
5.75581 0.286573
5.75896 0.286501
5.76211 0.286564
5.76526 0.286618
5.76841 0.286666
5.77157 0.286708
5.77472 0.286744
5.77787 0.286651
5.78102 0.286695
5.78417 0.286733
5.78733 0.286766
5.79048 0.286796
5.79363 0.286821
5.79678 0.286843
5.79993 0.286738
5.80309 0.286771
5.80624 0.286799
5.80939 0.286824
5.81254 0.286846
5.81569 0.286866
5.81885 0.287257
5.822 0.287475
5.82515 0.287791
5.8283 0.288067
5.83145 0.288309
5.83461 0.28852
5.83776 0.288705
5.84091 0.288867
5.84406 0.289009
5.84721 0.289132
5.85037 0.289241
5.85352 0.289336
5.85667 0.289419
5.85982 0.289491
5.86297 0.289555
5.86613 0.289611
5.86928 0.289659
5.87243 0.289702
5.87558 0.289739
5.87873 0.289772
5.88189 0.2898
5.88504 0.289825
5.88819 0.289847
5.89134 0.289866
5.89449 0.289883
5.89765 0.289898
5.9008 0.28991
5.90395 0.289922
5.9071 0.289931
5.91025 0.28994
5.91341 0.289947
5.91656 0.289954
5.91971 0.28996
5.92286 0.289965
5.92601 0.289969
5.92917 0.289973
5.93232 0.289976
5.93547 0.289979
5.93862 0.289982
5.94177 0.290359
5.94493 0.290689
5.94808 0.291103
5.95123 0.29134
5.95438 0.291548
5.95753 0.291729
5.96069 0.291888
5.96384 0.292027
5.96699 0.292149
5.97014 0.292255
5.97329 0.292348
5.97645 0.29243
5.9796 0.292501
5.98275 0.292563
5.9859 0.292618
5.98905 0.292791
5.99221 0.292817
5.99536 0.29284
5.99851 0.29286
6.00166 0.292877
6.00481 0.292893
6.00797 0.292906
6.01112 0.293043
6.01427 0.293037
6.01742 0.293033
6.02057 0.293029
6.02373 0.293025
6.02688 0.293022
6.03003 0.293144
6.03318 0.293126
6.03633 0.29311
6.03949 0.293097
6.04264 0.293085
6.04579 0.293074
6.04894 0.293065
6.05209 0.293182
6.05525 0.293159
6.0584 0.293139
6.06155 0.293122
6.0647 0.293106
6.06785 0.293093
6.07101 0.293207
6.07416 0.293181
6.07731 0.293158
6.08046 0.293513
6.08361 0.293824
6.08677 0.294096
6.08992 0.294334
6.09307 0.294667
6.09622 0.294959
6.09937 0.295089
6.10253 0.295203
6.10568 0.295303
6.10883 0.29539
6.11198 0.295466
6.11513 0.295658
6.11829 0.295826
6.12144 0.295847
6.12459 0.295866
6.12774 0.295883
6.13089 0.295898
6.13405 0.296036
6.1372 0.296156
6.14035 0.296137
6.1435 0.29612
6.14665 0.296105
6.14981 0.296091
6.15296 0.29608
6.15611 0.296195
6.15926 0.296296
6.16241 0.296259
6.16557 0.296226
6.16872 0.296198
6.17187 0.296173
6.17502 0.296277
6.17817 0.296367
6.18133 0.296321
6.18448 0.296281
6.18763 0.296246
6.19078 0.296215
6.19393 0.296188
6.19709 0.29629
6.20024 0.296379
6.20339 0.296331
6.20654 0.29629
6.20969 0.296254
6.21285 0.296222
6.216 0.296194
6.21915 0.296295
6.2223 0.296258
6.22545 0.296226
6.22861 0.296198
6.23176 0.296173
6.23491 0.296526
6.23806 0.29696
6.24121 0.29734
6.24437 0.297673
6.24752 0.297839
6.25067 0.297984
6.25382 0.298111
6.25697 0.298222
6.26013 0.298444
6.26328 0.298639
6.26643 0.298809
6.26958 0.298833
6.27273 0.298854
6.27589 0.298872
6.27904 0.299013
6.28219 0.299136
6.28534 0.299244
6.28849 0.299214
6.29165 0.299187
6.2948 0.299164
6.29795 0.299143
6.3011 0.29925
6.30425 0.299344
6.30741 0.299426
6.31056 0.299373
6.31371 0.299326
6.31686 0.299285
6.32001 0.299375
6.32316 0.299453
6.32632 0.299521
6.32947 0.299456
6.33262 0.299399
6.33577 0.299349
6.33892 0.299306
6.34208 0.299392
6.34523 0.299468
6.34838 0.299535
6.35153 0.299468
6.35468 0.299409
6.35784 0.299358
6.36099 0.299313
6.36414 0.299399
6.36729 0.299474
6.37044 0.299415
6.3736 0.299363
6.37675 0.299318
6.3799 0.299278
6.38305 0.299368
6.3862 0.299447
6.38936 0.299516
6.39251 0.299452
6.39566 0.299395
6.39881 0.299346
6.40196 0.299303
6.40512 0.29939
6.40827 0.299466
6.41142 0.299533
6.41457 0.299966
6.41772 0.30022
6.42088 0.300443
6.42403 0.300763
6.42718 0.301042
6.43033 0.301287
6.43348 0.301501
6.43664 0.301563
6.43979 0.301618
6.44294 0.301666
6.44609 0.301833
6.44924 0.301978
6.4524 0.302106
6.45555 0.302218
6.4587 0.302191
6.46185 0.302167
6.465 0.302271
6.46816 0.302362
6.47131 0.302442
6.47446 0.302512
6.47761 0.302448
6.48076 0.302392
6.48392 0.302343
6.48707 0.302425
6.49022 0.302497
6.49337 0.30256
6.49652 0.302615
6.49968 0.302538
6.50283 0.302471
6.50598 0.302412
6.50913 0.302485
6.51228 0.30255
6.51544 0.302606
6.51859 0.302655
6.52174 0.302573
6.52489 0.302502
6.52804 0.302564
6.5312 0.302618
6.53435 0.302666
6.5375 0.302708
6.54065 0.302619
6.5438 0.302542
6.54696 0.302474
6.55011 0.30254
6.55326 0.302597
6.55641 0.302648
6.55956 0.302692
6.56272 0.302605
6.56587 0.30253
6.56902 0.302588
6.57217 0.30264
6.57532 0.302685
6.57848 0.302724
6.58163 0.302634
6.58478 0.302555
6.58793 0.302485
6.59108 0.30255
6.59424 0.302606
6.59739 0.302655
6.60054 0.302698
6.60369 0.302611
6.60684 0.302535
6.61 0.302468
6.61315 0.302534
6.6163 0.302593
6.61945 0.302643
6.6226 0.303063
6.62576 0.303305
6.62891 0.303517
6.63206 0.303827
6.63521 0.304099
6.63836 0.304337
6.64152 0.304545
6.64467 0.304726
6.64782 0.304761
6.65097 0.304791
6.65412 0.304942
6.65728 0.305074
6.66043 0.30519
6.66358 0.305291
6.66673 0.30538
6.66988 0.305332
6.67304 0.305416
6.67619 0.305489
6.67934 0.305553
6.68249 0.305609
6.68564 0.305657
6.6888 0.305575
6.69195 0.305503
6.6951 0.305565
6.69825 0.30562
6.7014 0.305667
6.70456 0.305709
6.70771 0.305745
6.71086 0.305652
6.71401 0.305696
6.71716 0.305734
6.72032 0.305767
6.72347 0.305796
6.72662 0.305822
6.72977 0.305719
6.73292 0.305629
6.73608 0.305675
6.73923 0.305716
6.74238 0.305751
6.74553 0.305783
6.74868 0.30581
6.75184 0.305708
6.75499 0.30562
6.75814 0.305667
6.76129 0.305709
6.76444 0.305745
6.7676 0.305777
6.77075 0.30568
6.7739 0.305595
6.77705 0.305646
6.7802 0.30569
6.78336 0.305729
6.78651 0.305763
6.78966 0.305792
6.79281 0.305693
6.79596 0.305607
6.79912 0.305656
6.80227 0.305699
6.80542 0.305736
6.80857 0.305769
6.81172 0.305798
6.81488 0.305698
6.81803 0.305736
6.82118 0.305769
6.82433 0.305798
6.82748 0.305823
6.83064 0.305845
6.83379 0.30574
6.83694 0.305647
6.84009 0.305691
6.84324 0.30573
6.8464 0.305764
6.84955 0.305793
6.8527 0.305819
6.85585 0.305717
6.859 0.305752
6.86216 0.305783
6.86531 0.30581
6.86846 0.305834
6.87161 0.305855
6.87476 0.305748
6.87792 0.305654
6.88107 0.305698
6.88422 0.30611
6.88737 0.306472
6.89052 0.306788
6.89368 0.307064
6.89683 0.307306
6.89998 0.307393
6.90313 0.307594
6.90628 0.30777
6.90944 0.307923
6.91259 0.308058
6.91574 0.308176
6.91889 0.308279
6.92204 0.308369
6.9252 0.308448
6.92835 0.308517
6.9315 0.308577
6.93465 0.30863
6.9378 0.308676
6.94096 0.308592
6.94411 0.308643
6.94726 0.308687
6.95041 0.308727
6.95356 0.308761
6.95672 0.308791
6.95987 0.308817
6.96302 0.30884
6.96617 0.30886
6.96932 0.308877
6.97248 0.308893
6.97563 0.308906
6.97878 0.308918
6.98193 0.308803
6.98508 0.308828
6.98824 0.308849
6.99139 0.308868
6.99454 0.308885
6.99769 0.308899
7.00084 0.308912
7.004 0.308798
7.00715 0.308823
7.0103 0.308845
7.01345 0.308864
7.0166 0.308881
7.01976 0.308896
7.02291 0.308784
7.02606 0.308811
7.02921 0.308835
7.03236 0.308855
7.03552 0.308873
7.03867 0.308889
7.04182 0.308903
7.04497 0.30879
7.04812 0.308816
7.05128 0.308839
7.05443 0.308859
7.05758 0.308877
7.06073 0.308892
7.06388 0.308906
7.06704 0.308918
7.07019 0.308928
7.07334 0.308937
7.07649 0.308945
7.07964 0.308952
7.0828 0.308958
7.08595 0.308838
7.0891 0.308858
7.09225 0.308876
7.0954 0.308891
7.09856 0.308905
7.10171 0.308917
7.10486 0.308927
7.10801 0.308936
7.11116 0.308944
7.11432 0.308951
7.11747 0.308957
7.12062 0.308963
7.12377 0.308967
7.12692 0.308846
7.13008 0.308866
7.13323 0.308882
7.13638 0.308897
7.13953 0.30891
7.14268 0.308921
7.14584 0.308931
7.14899 0.308815
7.15214 0.308838
7.15529 0.308858
7.15844 0.308876
7.1616 0.308891
7.16475 0.308905
7.1679 0.308792
7.17105 0.308818
7.1742 0.308841
7.17736 0.308861
7.18051 0.308878
7.18366 0.308893
7.18681 0.308907
7.18996 0.308793
7.19312 0.308819
7.19627 0.308842
7.19942 0.309236
7.20257 0.309582
7.20572 0.309884
7.20888 0.310149
7.21203 0.310505
7.21518 0.310692
7.21833 0.310855
7.22148 0.310999
7.22464 0.311124
7.22779 0.311233
7.23094 0.311329
7.23409 0.311413
7.23724 0.311486
7.2404 0.311551
7.24355 0.311607
7.2467 0.311656
7.24985 0.311699
7.253 0.311862
7.25616 0.311879
7.25931 0.311894
7.26246 0.311907
7.26561 0.311919
7.26876 0.311929
7.27192 0.311938
7.27507 0.311946
7.27822 0.311952
7.28137 0.311958
7.28452 0.311964
7.28768 0.311968
7.29083 0.311972
7.29398 0.311976
7.29713 0.311979
7.30028 0.311981
7.30344 0.311984
7.30659 0.311986
7.30974 0.311987
7.31289 0.311989
7.31604 0.312115
7.3192 0.312101
7.32235 0.312088
7.3255 0.312077
7.32865 0.312068
7.3318 0.312059
7.33496 0.312052
7.33811 0.312045
7.34126 0.31204
7.34441 0.312035
7.34756 0.31203
7.35072 0.312027
7.35387 0.312023
7.35702 0.312145
7.36017 0.312127
7.36332 0.312111
7.36648 0.312097
7.36963 0.312085
7.37278 0.312075
7.37593 0.312065
7.37908 0.312057
7.38224 0.31205
7.38539 0.312044
7.38854 0.312038
7.39169 0.312033
7.39484 0.312029
7.398 0.312026
7.40115 0.312022
7.4043 0.31202
7.40745 0.312017
7.4106 0.312015
7.41376 0.312013
7.41691 0.312011
7.42006 0.31201
7.42321 0.312009
7.42636 0.312008
7.42952 0.312007
7.43267 0.312006
7.43582 0.312005
7.43897 0.312005
7.44212 0.312004
7.44528 0.312003
7.44843 0.312003
7.45158 0.312003
7.45473 0.312002
7.45788 0.312002
7.46104 0.312127
7.46419 0.312111
7.46734 0.312097
7.47049 0.312085
7.47364 0.312074
7.4768 0.312065
7.47995 0.312057
7.4831 0.31205
7.48625 0.312044
7.4894 0.312038
7.49256 0.312033
7.49571 0.312029
7.49886 0.312026
7.50201 0.312147
7.50516 0.312129
7.50832 0.312113
7.51147 0.312099
7.51462 0.312086
7.51777 0.312076
7.52092 0.312066
7.52408 0.312058
7.52723 0.312051
7.53038 0.312044
7.53353 0.312039
7.53668 0.312034
7.53984 0.31203
7.54299 0.312026
7.54614 0.312023
7.54929 0.31202
7.55244 0.312017
7.5556 0.312015
7.55875 0.312013
7.5619 0.312012
7.56505 0.31201
7.5682 0.312009
7.57136 0.312008
7.57451 0.312007
7.57766 0.312006
7.58081 0.312005
7.58396 0.312005
7.58712 0.312004
7.59027 0.312003
7.59342 0.312003
7.59657 0.312003
7.59972 0.312002
7.60288 0.312002
7.60603 0.312127
7.60918 0.312111
7.61233 0.312097
7.61548 0.312085
7.61864 0.312074
7.62179 0.312065
7.62494 0.312057
7.62809 0.31205
7.63124 0.312044
7.6344 0.312038
7.63755 0.312033
7.6407 0.312029
7.64385 0.312026
7.647 0.312147
7.65016 0.312129
7.65331 0.312113
7.65646 0.312099
7.65961 0.312086
7.66276 0.312076
7.66592 0.312066
7.66907 0.312058
7.67222 0.312051
7.67537 0.312044
7.67852 0.312039
7.68168 0.312034
7.68483 0.31203
7.68798 0.312026
7.69113 0.312023
7.69428 0.31202
7.69744 0.312017
7.70059 0.312015
7.70374 0.312013
7.70689 0.312012
7.71004 0.312135
7.7132 0.312118
7.71635 0.312104
7.7195 0.312091
7.72265 0.312079
7.7258 0.312069
7.72896 0.312061
7.73211 0.312053
7.73526 0.312046
7.73841 0.312041
7.74156 0.312036
7.74472 0.312031
7.74787 0.312027
7.75102 0.312524
7.75417 0.312958
7.75732 0.313214
7.76048 0.313437
7.76363 0.313632
7.76678 0.313803
7.76993 0.313953
7.77308 0.314209
7.77624 0.314308
7.77939 0.314394
7.78254 0.31447
7.78569 0.314536
7.78884 0.314594
7.792 0.314645
7.79515 0.314814
7.7983 0.314837
7.80145 0.314858
7.8046 0.314876
7.80776 0.314891
7.81091 0.314905
7.81406 0.315042
7.81721 0.315036
7.82036 0.315032
7.82352 0.315028
7.82667 0.315024
7.82982 0.315021
7.83297 0.315019
7.83612 0.315141
7.83928 0.315124
7.84243 0.315108
7.84558 0.315095
7.84873 0.315083
7.85188 0.315072
7.85504 0.315188
7.85819 0.31529
7.86134 0.315254
7.86449 0.315222
7.86764 0.315194
7.8708 0.31517
7.87395 0.315149
7.8771 0.315255
7.88025 0.315223
7.8834 0.315195
7.88656 0.315171
7.88971 0.31515
7.89286 0.315131
7.89601 0.315239
7.89916 0.315335
7.90232 0.315293
7.90547 0.315256
7.90862 0.315224
7.91177 0.315196
7.91492 0.315172
7.91808 0.315275
7.92123 0.315241
7.92438 0.315211
7.92753 0.315184
7.93068 0.315161
7.93384 0.315141
7.93699 0.315123
7.94014 0.315233
7.94329 0.315204
7.94644 0.315178
7.9496 0.315156
7.95275 0.315137
7.9559 0.31512
7.95905 0.31523
7.9622 0.315201
7.96536 0.315176
7.96851 0.315154
7.97166 0.315135
7.97481 0.315118
7.97796 0.315103
7.98112 0.315215
7.98427 0.315188
7.98742 0.315165
7.99057 0.315144
7.99372 0.315126
7.99688 0.31511
8.00003 0.315222
8.00318 0.315319
8.00633 0.315279
8.00948 0.315244
8.01264 0.315214
8.01579 0.315187
8.01894 0.315164
8.02209 0.315268
8.02524 0.315235
8.0284 0.315205
8.03155 0.31518
8.0347 0.315157
8.03785 0.315138
8.041 0.315245
8.04416 0.31534
8.04731 0.315297
8.05046 0.31526
8.05361 0.315228
8.05676 0.315199
8.05992 0.315174
8.06307 0.315277
8.06622 0.315243
8.06937 0.315212
8.07252 0.315186
8.07568 0.315163
8.07883 0.315142
8.08198 0.315125
8.08513 0.315234
8.08828 0.315205
8.09144 0.315179
8.09459 0.315157
8.09774 0.315137
8.10089 0.31512
8.10404 0.31523
8.1072 0.315326
8.11035 0.315285
8.1135 0.31525
8.11665 0.315219
8.1198 0.315191
8.12296 0.315167
8.12611 0.315271
8.12926 0.315237
8.13241 0.315208
8.13556 0.315182
8.13872 0.315159
8.14187 0.315139
8.14502 0.315247
8.14817 0.315341
8.15132 0.315298
8.15448 0.315261
8.15763 0.315228
8.16078 0.3152
8.16393 0.315175
8.16708 0.315278
8.17024 0.315243
8.17339 0.315213
8.17654 0.315186
8.17969 0.315163
8.18284 0.315143
8.186 0.315125
8.18915 0.315234
8.1923 0.315205
8.19545 0.315179
8.1986 0.315157
8.20176 0.315137
8.20491 0.31512
8.20806 0.31523
8.21121 0.315201
8.21436 0.315176
8.21752 0.315154
8.22067 0.315135
8.22382 0.315118
8.22697 0.315103
8.23012 0.315215
8.23328 0.315188
8.23643 0.315165
8.23958 0.315144
8.24273 0.315126
8.24588 0.31511
8.24904 0.315222
8.25219 0.315319
8.25534 0.315279
8.25849 0.315244
8.26164 0.315214
8.2648 0.315187
8.26795 0.315164
8.2711 0.315268
8.27425 0.315235
8.2774 0.315205
8.28056 0.31518
8.28371 0.315157
8.28686 0.315138
8.29001 0.315245
8.29316 0.31534
8.29632 0.315297
8.29947 0.31526
8.30262 0.315228
8.30577 0.315199
8.30892 0.315174
8.31208 0.315277
8.31523 0.315243
8.31838 0.315212
8.32153 0.315186
8.32468 0.315163
8.32784 0.315142
8.33099 0.315125
8.33414 0.315234
8.33729 0.315205
8.34044 0.315179
8.3436 0.315157
8.34675 0.315137
8.3499 0.31512
8.35305 0.31523
8.3562 0.315201
8.35936 0.315176
8.36251 0.315154
8.36566 0.315135
8.36881 0.315118
8.37196 0.315103
8.37512 0.315215
8.37827 0.315188
8.38142 0.315165
8.38457 0.315144
8.38772 0.315126
8.39088 0.31511
8.39403 0.315222
8.39718 0.315319
8.40033 0.315279
8.40348 0.315244
8.40664 0.315214
8.40979 0.315187
8.41294 0.315164
8.41609 0.315268
8.41924 0.315235
8.4224 0.315205
8.42555 0.31518
8.4287 0.315157
8.43185 0.315138
8.435 0.315245
8.43816 0.31534
8.44131 0.315297
8.44446 0.31526
8.44761 0.315228
8.45076 0.315199
8.45392 0.315174
8.45707 0.315277
8.46022 0.315243
8.46337 0.315212
8.46652 0.315186
8.46968 0.315163
8.47283 0.315142
8.47598 0.315125
8.47913 0.315234
8.48228 0.315205
8.48544 0.315179
8.48859 0.315157
8.49174 0.315137
8.49489 0.31512
8.49804 0.31523
8.5012 0.315326
8.50435 0.315285
8.5075 0.31525
8.51065 0.315219
8.5138 0.315191
8.51696 0.315167
8.52011 0.315271
8.52326 0.315237
8.52641 0.315208
8.52956 0.315182
8.53272 0.315159
8.53587 0.315139
8.53902 0.315247
8.54217 0.315341
8.54532 0.315798
8.54848 0.316074
8.55163 0.316314
8.55478 0.316525
8.55793 0.316709
8.56108 0.316996
8.56424 0.317246
8.56739 0.31734
8.57054 0.317423
8.57369 0.317495
8.57684 0.317558
8.58 0.317613
8.58315 0.317787
8.5863 0.317938
8.58945 0.317946
8.5926 0.317953
8.59576 0.317959
8.59891 0.317964
8.60206 0.318093
8.60521 0.318207
8.60836 0.318181
8.61152 0.318158
8.61467 0.318138
8.61782 0.318121
8.62097 0.318106
8.62412 0.318218
8.62728 0.318316
8.63043 0.318276
8.63358 0.318242
8.63673 0.318211
8.63988 0.318185
8.64304 0.318287
8.64619 0.318376
8.64934 0.318454
8.65249 0.318397
8.65564 0.318348
8.6588 0.318304
8.66195 0.318266
8.6651 0.318358
8.66825 0.318438
8.6714 0.318383
8.67456 0.318335
8.67771 0.318294
8.68086 0.318257
8.68401 0.31835
8.68716 0.318431
8.69032 0.318502
8.69347 0.318439
8.69662 0.318384
8.69977 0.318336
8.70292 0.318294
8.70608 0.318383
8.70923 0.31846
8.71238 0.318402
8.71553 0.318352
8.71868 0.318308
8.72184 0.318269
8.72499 0.318236
8.72814 0.318331
8.73129 0.318415
8.73444 0.318363
8.7376 0.318318
8.74075 0.318278
8.7439 0.318243
8.74705 0.318338
8.7502 0.318421
8.75336 0.318368
8.75651 0.318322
8.75966 0.318282
8.76281 0.318247
8.76596 0.318216
8.76912 0.318314
8.77227 0.3184
8.77542 0.31835
8.77857 0.318306
8.78172 0.318268
8.78488 0.318234
8.78803 0.31833
8.79118 0.318414
8.79433 0.318487
8.79748 0.318426
8.80064 0.318373
8.80379 0.318326
8.80694 0.318285
8.81009 0.318375
8.81324 0.318453
8.8164 0.318396
8.81955 0.318347
8.8227 0.318303
8.82585 0.318265
8.829 0.318357
8.83216 0.318438
8.83531 0.318508
8.83846 0.318444
8.84161 0.318389
8.84476 0.31834
8.84792 0.318298
8.85107 0.318386
8.85422 0.318462
8.85737 0.318405
8.86052 0.318354
8.86368 0.31831
8.86683 0.318271
8.86998 0.318237
8.87313 0.318332
8.87628 0.318416
8.87944 0.318364
8.88259 0.318318
8.88574 0.318279
8.88889 0.318244
8.89204 0.318338
8.8952 0.318421
8.89835 0.318493
8.9015 0.318432
8.90465 0.318378
8.9078 0.318331
8.91096 0.318289
8.91411 0.318378
8.91726 0.318456
8.92041 0.318399
8.92356 0.318349
8.92672 0.318305
8.92987 0.318267
8.93302 0.318359
8.93617 0.318439
8.93932 0.318509
8.94248 0.318445
8.94563 0.31839
8.94878 0.318341
8.95193 0.318298
8.95508 0.318386
8.95824 0.318463
8.96139 0.318405
8.96454 0.318354
8.96769 0.31831
8.97084 0.318271
8.974 0.318237
8.97715 0.318333
8.9803 0.318416
8.98345 0.318364
8.9866 0.318319
8.98976 0.318279
8.99291 0.318244
8.99606 0.318338
8.99921 0.318421
9.00236 0.318368
9.00552 0.318322
9.00867 0.318282
9.01182 0.318247
9.01497 0.318216
9.01812 0.318314
9.02128 0.3184
9.02443 0.31835
9.02758 0.318306
9.03073 0.318268
9.03388 0.318234
9.03704 0.31833
9.04019 0.318414
9.04334 0.318487
9.04649 0.318426
9.04964 0.318373
9.0528 0.318326
9.05595 0.318286
9.0591 0.318375
9.06225 0.318453
9.0654 0.318396
9.06856 0.318347
9.07171 0.318303
9.07486 0.318266
9.07801 0.318357
9.08116 0.318438
9.08432 0.318508
9.08747 0.318444
9.09062 0.318389
9.09377 0.31834
9.09692 0.318298
9.10008 0.318386
9.10323 0.318462
9.10638 0.318405
9.10953 0.318354
9.11268 0.31831
9.11584 0.318271
9.11899 0.318237
9.12214 0.318332
9.12529 0.318416
9.12844 0.318364
9.1316 0.318318
9.13475 0.318279
9.1379 0.318244
9.14105 0.318338
9.1442 0.318421
9.14736 0.318368
9.15051 0.318322
9.15366 0.318282
9.15681 0.318247
9.15996 0.318216
9.16312 0.318314
9.16627 0.3184
9.16942 0.31835
9.17257 0.318306
9.17572 0.318268
9.17888 0.318234
9.18203 0.31833
9.18518 0.318414
9.18833 0.318487
9.19148 0.318426
9.19464 0.318373
9.19779 0.318326
9.20094 0.318285
9.20409 0.318375
9.20724 0.318453
9.2104 0.318396
9.21355 0.318347
9.2167 0.318303
9.21985 0.318266
9.223 0.318357
9.22616 0.318438
9.22931 0.318508
9.23246 0.318444
9.23561 0.318389
9.23876 0.31834
9.24192 0.318298
9.24507 0.318386
9.24822 0.318462
9.25137 0.318405
9.25452 0.318354
9.25768 0.31831
9.26083 0.318271
9.26398 0.318237
9.26713 0.318332
9.27028 0.318416
9.27344 0.318364
9.27659 0.318318
9.27974 0.318279
9.28289 0.318244
9.28604 0.318338
9.2892 0.318421
9.29235 0.318493
9.2955 0.318432
9.29865 0.318378
9.3018 0.318331
9.30496 0.318289
9.30811 0.318378
9.31126 0.318456
9.31441 0.318399
9.31756 0.318349
9.32072 0.318305
9.32387 0.318267
9.32702 0.318359
9.33017 0.318439
9.33332 0.318509
9.33648 0.318445
9.33963 0.31839
9.34278 0.318341
9.34593 0.318673
9.34908 0.319089
9.35224 0.319453
9.35539 0.319771
9.35854 0.319925
9.36169 0.320059
9.36484 0.320177
9.368 0.32028
9.37115 0.320495
9.3743 0.320683
9.37745 0.320848
9.3806 0.320867
9.38376 0.320883
9.38691 0.320898
9.39006 0.321036
9.39321 0.321156
9.39636 0.321262
9.39952 0.321229
9.40267 0.3212
9.40582 0.321175
9.40897 0.321153
9.41212 0.321259
9.41528 0.321352
9.41843 0.321433
9.42158 0.321379
9.42473 0.321331
9.42788 0.32129
9.43104 0.321379
9.43419 0.321456
9.43734 0.321524
9.44049 0.321584
9.44364 0.321511
9.4468 0.321447
9.44995 0.321391
9.4531 0.321467
9.45625 0.321534
9.4594 0.321592
9.46256 0.321518
9.46571 0.321453
9.46886 0.321397
9.47201 0.321472
9.47516 0.321538
9.47831 0.321596
9.48147 0.321646
9.48462 0.321566
9.48777 0.321495
9.49092 0.321433
9.49407 0.321504
9.49723 0.321566
9.50038 0.32162
9.50353 0.321543
9.50668 0.321475
9.50983 0.321415
9.51299 0.321364
9.51614 0.321443
9.51929 0.321513
9.52244 0.321574
9.52559 0.321502
9.52875 0.321439
9.5319 0.321384
9.53505 0.321461
9.5382 0.321529
9.54135 0.321588
9.54451 0.321514
9.54766 0.32145
9.55081 0.321394
9.55396 0.321344
9.55711 0.321426
9.56027 0.321498
9.56342 0.321561
9.56657 0.321491
9.56972 0.321429
9.57287 0.321376
9.57603 0.321454
9.57918 0.321522
9.58233 0.321582
9.58548 0.321634
9.58863 0.321555
9.59179 0.321485
9.59494 0.321425
9.59809 0.321497
9.60124 0.32156
9.60439 0.321615
9.60755 0.321538
9.6107 0.321471
9.61385 0.321412
9.617 0.321485
9.62015 0.32155
9.62331 0.321606
9.62646 0.321655
9.62961 0.321573
9.63276 0.321502
9.63591 0.321439
9.63907 0.321509
9.64222 0.32157
9.64537 0.321624
9.64852 0.321546
9.65167 0.321478
9.65483 0.321418
9.65798 0.321366
9.66113 0.321445
9.66428 0.321514
9.66743 0.321575
9.67059 0.321503
9.67374 0.32144
9.67689 0.321385
9.68004 0.321462
9.68319 0.321529
9.68635 0.321588
9.6895 0.32164
9.69265 0.32156
9.6958 0.32149
9.69895 0.321429
9.70211 0.3215
9.70526 0.321562
9.70841 0.321617
9.71156 0.32154
9.71471 0.321473
9.71787 0.321413
9.72102 0.321487
9.72417 0.321551
9.72732 0.321607
9.73047 0.321656
9.73363 0.321574
9.73678 0.321502
9.73993 0.32144
9.74308 0.32151
9.74623 0.321571
9.74939 0.321625
9.75254 0.321546
9.75569 0.321478
9.75884 0.321418
9.76199 0.321366
9.76515 0.321445
9.7683 0.321515
9.77145 0.321575
9.7746 0.321503
9.77775 0.32144
9.78091 0.321385
9.78406 0.321462
9.78721 0.321529
9.79036 0.321588
9.79351 0.321515
9.79667 0.32145
9.79982 0.321394
9.80297 0.321345
9.80612 0.321427
9.80927 0.321498
9.81243 0.321561
9.81558 0.321491
9.81873 0.32143
9.82188 0.321376
9.82503 0.321454
9.82819 0.321522
9.83134 0.321582
9.83449 0.321634
9.83764 0.321555
9.84079 0.321486
9.84395 0.321425
9.8471 0.321497
9.85025 0.32156
9.8534 0.321615
9.85655 0.321538
9.85971 0.321471
9.86286 0.321412
9.86601 0.321485
9.86916 0.32155
9.87231 0.321606
9.87547 0.321655
9.87862 0.321573
9.88177 0.321502
9.88492 0.321439
9.88807 0.321509
9.89123 0.32157
9.89438 0.321624
9.89753 0.321546
9.90068 0.321478
9.90383 0.321418
9.90699 0.321366
9.91014 0.321445
9.91329 0.321514
9.91644 0.321575
9.91959 0.321503
9.92275 0.32144
9.9259 0.321385
9.92905 0.321462
9.9322 0.321529
9.93535 0.321588
9.93851 0.321515
9.94166 0.32145
9.94481 0.321394
9.94796 0.321345
9.95111 0.321427
9.95427 0.321498
9.95742 0.321561
9.96057 0.321491
9.96372 0.32143
9.96687 0.321376
9.97003 0.321454
9.97318 0.321522
9.97633 0.321582
9.97948 0.321634
9.98263 0.321555
9.98579 0.321486
9.98894 0.321425
9.99209 0.321497
9.99524 0.32156
9.99839 0.321615
10.0015 0.321538
10.0047 0.321471
10.0079 0.321412
10.011 0.321485
10.0142 0.32155
10.0173 0.321606
10.0205 0.321655
10.0236 0.321573
10.0268 0.321502
10.0299 0.321439
10.0331 0.321509
10.0362 0.32157
10.0394 0.321624
10.0425 0.321546
10.0457 0.321478
10.0488 0.321418
10.052 0.321366
10.0551 0.321445
10.0583 0.321514
10.0614 0.321575
10.0646 0.321503
10.0677 0.32144
10.0709 0.321385
10.074 0.321462
10.0772 0.321529
10.0803 0.321588
10.0835 0.32164
10.0867 0.32156
10.0898 0.32149
10.093 0.321429
10.0961 0.3215
10.0993 0.321562
10.1024 0.321617
10.1056 0.32154
10.1087 0.321473
10.1119 0.321413
10.115 0.321487
10.1182 0.321551
10.1213 0.321607
10.1245 0.321656
10.1276 0.321574
10.1308 0.321502
10.1339 0.32144
10.1371 0.32151
10.1402 0.321571
10.1434 0.321625
10.1465 0.321546
10.1497 0.321478
10.1528 0.321793
10.156 0.322069
10.1591 0.322436
10.1623 0.322756
10.1655 0.323037
10.1686 0.323282
10.1718 0.323372
10.1749 0.32345
10.1781 0.323644
10.1812 0.323814
10.1844 0.323962
10.1875 0.324092
10.1907 0.32408
10.1938 0.32407
10.197 0.324061
10.2001 0.324179
10.2033 0.324281
10.2064 0.324371
10.2096 0.32445
10.2127 0.324394
10.2159 0.324344
10.219 0.324426
10.2222 0.324498
10.2253 0.324561
10.2285 0.324616
10.2316 0.324664
10.2348 0.324581
10.2379 0.324508
10.2411 0.32457
10.2443 0.324623
10.2474 0.324671
10.2506 0.324712
10.2537 0.324623
10.2569 0.324545
10.26 0.324602
10.2632 0.324652
10.2663 0.324695
10.2695 0.324733
10.2726 0.324767
10.2758 0.324671
10.2789 0.324587
10.2821 0.324639
10.2852 0.324684
10.2884 0.324723
10.2915 0.324758
10.2947 0.324663
10.2978 0.32458
10.301 0.324508
10.3041 0.324569
10.3073 0.324623
10.3104 0.32467
10.3136 0.324711
10.3167 0.324622
10.3199 0.324545
10.3231 0.324602
10.3262 0.324651
10.3294 0.324695
10.3325 0.324733
10.3357 0.324641
10.3388 0.324561
10.342 0.324491
10.3451 0.324555
10.3483 0.32461
10.3514 0.324659
10.3546 0.324702
10.3577 0.324614
10.3609 0.324537
10.364 0.324595
10.3672 0.324646
10.3703 0.32469
10.3735 0.324729
10.3766 0.324763
10.3798 0.324667
10.3829 0.324584
10.3861 0.324636
10.3892 0.324681
10.3924 0.324721
10.3955 0.324756
10.3987 0.324662
10.4019 0.324579
10.405 0.324632
10.4082 0.324678
10.4113 0.324718
10.4145 0.324753
10.4176 0.324784
10.4208 0.324686
10.4239 0.3246
10.4271 0.32465
10.4302 0.324694
10.4334 0.324732
10.4365 0.324766
10.4397 0.32467
10.4428 0.324586
10.446 0.324513
10.4491 0.324574
10.4523 0.324627
10.4554 0.324674
10.4586 0.324714
10.4617 0.324625
10.4649 0.324547
10.468 0.324604
10.4712 0.324653
10.4743 0.324697
10.4775 0.324734
10.4807 0.324768
10.4838 0.324672
10.487 0.324588
10.4901 0.324639
10.4933 0.324684
10.4964 0.324724
10.4996 0.324758
10.5027 0.324664
10.5059 0.324581
10.509 0.324633
10.5122 0.324679
10.5153 0.324719
10.5185 0.324754
10.5216 0.324785
10.5248 0.324687
10.5279 0.324601
10.5311 0.324651
10.5342 0.324694
10.5374 0.324733
10.5405 0.324766
10.5437 0.32467
10.5468 0.324587
10.55 0.324513
10.5531 0.324574
10.5563 0.324627
10.5595 0.324674
10.5626 0.324715
10.5658 0.324625
10.5689 0.324547
10.5721 0.324604
10.5752 0.324653
10.5784 0.324697
10.5815 0.324735
10.5847 0.324643
10.5878 0.324562
10.591 0.324492
10.5941 0.324556
10.5973 0.324611
10.6004 0.32466
10.6036 0.324702
10.6067 0.324614
10.6099 0.324538
10.613 0.324595
10.6162 0.324646
10.6193 0.32469
10.6225 0.324729
10.6256 0.324763
10.6288 0.324668
10.6319 0.324584
10.6351 0.324636
10.6383 0.324682
10.6414 0.324721
10.6446 0.324756
10.6477 0.324662
10.6509 0.324579
10.654 0.324632
10.6572 0.324678
10.6603 0.324718
10.6635 0.324753
10.6666 0.324784
10.6698 0.324686
10.6729 0.3246
10.6761 0.32465
10.6792 0.324694
10.6824 0.324732
10.6855 0.324766
10.6887 0.32467
10.6918 0.324586
10.695 0.324513
10.6981 0.324574
10.7013 0.324627
10.7044 0.324674
10.7076 0.324715
10.7107 0.324625
10.7139 0.324547
10.7171 0.324604
10.7202 0.324653
10.7234 0.324697
10.7265 0.324734
10.7297 0.324643
10.7328 0.324562
10.736 0.324492
10.7391 0.324556
10.7423 0.324611
10.7454 0.32466
10.7486 0.324702
10.7517 0.324614
10.7549 0.324538
10.758 0.324595
10.7612 0.324646
10.7643 0.32469
10.7675 0.324729
10.7706 0.324763
10.7738 0.324667
10.7769 0.324584
10.7801 0.324636
10.7832 0.324682
10.7864 0.324721
10.7895 0.324756
10.7927 0.324662
10.7959 0.324579
10.799 0.324632
10.8022 0.324678
10.8053 0.324718
10.8085 0.324753
10.8116 0.324784
10.8148 0.324686
10.8179 0.3246
10.8211 0.32465
10.8242 0.324694
10.8274 0.324732
10.8305 0.324766
10.8337 0.32467
10.8368 0.324586
10.84 0.324513
10.8431 0.324574
10.8463 0.324627
10.8494 0.324674
10.8526 0.324714
10.8557 0.324625
10.8589 0.324547
10.862 0.324604
10.8652 0.324653
10.8683 0.324697
10.8715 0.324734
10.8747 0.324768
10.8778 0.324672
10.881 0.324588
10.8841 0.324639
10.8873 0.324684
10.8904 0.324724
10.8936 0.324758
10.8967 0.324664
10.8999 0.324581
10.903 0.324633
10.9062 0.324679
10.9093 0.324719
10.9125 0.324754
10.9156 0.324785
10.9188 0.324687
10.9219 0.324601
10.9251 0.324651
10.9282 0.324694
10.9314 0.324733
10.9345 0.324766
10.9377 0.32467
10.9408 0.324587
10.944 0.324513
10.9471 0.324574
10.9503 0.324627
10.9535 0.324674
10.9566 0.324715
10.9598 0.324625
10.9629 0.324547
10.9661 0.324604
10.9692 0.325028
10.9724 0.3254
10.9755 0.325725
10.9787 0.326009
10.9818 0.326133
10.985 0.326241
10.9881 0.326461
10.9913 0.326654
10.9944 0.326822
10.9976 0.326969
11.0007 0.327098
11.0039 0.327086
11.007 0.3272
11.0102 0.3273
11.0133 0.327388
11.0165 0.327464
11.0196 0.327531
11.0228 0.32759
11.0259 0.327516
11.0291 0.327576
11.0323 0.327629
11.0354 0.327676
11.0386 0.327716
11.0417 0.327752
11.0449 0.327658
11.048 0.327701
11.0512 0.327738
11.0543 0.327771
11.0575 0.327799
11.0606 0.327824
11.0638 0.327846
11.0669 0.327741
11.0701 0.327773
11.0732 0.327801
11.0764 0.327826
11.0795 0.327848
11.0827 0.327867
11.0858 0.327759
11.089 0.327664
11.0921 0.327706
11.0953 0.327743
11.0984 0.327775
11.1016 0.327803
11.1047 0.327828
11.1079 0.327724
11.111 0.327759
11.1142 0.327789
11.1174 0.327815
11.1205 0.327838
11.1237 0.327858
11.1268 0.327751
11.13 0.327657
11.1331 0.3277
11.1363 0.327738
11.1394 0.32777
11.1426 0.327799
11.1457 0.327824
11.1489 0.327721
11.152 0.327756
11.1552 0.327787
11.1583 0.327813
11.1615 0.327837
11.1646 0.327857
11.1678 0.327875
11.1709 0.327766
11.1741 0.327795
11.1772 0.32782
11.1804 0.327843
11.1835 0.327863
11.1867 0.32788
11.1898 0.32777
11.193 0.327799
11.1962 0.327824
11.1993 0.327846
11.2025 0.327865
11.2056 0.327882
11.2088 0.327897
11.2119 0.327785
11.2151 0.327812
11.2182 0.327835
11.2214 0.327856
11.2245 0.327874
11.2277 0.32789
11.2308 0.327778
11.234 0.327681
11.2371 0.327721
11.2403 0.327756
11.2434 0.327786
11.2466 0.327813
11.2497 0.327836
11.2529 0.327732
11.256 0.327765
11.2592 0.327795
11.2623 0.32782
11.2655 0.327843
11.2686 0.327862
11.2718 0.32788
11.275 0.32777
11.2781 0.327798
11.2813 0.327824
11.2844 0.327846
11.2876 0.327865
11.2907 0.327882
11.2939 0.327772
11.297 0.3278
11.3002 0.327825
11.3033 0.327847
11.3065 0.327866
11.3096 0.327883
11.3128 0.327898
11.3159 0.327785
11.3191 0.327812
11.3222 0.327836
11.3254 0.327856
11.3285 0.327874
11.3317 0.32789
11.3348 0.327779
11.338 0.327681
11.3411 0.327721
11.3443 0.327756
11.3474 0.327787
11.3506 0.327813
11.3538 0.327837
11.3569 0.327732
11.3601 0.327765
11.3632 0.327795
11.3664 0.32782
11.3695 0.327843
11.3727 0.327863
11.3758 0.327755
11.379 0.32766
11.3821 0.327703
11.3853 0.32774
11.3884 0.327772
11.3916 0.327801
11.3947 0.327826
11.3979 0.327723
11.401 0.327757
11.4042 0.327788
11.4073 0.327814
11.4105 0.327837
11.4136 0.327858
11.4168 0.327875
11.4199 0.327766
11.4231 0.327795
11.4262 0.327821
11.4294 0.327843
11.4326 0.327863
11.4357 0.32788
11.4389 0.32777
11.442 0.327799
11.4452 0.327824
11.4483 0.327846
11.4515 0.327865
11.4546 0.327882
11.4578 0.327897
11.4609 0.327785
11.4641 0.327812
11.4672 0.327835
11.4704 0.327856
11.4735 0.327874
11.4767 0.32789
11.4798 0.327778
11.483 0.327681
11.4861 0.327721
11.4893 0.327756
11.4924 0.327786
11.4956 0.327813
11.4987 0.327836
11.5019 0.327732
11.505 0.327765
11.5082 0.327795
11.5114 0.32782
11.5145 0.327843
11.5177 0.327862
11.5208 0.327755
11.524 0.32766
11.5271 0.327703
11.5303 0.32774
11.5334 0.327772
11.5366 0.327801
11.5397 0.327826
11.5429 0.327723
11.546 0.327757
11.5492 0.327788
11.5523 0.327814
11.5555 0.327837
11.5586 0.327858
11.5618 0.327875
11.5649 0.327766
11.5681 0.327795
11.5712 0.327821
11.5744 0.327843
11.5775 0.327863
11.5807 0.32788
11.5838 0.32777
11.587 0.327799
11.5902 0.327824
11.5933 0.327846
11.5965 0.327865
11.5996 0.327882
11.6028 0.327897
11.6059 0.327785
11.6091 0.327812
11.6122 0.327835
11.6154 0.327856
11.6185 0.327874
11.6217 0.32789
11.6248 0.327778
11.628 0.327681
11.6311 0.327721
11.6343 0.327756
11.6374 0.327786
11.6406 0.327813
11.6437 0.327836
11.6469 0.327732
11.65 0.327765
11.6532 0.327795
11.6563 0.32782
11.6595 0.327843
11.6626 0.327862
11.6658 0.32788
11.669 0.32777
11.6721 0.327798
11.6753 0.327824
11.6784 0.327846
11.6816 0.327865
11.6847 0.327882
11.6879 0.327772
11.691 0.3278
11.6942 0.327825
11.6973 0.327847
11.7005 0.327866
11.7036 0.327883
11.7068 0.327898
11.7099 0.327785
11.7131 0.327812
11.7162 0.327836
11.7194 0.327856
11.7225 0.327874
11.7257 0.32789
11.7288 0.327779
11.732 0.327681
11.7351 0.327721
11.7383 0.327756
11.7414 0.327787
11.7446 0.327813
11.7478 0.327837
11.7509 0.327732
11.7541 0.327765
11.7572 0.327795
11.7604 0.32782
11.7635 0.327843
11.7667 0.327863
11.7698 0.327755
11.773 0.32766
11.7761 0.327703
11.7793 0.32774
11.7824 0.327772
11.7856 0.327801
11.7887 0.327826
11.7919 0.327723
11.795 0.328132
11.7982 0.328491
11.8013 0.328804
11.8045 0.329079
11.8076 0.329319
11.8108 0.329529
11.8139 0.329713
11.8171 0.329874
11.8202 0.330015
11.8234 0.330138
11.8266 0.330246
11.8297 0.33034
11.8329 0.330422
11.836 0.330495
11.8392 0.330558
11.8423 0.330613
11.8455 0.330661
11.8486 0.330704
11.8518 0.330741
11.8549 0.330773
11.8581 0.330802
11.8612 0.330826
11.8644 0.330848
11.8675 0.330867
11.8707 0.330884
11.8738 0.330898
11.877 0.330786
11.8801 0.330813
11.8833 0.330836
11.8864 0.330857
11.8896 0.330875
11.8927 0.33089
11.8959 0.330904
11.899 0.330916
11.9022 0.330926
11.9054 0.330936
11.9085 0.330944
11.9117 0.330951
11.9148 0.330957
11.918 0.330837
11.9211 0.330858
11.9243 0.330875
11.9274 0.330891
11.9306 0.330905
11.9337 0.330917
11.9369 0.330927
11.94 0.330936
11.9432 0.330944
11.9463 0.330951
11.9495 0.330957
11.9526 0.330963
11.9558 0.330967
11.9589 0.330971
11.9621 0.330975
11.9652 0.330978
11.9684 0.330981
11.9715 0.330983
11.9747 0.330985
11.9778 0.330987
11.981 0.330989
11.9842 0.33099
11.9873 0.330991
11.9905 0.330992
11.9936 0.330993
11.9968 0.330994
11.9999 0.330995
12.0031 0.330996
12.0062 0.330996
12.0094 0.330997
12.0125 0.330997
12.0157 0.330997
12.0188 0.330998
12.022 0.330873
12.0251 0.330889
12.0283 0.330903
12.0314 0.330915
12.0346 0.330926
12.0377 0.330935
12.0409 0.330943
12.044 0.33095
12.0472 0.330956
12.0503 0.330962
12.0535 0.330967
12.0566 0.330971
12.0598 0.330974
12.063 0.330978
12.0661 0.33098
12.0693 0.330983
12.0724 0.330985
12.0756 0.330987
12.0787 0.330989
12.0819 0.33099
12.085 0.330991
12.0882 0.330992
12.0913 0.330993
12.0945 0.330994
12.0976 0.330995
12.1008 0.330995
12.1039 0.330996
12.1071 0.330997
12.1102 0.330997
12.1134 0.330997
12.1165 0.330998
12.1197 0.330998
12.1228 0.330998
12.126 0.330873
12.1291 0.330889
12.1323 0.330903
12.1354 0.330915
12.1386 0.330926
12.1418 0.330935
12.1449 0.330943
12.1481 0.33095
12.1512 0.330957
12.1544 0.330962
12.1575 0.330967
12.1607 0.330971
12.1638 0.330975
12.167 0.330853
12.1701 0.330871
12.1733 0.330887
12.1764 0.330901
12.1796 0.330914
12.1827 0.330924
12.1859 0.330934
12.189 0.330942
12.1922 0.330949
12.1953 0.330956
12.1985 0.330961
12.2016 0.330966
12.2048 0.33097
12.2079 0.330974
12.2111 0.330977
12.2142 0.33098
12.2174 0.330983
12.2206 0.330985
12.2237 0.330987
12.2269 0.330988
12.23 0.33099
12.2332 0.330991
12.2363 0.330992
12.2395 0.330993
12.2426 0.330994
12.2458 0.330995
12.2489 0.33137
12.2521 0.331824
12.2552 0.332096
12.2584 0.332334
12.2615 0.332542
12.2647 0.332725
12.2678 0.332884
12.271 0.333023
12.2741 0.333146
12.2773 0.333252
12.2804 0.333346
12.2836 0.333428
12.2867 0.333499
12.2899 0.333562
12.293 0.333742
12.2962 0.333774
12.2994 0.333802
12.3025 0.333827
12.3057 0.333848
12.3088 0.333867
12.312 0.333884
12.3151 0.333898
12.3183 0.333911
12.3214 0.333922
12.3246 0.333932
12.3277 0.33394
12.3309 0.333948
12.334 0.334079
12.3372 0.33407
12.3403 0.334061
12.3435 0.334053
12.3466 0.334047
12.3498 0.334041
12.3529 0.334036
12.3561 0.334156
12.3592 0.334137
12.3624 0.33412
12.3655 0.334105
12.3687 0.334092
12.3718 0.33408
12.375 0.334195
12.3782 0.334171
12.3813 0.334149
12.3845 0.334131
12.3876 0.334114
12.3908 0.3341
12.3939 0.334088
12.3971 0.334202
12.4002 0.334176
12.4034 0.334154
12.4065 0.334135
12.4097 0.334118
12.4128 0.334103
12.416 0.33409
12.4191 0.334079
12.4223 0.334069
12.4254 0.334061
12.4286 0.334053
12.4317 0.334046
12.4349 0.334041
12.438 0.334161
12.4412 0.33414
12.4443 0.334123
12.4475 0.334108
12.4506 0.334094
12.4538 0.334082
12.457 0.334072
12.4601 0.334188
12.4633 0.334165
12.4664 0.334144
12.4696 0.334126
12.4727 0.33411
12.4759 0.334096
12.479 0.334209
12.4822 0.334183
12.4853 0.33416
12.4885 0.33414
12.4916 0.334123
12.4948 0.334107
12.4979 0.334094
12.5011 0.334207
12.5042 0.334181
12.5074 0.334159
12.5105 0.334139
12.5137 0.334121
12.5168 0.334106
12.52 0.334093
12.5231 0.334081
12.5263 0.334071
12.5294 0.334062
12.5326 0.334055
12.5358 0.334048
12.5389 0.334042
12.5421 0.334162
12.5452 0.334141
12.5484 0.334124
12.5515 0.334108
12.5547 0.334095
12.5578 0.334083
12.561 0.334072
12.5641 0.334563
12.5673 0.334868
12.5704 0.335134
12.5736 0.335368
12.5767 0.335572
12.5799 0.33575
12.583 0.336031
12.5862 0.336278
12.5893 0.336368
12.5925 0.336447
12.5956 0.336516
12.5988 0.336577
12.6019 0.336629
12.6051 0.336801
12.6082 0.336951
12.6114 0.336957
12.6146 0.336962
12.6177 0.336967
12.6209 0.336971
12.624 0.3371
12.6272 0.337212
12.6303 0.337186
12.6335 0.337162
12.6366 0.337142
12.6398 0.337124
12.6429 0.337109
12.6461 0.33722
12.6492 0.337318
12.6524 0.337278
12.6555 0.337243
12.6587 0.337213
12.6618 0.337186
12.665 0.337163
12.6681 0.337268
12.6713 0.337234
12.6744 0.337205
12.6776 0.337179
12.6807 0.337157
12.6839 0.337137
12.687 0.337245
12.6902 0.337339
12.6934 0.337297
12.6965 0.33726
12.6997 0.337227
12.7028 0.337199
12.706 0.337174
12.7091 0.337277
12.7123 0.337243
12.7154 0.337212
12.7186 0.337186
12.7217 0.337163
12.7249 0.337142
12.728 0.337249
12.7312 0.337343
12.7343 0.3373
12.7375 0.337263
12.7406 0.33723
12.7438 0.337201
12.7469 0.337176
12.7501 0.337279
12.7532 0.337369
12.7564 0.337323
12.7595 0.337283
12.7627 0.337247
12.7658 0.337216
12.769 0.337314
12.7722 0.3374
12.7753 0.33735
12.7785 0.337306
12.7816 0.337268
12.7848 0.337235
12.7879 0.337205
12.7911 0.337305
12.7942 0.337391
12.7974 0.337343
12.8005 0.3373
12.8037 0.337262
13.371 0.329604
13.3742 0.322904
13.3773 0.317041
13.3805 0.311911
13.3836 0.307422
13.3868 0.303369
13.3899 0.299823
13.3931 0.296845
13.3962 0.29424
13.3994 0.29196
13.4026 0.289965
13.4057 0.288094
13.4089 0.286457
13.412 0.28515
13.4152 0.284006
13.4183 0.283006
13.423 0.28238
13.4262 0.281832
13.4293 0.281228
13.4325 0.2807
13.4356 0.280237
13.4388 0.279833
13.442 0.279479
13.4451 0.279294
13.4483 0.279132
13.4514 0.278866
13.4546 0.278632
13.4577 0.278428
13.4609 0.2785
13.464 0.278562
13.4672 0.278617
13.4703 0.278665
13.4735 0.278707
13.4766 0.278743
13.4798 0.278775
13.4829 0.278679
13.4861 0.278719
13.4892 0.278754
13.4924 0.278785
13.4955 0.278812
13.4987 0.278835
13.5018 0.278856
13.505 0.278749
13.5081 0.27878
13.5113 0.278808
13.5144 0.278832
13.5176 0.278853
13.5208 0.278871
13.5239 0.278762
13.5271 0.278792
13.5302 0.278818
13.5334 0.278841
13.5365 0.278861
13.5397 0.278878
13.5428 0.278893
13.546 0.278782
13.5491 0.278809
13.5523 0.278833
13.5554 0.278854
13.5586 0.278997
13.5617 0.279122
13.5649 0.279232
13.568 0.279453
13.5712 0.279646
13.5743 0.279816
13.5775 0.279964
13.5806 0.279968
13.5838 0.279972
13.5869 0.279976
13.5901 0.280104
13.5932 0.280216
13.5964 0.280314
13.5996 0.280275
13.6027 0.28024
13.6059 0.28021
13.609 0.280309
13.6122 0.280395
13.6153 0.280471
13.6185 0.280537
13.6216 0.28047
13.6248 0.280411
13.6279 0.28036
13.6311 0.28044
13.6342 0.28051
13.6374 0.280571
13.6405 0.2805
13.6437 0.280437
13.6468 0.280383
13.65 0.280085
13.6531 0.280324
13.6563 0.280534
13.6594 0.280717
13.6626 0.280877
13.6657 0.281018
13.6689 0.28114
13.672 0.281373
13.6752 0.281451
13.6784 0.28152
13.6815 0.28158
13.6847 0.281632
13.6878 0.281678
13.691 0.281719
13.6941 0.281754
13.6973 0.281785
13.7004 0.281811
13.7036 0.281585
13.7067 0.281387
13.7099 0.281214
13.713 0.281562
13.7162 0.281867
13.7193 0.282133
13.7225 0.282367
13.7256 0.282571
13.7288 0.282624
13.7319 0.282671
13.7351 0.282837
13.7382 0.282983
13.7414 0.282735
13.7445 0.282893
13.7477 0.282906
13.7508 0.282918
13.754 0.283053
13.7572 0.283172
13.7603 0.283275
13.7635 0.283366
13.7666 0.283445
13.7698 0.283389
13.7729 0.283341
13.7761 0.283423
13.7792 0.283495
13.7824 0.283558
13.7855 0.283614
13.7887 0.283662
13.7918 0.283579
13.795 0.283507
13.7981 0.283568
13.8013 0.283622
13.8044 0.28367
13.8076 0.284086
13.8107 0.28445
13.8139 0.284644
13.817 0.284938
13.8202 0.285196
13.8233 0.285422
13.8265 0.285619
13.8296 0.285792
13.8328 0.285943
13.836 0.28595
13.8391 0.286081
13.8423 0.286196
13.8454 0.286296
13.8486 0.286384
13.8517 0.286461
13.8549 0.286404
13.858 0.286478
13.8612 0.286543
13.8643 0.2866
13.8675 0.28665
13.8706 0.286694
13.8738 0.286732
13.8769 0.286641
13.8801 0.286686
13.8832 0.286725
13.8864 0.286759
13.8895 0.286789
13.8927 0.286816
13.8958 0.286714
13.899 0.286625
13.9021 0.286672
13.9053 0.286713
13.9084 0.286748
13.9116 0.28678
13.9148 0.287182
13.9179 0.287535
13.9211 0.287843
13.9242 0.288112
13.9274 0.288348
13.9305 0.288555
13.9337 0.288735
13.9368 0.288894
13.94 0.289032
13.9431 0.289153
13.9463 0.289259
13.9494 0.289351
13.9526 0.289432
13.9557 0.289503
13.9589 0.289565
13.962 0.28962
13.9652 0.289667
13.9683 0.289709
13.9715 0.289745
13.9746 0.289777
13.9778 0.289805
13.9809 0.289829
13.9841 0.289851
13.9872 0.289869
13.9904 0.289886
13.9936 0.290275
13.9967 0.290616
13.9999 0.290914
14.003 0.291299
14.0062 0.291512
14.0093 0.291698
14.0125 0.291861
14.0156 0.292003
14.0188 0.292128
14.0219 0.292237
14.0251 0.292457
14.0282 0.292525
14.0314 0.292584
14.0345 0.292636
14.0377 0.292682
14.0408 0.292722
14.044 0.292756
14.0471 0.292787
14.0503 0.292813
14.0534 0.292837
14.0566 0.292857
14.0597 0.292875
14.0629 0.292891
14.066 0.293029
14.0692 0.293026
14.0724 0.293397
14.0755 0.293723
14.0787 0.294007
14.0818 0.294256
14.085 0.294474
14.0881 0.29479
14.0913 0.295066
14.0944 0.295183
14.0976 0.295285
14.1007 0.295375
14.1039 0.295453
14.107 0.295646
14.1102 0.295815
14.1133 0.295838
14.1165 0.295859
14.1196 0.295876
14.1228 0.295892
14.1259 0.295905
14.1291 0.296042
14.1322 0.296162
14.1354 0.296142
14.1385 0.296124
14.1417 0.296108
14.1448 0.296095
14.148 0.296208
14.1512 0.296307
14.1543 0.296269
14.1575 0.296235
14.1606 0.296206
14.1638 0.296555
14.1669 0.296861
14.1701 0.297253
14.1732 0.297596
14.1764 0.297897
14.1795 0.298035
14.1827 0.298155
14.1858 0.298261
14.189 0.298353
14.1921 0.298559
14.1953 0.298739
14.1984 0.298897
14.2016 0.29891
14.2047 0.298921
14.2079 0.298931
14.211 0.299065
14.2142 0.299181
14.2173 0.299284
14.2205 0.299248
14.2236 0.299217
14.2268 0.29919
14.23 0.299166
14.2331 0.299271
14.2363 0.299362
14.2394 0.299442
14.2426 0.299386
14.2457 0.299338
14.2489 0.299296
14.252 0.299384
14.2552 0.299836
14.2583 0.300231
14.2615 0.300577
14.2646 0.300755
14.2678 0.300911
14.2709 0.301047
14.2741 0.301291
14.2772 0.301505
14.2804 0.301692
14.2835 0.301855
14.2867 0.301873
14.2898 0.301889
14.293 0.301903
14.2961 0.30204
14.2993 0.30216
14.3024 0.302265
14.3056 0.302232
14.3088 0.302203
14.3119 0.302178
14.3151 0.30228
14.3182 0.30237
14.3214 0.302449
14.3245 0.302518
14.3277 0.302453
14.3308 0.302397
14.334 0.302347
14.3371 0.302429
14.3403 0.3025
14.3434 0.302563
14.3466 0.302617
14.3497 0.30254
14.3529 0.302473
14.356 0.302538
14.3592 0.302596
14.3623 0.303022
14.3655 0.303394
14.3686 0.30372
14.3718 0.30388
14.3749 0.30402
14.3781 0.304267
14.3812 0.304484
14.3844 0.304673
14.3876 0.304839
14.3907 0.304984
14.3939 0.304986
14.397 0.305113
14.4002 0.305224
14.4033 0.305321
14.4065 0.305406
14.4096 0.30548
14.4128 0.30542
14.4159 0.305368
14.4191 0.305447
14.4222 0.305516
14.4254 0.305576
14.4285 0.305629
14.4317 0.305676
14.4348 0.305591
14.438 0.305517
14.4411 0.305578
14.4443 0.30563
14.4474 0.305677
14.4506 0.305717
14.4537 0.305627
14.4569 0.305549
14.46 0.305605
14.4632 0.305655
14.4664 0.305698
14.4695 0.305736
14.4727 0.306144
14.4758 0.306501
14.479 0.306688
14.4821 0.306977
14.4853 0.30723
14.4884 0.307451
14.4916 0.307645
14.4947 0.307814
14.4979 0.307962
14.501 0.308092
14.5042 0.308206
14.5073 0.308305
14.5105 0.308392
14.5136 0.308468
14.5168 0.308534
14.5199 0.308468
14.5231 0.308534
14.5262 0.308592
14.5294 0.308643
14.5325 0.308688
14.5357 0.308727
14.5388 0.308761
14.542 0.308666
14.5452 0.308708
14.5483 0.308744
14.5515 0.308776
14.5546 0.308804
14.5578 0.308829
14.5609 0.308725
14.5641 0.308759
14.5672 0.308789
14.5704 0.308816
14.5735 0.308839
14.5767 0.308859
14.5798 0.308877
14.583 0.308767
14.5861 0.308796
14.5893 0.308822
14.5924 0.308844
14.5956 0.308863
14.5987 0.308881
14.6019 0.30927
14.605 0.309737
14.6082 0.31002
14.6113 0.310267
14.6145 0.310484
14.6176 0.310673
14.6208 0.310839
14.624 0.310984
14.6271 0.311111
14.6303 0.311222
14.6334 0.31132
14.6366 0.311405
14.6397 0.311479
14.6429 0.311544
14.646 0.311726
14.6492 0.31176
14.6523 0.31179
14.6555 0.311817
14.6586 0.311839
14.6618 0.31186
14.6649 0.311877
14.6681 0.311892
14.6712 0.311906
14.6744 0.311918
14.6775 0.311928
14.6807 0.311937
14.6838 0.311945
14.687 0.311952
14.6901 0.311958
14.6933 0.311963
14.6964 0.311968
14.6996 0.311972
14.7028 0.311975
14.7059 0.311978
14.7091 0.311981
14.7122 0.311983
14.7154 0.311985
14.7185 0.311987
14.7217 0.311989
14.7248 0.31199
14.728 0.311991
14.7311 0.312493
14.7343 0.312806
14.7374 0.31308
14.7406 0.31332
14.7437 0.31353
14.7469 0.313714
14.75 0.314
14.7532 0.31425
14.7563 0.314343
14.7595 0.314426
14.7626 0.314497
14.7658 0.31456
14.7689 0.314615
14.7721 0.314788
14.7752 0.314815
14.7784 0.314838
14.7816 0.314858
14.7847 0.314876
14.7879 0.314891
14.791 0.31503
14.7942 0.315151
14.7973 0.315132
14.8005 0.315116
14.8036 0.315101
14.8068 0.315089
14.8099 0.315078
14.8131 0.315193
14.8162 0.315169
14.8194 0.315148
14.8225 0.315129
14.8257 0.315113
14.8288 0.315099
14.832 0.315087
14.8351 0.315201
14.8383 0.315176
14.8414 0.315154
14.8446 0.315134
14.8477 0.315118
14.8509 0.315103
14.854 0.315215
14.8572 0.315313
14.8604 0.315274
14.8635 0.31524
14.8667 0.31521
14.8698 0.315184
14.873 0.315161
14.8761 0.315266
14.8793 0.315232
14.8824 0.315203
14.8856 0.315178
14.8887 0.315156
14.8919 0.315136
14.895 0.315619
14.8982 0.316042
14.9013 0.316412
14.9045 0.31661
14.9076 0.316784
14.9108 0.316936
14.9139 0.317069
14.9171 0.31731
14.9202 0.317521
14.9234 0.317581
14.9265 0.317634
14.9297 0.317679
14.9328 0.31772
14.936 0.317755
14.9392 0.31791
14.9423 0.318046
14.9455 0.318041
14.9486 0.318036
14.9518 0.318031
14.9549 0.318027
14.9581 0.318149
14.9612 0.318255
14.9644 0.318223
14.9675 0.318195
14.9707 0.318171
14.9738 0.31815
14.977 0.318131
14.9801 0.31824
14.9833 0.318335
14.9864 0.318293
14.9896 0.318256
14.9927 0.318224
14.9959 0.318196
14.999 0.318297
15.0022 0.318385
15.0053 0.318461
15.0085 0.318404
15.0116 0.318353
15.0148 0.318309
15.018 0.318271
15.0211 0.318362
15.0243 0.318441
15.0274 0.318386
15.0306 0.318338
15.0337 0.318296
15.0369 0.318259
15.04 0.318351
15.0432 0.318433
15.0463 0.318503
15.0495 0.318441
15.0526 0.318385
15.0558 0.318337
15.0589 0.318295
15.0621 0.318758
15.0652 0.319163
15.0684 0.319518
15.0715 0.319703
15.0747 0.319865
15.0778 0.320007
15.081 0.320131
15.0841 0.320365
15.0873 0.320569
15.0904 0.320748
15.0936 0.32078
15.0968 0.320807
15.0999 0.320831
15.1031 0.320977
15.1062 0.321105
15.1094 0.321217
15.1125 0.32119
15.1157 0.321166
15.1188 0.321145
15.122 0.321127
15.1251 0.321236
15.1283 0.321332
15.1314 0.321415
15.1346 0.321363
15.1377 0.321318
15.1409 0.321278
15.144 0.321368
15.1472 0.321447
15.1503 0.321516
15.1535 0.321577
15.1566 0.321505
15.1598 0.321442
15.1629 0.321386
15.1661 0.321463
15.1692 0.32153
15.1724 0.321589
15.1756 0.321515
15.1787 0.321451
15.1819 0.321395
15.185 0.32147
15.1882 0.321536
15.1913 0.321594
15.1945 0.321645
15.1976 0.321564
15.2008 0.321494
15.2039 0.321432
15.2071 0.321503
15.2102 0.321565
15.2134 0.32162
15.2165 0.321542
15.2197 0.321474
15.2228 0.321415
15.226 0.321363
15.2291 0.321443
15.2323 0.321512
15.2354 0.321573
15.2386 0.321502
15.2417 0.321439
15.2449 0.321384
15.248 0.321461
15.2512 0.321528
15.2544 0.321587
15.2575 0.321639
15.2607 0.321559
15.2638 0.321489
15.267 0.321428
15.2701 0.3215
15.2733 0.321562
15.2764 0.321617
15.2796 0.32154
15.2827 0.321847
15.2859 0.322116
15.289 0.322477
15.2922 0.322792
15.2953 0.323068
15.2985 0.32331
15.3016 0.323521
15.3048 0.323581
15.3079 0.323633
15.3111 0.323804
15.3142 0.323954
15.3174 0.324084
15.3205 0.324199
15.3237 0.324174
15.3268 0.324152
15.33 0.324133
15.3332 0.324242
15.3363 0.324336
15.3395 0.324419
15.3426 0.324492
15.3458 0.32443
15.3489 0.324377
15.3521 0.324455
15.3552 0.324523
15.3584 0.324582
15.3615 0.324635
15.3647 0.324555
15.3678 0.324486
15.371 0.324425
15.3741 0.324497
15.3773 0.32456
15.3804 0.324615
15.3836 0.324663
15.3867 0.32458
15.3899 0.324508
15.393 0.324569
15.3962 0.324623
15.3993 0.32467
15.4025 0.324711
15.4056 0.324747
15.4088 0.324654
15.412 0.324572
15.4151 0.324626
15.4183 0.324673
15.4214 0.324713
15.4246 0.324749
15.4277 0.324656
15.4309 0.324574
15.434 0.324627
15.4372 0.324674
15.4403 0.324714
15.4435 0.32475
15.4466 0.324781
15.4498 0.324684
15.4529 0.324598
15.4561 0.324648
15.4592 0.324692
15.4624 0.324731
15.4655 0.324764
15.4687 0.324669
15.4718 0.324585
15.475 0.324512
15.4781 0.324573
15.4813 0.324626
15.4844 0.324673
15.4876 0.324714
15.4908 0.324625
15.4939 0.324547
15.4971 0.324603
15.5002 0.324653
15.5034 0.324696
15.5065 0.325109
15.5097 0.325471
15.5128 0.325662
15.516 0.325829
15.5191 0.3261
15.5223 0.326338
15.5254 0.326546
15.5286 0.326727
15.5317 0.326887
15.5349 0.326901
15.538 0.327038
15.5412 0.327158
15.5443 0.327264
15.5475 0.327356
15.5506 0.327436
15.5538 0.327507
15.5569 0.327443
15.5601 0.327513
15.5632 0.327574
15.5664 0.327627
15.5696 0.327674
15.5727 0.327714
15.5759 0.327625
15.579 0.327672
15.5822 0.327713
15.5853 0.327749
15.5885 0.32778
15.5916 0.327808
15.5948 0.327832
15.5979 0.327728
15.6011 0.327762
15.6042 0.327792
15.6074 0.327818
15.6105 0.32784
15.6137 0.32786
15.6168 0.327753
15.62 0.327659
15.6231 0.327701
15.6263 0.327739
15.6294 0.327771
15.6326 0.3278
15.6357 0.327825
15.6389 0.327722
15.642 0.327757
15.6452 0.327787
15.6484 0.327814
15.6515 0.327837
15.6547 0.327857
15.6578 0.327875
15.661 0.327766
15.6641 0.327795
15.6673 0.327821
15.6704 0.327843
15.6736 0.327863
15.6767 0.32788
15.6799 0.32777
15.683 0.327799
15.6862 0.327824
15.6893 0.327846
15.6925 0.327865
15.6956 0.327882
15.6988 0.327897
15.7019 0.327785
15.7051 0.327812
15.7082 0.327835
15.7114 0.327856
15.7145 0.327874
15.7177 0.32789
15.7208 0.327778
15.724 0.327681
15.7272 0.327721
15.7303 0.327756
15.7335 0.327786
15.7366 0.327813
15.7398 0.327836
15.7429 0.327732
15.7461 0.327765
15.7492 0.327795
15.7524 0.32782
15.7555 0.327843
15.7587 0.327862
15.7618 0.327755
15.765 0.32766
15.7681 0.327703
15.7713 0.32774
15.7744 0.327772
15.7776 0.327801
15.7807 0.327826
15.7839 0.327723
15.787 0.327757
15.7902 0.327788
15.7933 0.327814
15.7965 0.327837
15.7996 0.327858
15.8028 0.327875
15.806 0.327766
15.8091 0.327795
15.8123 0.327821
15.8154 0.327843
15.8186 0.327863
15.8217 0.32788
15.8249 0.32777
15.828 0.327799
15.8312 0.327824
15.8343 0.327846
15.8375 0.327865
15.8406 0.328257
15.8438 0.3286
15.8469 0.3289
15.8501 0.329162
15.8532 0.329392
15.8564 0.329593
15.8595 0.329769
15.8627 0.329923
15.8658 0.330057
15.869 0.33005
15.8721 0.330169
15.8753 0.330273
15.8784 0.330364
15.8816 0.330443
15.8848 0.330513
15.8879 0.330574
15.8911 0.330627
15.8942 0.330674
15.8974 0.330714
15.9005 0.33075
15.9037 0.330781
15.9068 0.330809
15.91 0.330708
15.9131 0.330744
15.9163 0.330776
15.9194 0.330804
15.9226 0.330829
15.9257 0.33085
15.9289 0.330869
15.932 0.330885
15.9352 0.3309
15.9383 0.330912
15.9415 0.330923
15.9446 0.330933
15.9478 0.330941
15.9509 0.330948
15.9541 0.330955
15.9572 0.330961
15.9604 0.330965
15.9636 0.33097
15.9667 0.330974
15.9699 0.330977
15.973 0.33098
15.9762 0.330982
15.9793 0.330985
15.9825 0.330986
15.9856 0.330988
15.9888 0.33099
15.9919 0.330991
15.9951 0.330992
15.9982 0.330993
16.0014 0.330994
16.0045 0.330995
16.0077 0.330995
16.0108 0.330996
16.014 0.330871
16.0171 0.330888
16.0203 0.330902
16.0234 0.330914
16.0266 0.330925
16.0297 0.330934
16.0329 0.330942
16.036 0.33095
16.0392 0.330956
16.0424 0.330961
16.0455 0.330966
16.0487 0.33097
16.0518 0.330974
16.055 0.330977
16.0581 0.33098
16.0613 0.330983
16.0644 0.330985
16.0676 0.330987
16.0707 0.330988
16.0739 0.33099
16.077 0.330991
16.0802 0.330992
16.0833 0.330993
16.0865 0.330994
16.0896 0.330995
16.0928 0.330995
16.0959 0.330996
16.0991 0.330997
16.1022 0.330997
16.1054 0.330997
16.1085 0.330998
16.1117 0.330998
16.1148 0.330998
16.118 0.330873
16.1212 0.330889
16.1243 0.330903
16.1275 0.330915
16.1306 0.330926
16.1338 0.330935
16.1369 0.330943
16.1401 0.33095
16.1432 0.330957
16.1464 0.330962
16.1495 0.330967
16.1527 0.330971
16.1558 0.330975
16.159 0.330853
16.1621 0.330871
16.1653 0.330887
16.1684 0.330901
16.1716 0.330914
16.1747 0.330924
16.1779 0.331309
16.181 0.33177
16.1842 0.332049
16.1873 0.332293
16.1905 0.332506
16.1936 0.332693
16.1968 0.332856
16.2 0.332999
16.2031 0.333249
16.2063 0.333343
16.2094 0.333425
16.2126 0.333497
16.2157 0.33356
16.2189 0.333615
16.222 0.333788
16.2252 0.333815
16.2283 0.333838
16.2315 0.333858
16.2346 0.333876
16.2378 0.333891
16.2409 0.333905
16.2441 0.334042
16.2472 0.334037
16.2504 0.334032
16.2535 0.334028
16.2567 0.334025
16.2598 0.334021
16.263 0.334019
16.2661 0.334016
16.2693 0.334014
16.2724 0.334013
16.2756 0.334011
16.2788 0.33401
16.2819 0.334008
16.2851 0.334132
16.2882 0.334116
16.2914 0.334101
16.2945 0.334089
16.2977 0.334078
16.3008 0.334068
16.304 0.334059
16.3071 0.334052
16.3103 0.334045
16.3134 0.33404
16.3166 0.334035
16.3197 0.33403
16.3229 0.334027
16.326 0.334148
16.3292 0.33413
16.3323 0.334114
16.3355 0.334099
16.3386 0.334087
16.3418 0.334076
16.3449 0.334067
16.3481 0.334183
16.3512 0.33416
16.3544 0.33414
16.3576 0.334123
16.3607 0.334107
16.3639 0.334094
16.367 0.334207
16.3702 0.334181
16.3733 0.334159
16.3765 0.334139
16.3796 0.334121
16.3828 0.334106
16.3859 0.334093
16.3891 0.334206
16.3922 0.334181
16.3954 0.334158
16.3985 0.334138
16.4017 0.334121
16.4048 0.334106
16.408 0.334093
16.4111 0.334081
16.4143 0.334071
16.4174 0.334062
16.4206 0.334054
16.4237 0.334048
16.4269 0.334042
16.43 0.334161
16.4332 0.334141
16.4364 0.334124
16.4395 0.334108
16.4427 0.334095
16.4458 0.334083
16.449 0.334072
16.4521 0.334188
16.4553 0.334165
16.4584 0.334144
16.4616 0.334126
16.4647 0.33411
16.4679 0.334097
16.471 0.33421
16.4742 0.334183
16.4773 0.33416
16.4805 0.33414
16.4836 0.334123
16.4868 0.334107
16.4899 0.334094
16.4931 0.334207
16.4962 0.334181
16.4994 0.334159
16.5025 0.334139
16.5057 0.334122
16.5088 0.334106
16.512 0.334093
16.5152 0.334081
16.5183 0.334071
16.5215 0.334062
16.5246 0.334055
16.5278 0.334048
16.5309 0.334042
16.5341 0.334162
16.5372 0.334141
16.5404 0.334124
16.5435 0.334108
16.5467 0.334095
16.5498 0.334083
16.553 0.334072
16.5561 0.334063
16.5593 0.334056
16.5624 0.334049
16.5656 0.334042
16.5687 0.334037
16.5719 0.334033
16.575 0.334153
16.5782 0.334134
16.5813 0.334117
16.5845 0.334103
16.5876 0.33409
16.5908 0.334079
16.594 0.334069
16.5971 0.334185
16.6003 0.334162
16.6034 0.334142
16.6066 0.334124
16.6097 0.334109
16.6129 0.334095
16.616 0.334208
16.6192 0.334182
16.6223 0.334159
16.6255 0.334139
16.6286 0.334122
16.6318 0.334107
16.6349 0.334093
16.6381 0.334207
16.6412 0.334181
16.6444 0.334158
16.6475 0.334138
16.6507 0.334121
16.6538 0.334106
16.657 0.334093
16.6601 0.334081
16.6633 0.334071
16.6664 0.334062
16.6696 0.334054
16.6728 0.334048
16.6759 0.334042
16.6791 0.334161
16.6822 0.334141
16.6854 0.334124
16.6885 0.334108
16.6917 0.334095
16.6948 0.334083
16.698 0.334072
16.7011 0.334063
16.7043 0.334055
16.7074 0.334049
16.7106 0.334042
16.7137 0.334037
16.7169 0.334033
16.72 0.334153
16.7232 0.334134
16.7263 0.334117
16.7295 0.334103
16.7326 0.33409
16.7358 0.334079
16.7389 0.334069
16.7421 0.334185
16.7452 0.334162
16.7484 0.334142
16.7516 0.334124
16.7547 0.334109
16.7579 0.334095
16.761 0.334208
16.7642 0.334182
16.7673 0.334159
16.7705 0.334139
16.7736 0.334122
16.7768 0.334107
16.7799 0.334093
16.7831 0.334207
16.7862 0.334181
16.7894 0.334158
16.7925 0.334138
16.7957 0.334121
16.7988 0.334106
16.802 0.334093
16.8051 0.334081
16.8083 0.334071
16.8114 0.334062
16.8146 0.334054
16.8177 0.334048
16.8209 0.334042
16.824 0.334161
16.8272 0.334141
16.8304 0.334124
16.8335 0.334108
16.8367 0.334095
16.8398 0.334083
16.843 0.334072
16.8461 0.334188
16.8493 0.334165
16.8524 0.334144
16.8556 0.334126
16.8587 0.33411
16.8619 0.334097
16.865 0.33421
16.8682 0.334183
16.8713 0.33416
16.8745 0.33414
16.8776 0.334123
16.8808 0.334107
16.8839 0.334094
16.8871 0.334207
16.8902 0.334181
16.8934 0.334159
16.8965 0.334139
16.8997 0.334122
16.9028 0.334106
16.906 0.334093
16.9092 0.334081
16.9123 0.334071
16.9155 0.334062
16.9186 0.334055
16.9218 0.334048
16.9249 0.334042
16.9281 0.334162
16.9312 0.334141
16.9344 0.334124
16.9375 0.334108
16.9407 0.334095
16.9438 0.334083
16.947 0.334072
16.9501 0.334063
16.9533 0.334056
16.9564 0.334049
16.9596 0.334042
16.9627 0.334037
16.9659 0.334033
16.969 0.334153
16.9722 0.334134
16.9753 0.334117
16.9785 0.334103
16.9816 0.33409
16.9848 0.334079
16.988 0.334069
16.9911 0.334185
16.9943 0.334162
16.9974 0.334142
17.0006 0.334124
17.0037 0.334109
17.0069 0.334095
17.01 0.334208
17.0132 0.334182
17.0163 0.334534
17.0195 0.334843
17.0226 0.335112
17.0258 0.335348
17.0289 0.335555
17.0321 0.33586
17.0352 0.336128
17.0384 0.336237
17.0415 0.336332
17.0447 0.336416
17.0478 0.336489
17.051 0.336553
17.0541 0.336734
17.0573 0.336767
17.0604 0.336796
17.0636 0.336822
17.0668 0.336844
17.0699 0.336863
17.0731 0.337005
17.0762 0.33713
17.0794 0.337114
17.0825 0.337099
17.0857 0.337087
17.0888 0.337076
17.092 0.337067
17.0951 0.337183
17.0983 0.33716
17.1014 0.33714
17.1046 0.337123
17.1077 0.337107
17.1109 0.337094
17.114 0.337207
17.1172 0.337306
17.1203 0.337268
17.1235 0.337235
17.1266 0.337205
17.1298 0.33718
17.1329 0.337157
17.1361 0.337262
17.1392 0.337355
17.1424 0.33731
17.1456 0.337272
17.1487 0.337238
17.1519 0.337208
17.155 0.337307
17.1582 0.337394
17.1613 0.337344
17.1645 0.337301
17.1676 0.337264
17.1708 0.337231
17.1739 0.337202
17.1771 0.337302
17.1802 0.337389
17.1834 0.33734
17.1865 0.337298
17.1897 0.337261
17.1928 0.337228
17.196 0.337199
17.1991 0.3373
17.2023 0.337262
17.2054 0.337229
17.2086 0.337201
17.2117 0.337176
17.2149 0.337154
17.218 0.337259
17.2212 0.337352
17.2244 0.337308
17.2275 0.337269
17.2307 0.337236
17.2338 0.337206
17.237 0.337181
17.2401 0.337283
17.2433 0.337373
17.2464 0.337326
17.2496 0.337285
17.2527 0.33725
17.2559 0.337218
17.259 0.337316
17.2622 0.337402
17.2653 0.337351
17.2685 0.337307
17.2716 0.337269
17.2748 0.337235
17.2779 0.337206
17.2811 0.337305
17.2842 0.337392
17.2874 0.337343
17.2905 0.3373
17.2937 0.337263
17.2968 0.33723
17.3 0.337201
17.3032 0.337301
17.3063 0.337263
17.3095 0.33723
17.3126 0.337202
17.3158 0.337176
17.3189 0.337154
17.3221 0.33726
17.3252 0.337353
17.3284 0.337308
17.3315 0.33727
17.3347 0.337236
17.3378 0.337207
17.341 0.337181
17.3441 0.337283
17.3473 0.337248
17.3504 0.337217
17.3536 0.33719
17.3567 0.337166
17.3599 0.337145
17.363 0.337252
17.3662 0.337346
17.3693 0.337302
17.3725 0.337265
17.3756 0.337232
17.3788 0.337203
17.3819 0.337177
17.3851 0.33728
17.3883 0.33737
17.3914 0.337324
17.3946 0.337283
17.3977 0.337248
17.4009 0.337217
17.404 0.337315
17.4072 0.3374
17.4103 0.33735
17.4135 0.337307
17.4166 0.337268
17.4198 0.337235
17.4229 0.337205
17.4261 0.337305
17.4292 0.337392
17.4324 0.337343
17.4355 0.3373
17.4387 0.337262
17.4418 0.33723
17.445 0.337201
17.4481 0.337301
17.4513 0.337263
17.4544 0.33723
17.4576 0.337201
17.4607 0.337176
17.4639 0.337154
17.4671 0.33726
17.4702 0.337352
17.4734 0.337308
17.4765 0.33727
17.4797 0.337236
17.4828 0.337207
17.486 0.337181
17.4891 0.337283
17.4923 0.337248
17.4954 0.337217
17.4986 0.33719
17.5017 0.337166
17.5049 0.337145
17.508 0.337252
17.5112 0.337346
17.5143 0.337302
17.5175 0.337265
17.5206 0.337232
17.5238 0.337203
17.5269 0.337177
17.5301 0.33728
17.5332 0.33737
17.5364 0.337324
17.5395 0.337283
17.5427 0.337248
17.5459 0.337217
17.549 0.337315
17.5522 0.3374
17.5553 0.33735
17.5585 0.337307
17.5616 0.337268
17.5648 0.337235
17.5679 0.337205
17.5711 0.337305
17.5742 0.337392
17.5774 0.337343
17.5805 0.3373
17.5837 0.337262
17.5868 0.33723
17.59 0.337201
17.5931 0.337301
17.5963 0.337263
17.5994 0.33723
17.6026 0.337201
17.6057 0.337176
17.6089 0.337154
17.612 0.33726
17.6152 0.337352
17.6183 0.337308
17.6215 0.33727
17.6247 0.337236
17.6278 0.337207
17.631 0.337181
17.6341 0.337283
17.6373 0.337373
17.6404 0.337326
17.6436 0.337285
17.6467 0.33725
17.6499 0.337219
17.653 0.337316
17.6562 0.337402
17.6593 0.337351
17.6625 0.337308
17.6656 0.337269
17.6688 0.337235
17.6719 0.337206
17.6751 0.337305
17.6782 0.337392
17.6814 0.337343
17.6845 0.3373
17.6877 0.337263
17.6908 0.33723
17.694 0.337201
17.6971 0.337301
17.7003 0.337263
17.7035 0.33723
17.7066 0.337202
17.7098 0.337176
17.7129 0.337154
17.7161 0.33726
17.7192 0.337353
17.7224 0.337308
17.7255 0.33727
17.7287 0.337236
17.7318 0.337207
17.735 0.337181
17.7381 0.337283
17.7413 0.337248
17.7444 0.337217
17.7476 0.33719
17.7507 0.337166
17.7539 0.337145
17.757 0.337252
17.7602 0.337346
17.7633 0.337302
17.7665 0.337265
17.7696 0.337232
17.7728 0.337203
17.7759 0.337177
17.7791 0.33728
17.7823 0.33737
17.7854 0.337324
17.7886 0.337283
17.7917 0.337248
17.7949 0.337217
17.798 0.337315
17.8012 0.3374
17.8043 0.33735
17.8075 0.337307
17.8106 0.337268
17.8138 0.337235
17.8169 0.337205
17.8201 0.337305
17.8232 0.337392
17.8264 0.337343
17.8295 0.3373
17.8327 0.337262
17.8358 0.33723
17.839 0.337201
17.8421 0.337301
17.8453 0.337263
17.8484 0.33723
17.8516 0.337201
17.8547 0.337176
17.8579 0.337154
17.8611 0.33726
18.2062 0.329227
18.2093 0.322199
18.2125 0.316049
18.2157 0.310543
18.2188 0.305725
18.222 0.301509
18.2251 0.297946
18.2283 0.294828
18.2314 0.292099
18.2346 0.289712
18.2377 0.287498
18.2409 0.285561
18.244 0.28399
18.2472 0.282617
18.2503 0.281415
18.2535 0.280363
18.2566 0.279317
18.2598 0.278403
18.2629 0.277602
18.2661 0.277027
18.2692 0.276524
18.2724 0.276083
18.2755 0.275698
18.2787 0.275236
18.2818 0.274831
18.285 0.274477
18.2881 0.274293
18.2913 0.274131
18.2945 0.27399
18.2976 0.273866
18.3008 0.273633
18.3039 0.273429
18.3071 0.273375
18.3102 0.273328
18.3134 0.273287
18.3165 0.273251
18.3197 0.273095
18.3228 0.272958
18.326 0.272838
18.3291 0.272858
18.3323 0.272876
18.3354 0.272892
18.3386 0.272905
18.3417 0.272792
18.3449 0.272693
18.348 0.272731
18.3512 0.272765
18.3543 0.272794
18.3575 0.27282
18.3606 0.272718
18.3638 0.272628
18.3669 0.272549
18.3701 0.272606
18.3733 0.272655
18.3764 0.272698
18.3796 0.272736
18.3827 0.272644
18.3859 0.272563
18.389 0.272618
18.3922 0.272666
18.3953 0.272707
18.3985 0.272744
18.4016 0.272651
18.4048 0.27257
18.4079 0.272498
18.4111 0.272561
18.4142 0.272616
18.4174 0.272664
18.4205 0.272706
18.4237 0.272618
18.4268 0.272541
18.43 0.272473
18.4331 0.272539
18.4363 0.272596
18.4394 0.272647
18.4426 0.272691
18.4457 0.272605
18.4489 0.272529
18.4521 0.272588
18.4552 0.272639
18.4584 0.272685
18.4615 0.272724
18.4647 0.272633
18.4678 0.272554
18.471 0.272485
18.4741 0.272549
18.4773 0.272356
18.4804 0.272561
18.4836 0.272741
18.4867 0.272898
18.4899 0.273036
18.493 0.273282
18.4962 0.273496
18.4993 0.273559
18.5025 0.273614
18.5056 0.273663
18.5088 0.273705
18.5119 0.273742
18.5151 0.273899
18.5182 0.273912
18.5214 0.273923
18.5245 0.273932
18.5277 0.273941
18.5309 0.273948
18.534 0.27408
18.5372 0.274195
18.5403 0.27417
18.5435 0.274149
18.5466 0.27413
18.5498 0.274114
18.5529 0.2741
18.5561 0.274212
18.5592 0.274311
18.5624 0.274272
18.5655 0.274238
18.5687 0.274208
18.5718 0.274182
18.575 0.274159
18.5781 0.274264
18.5813 0.274231
18.5844 0.274203
18.5876 0.274177
18.5907 0.274155
18.5939 0.274136
18.597 0.274244
18.6002 0.274338
18.6033 0.274296
18.6065 0.274259
18.6097 0.274227
18.6128 0.274198
18.616 0.274173
18.6191 0.274277
18.6223 0.274242
18.6254 0.274212
18.6286 0.274185
18.6317 0.274162
18.6349 0.274142
18.638 0.274249
18.6412 0.274343
18.6443 0.2743
18.6475 0.274263
18.6506 0.27423
18.6538 0.274201
18.6569 0.274176
18.6601 0.274279
18.6632 0.274244
18.6664 0.274214
18.6695 0.274187
18.6727 0.274164
18.6758 0.274143
18.679 0.274125
18.6821 0.274235
18.6853 0.274205
18.6885 0.27418
18.6916 0.274157
18.6948 0.274137
18.6979 0.27412
18.7011 0.27423
18.7042 0.274326
18.7074 0.274286
18.7105 0.27425
18.7137 0.274219
18.7168 0.274191
18.72 0.274167
18.7231 0.274272
18.7263 0.274238
18.7294 0.274208
18.7326 0.274182
18.7357 0.274159
18.7389 0.274139
18.742 0.274247
18.7452 0.274341
18.7483 0.274298
18.7515 0.274261
18.7546 0.274228
18.7578 0.2742
18.7609 0.274175
18.7641 0.274278
18.7673 0.274243
18.7704 0.274213
18.7736 0.274186
18.7767 0.274163
18.7799 0.274143
18.783 0.27425
18.7862 0.274344
18.7893 0.274301
18.7925 0.274263
18.7956 0.27423
18.7988 0.274201
18.8019 0.274176
18.8051 0.274279
18.8082 0.274244
18.8114 0.274214
18.8145 0.274187
18.8177 0.274164
18.8208 0.274143
18.824 0.274125
18.8271 0.274235
18.8303 0.274205
18.8334 0.27418
18.8366 0.274157
18.8397 0.274138
18.8429 0.27412
18.8461 0.27423
18.8492 0.274327
18.8524 0.274286
18.8555 0.27425
18.8587 0.274219
18.8618 0.274191
18.865 0.274167
18.8681 0.274272
18.8713 0.274238
18.8744 0.274208
18.8776 0.274182
18.8807 0.274159
18.8839 0.274139
18.887 0.274247
18.8902 0.274341
18.8933 0.274298
18.8965 0.274261
18.8996 0.274228
18.9028 0.2742
18.9059 0.274175
18.9091 0.274278
18.9122 0.274243
18.9154 0.274213
18.9185 0.274186
18.9217 0.274163
18.9249 0.274143
18.928 0.27425
18.9312 0.274344
18.9343 0.274301
18.9375 0.274263
18.9406 0.27423
18.9438 0.274201
18.9469 0.274176
18.9501 0.274279
18.9532 0.274369
18.9564 0.274323
18.9595 0.274283
18.9627 0.274247
18.9658 0.274216
18.969 0.274189
18.9721 0.274291
18.9753 0.274254
18.9784 0.274223
18.9816 0.274195
18.9847 0.27417
18.9879 0.274149
18.991 0.274255
18.9942 0.274349
18.9973 0.274305
19.0005 0.274267
19.0037 0.274233
19.0068 0.274204
19.01 0.274179
19.0131 0.274281
19.0163 0.274246
19.0194 0.274215
19.0226 0.274189
19.0257 0.274165
19.0289 0.274144
19.032 0.274251
19.0352 0.274345
19.0383 0.274302
19.0415 0.274264
19.0446 0.274231
19.0478 0.274202
19.0509 0.274177
19.0541 0.27428
19.0572 0.274245
19.0604 0.274214
19.0635 0.274187
19.0667 0.274164
19.0698 0.274144
19.073 0.274126
19.0761 0.274235
19.0793 0.274206
19.0825 0.27418
19.0856 0.274157
19.0888 0.274138
19.0919 0.27412
19.0951 0.27423
19.0982 0.274327
19.1014 0.274286
19.1045 0.27425
19.1077 0.274219
19.1108 0.274191
19.114 0.274168
19.1171 0.274272
19.1203 0.274238
19.1234 0.274208
19.1266 0.274182
19.1297 0.274159
19.1329 0.274139
19.136 0.274247
19.1392 0.274341
19.1423 0.274298
19.1455 0.274261
19.1486 0.274228
19.1518 0.2742
19.1549 0.274175
19.1581 0.274278
19.1613 0.274243
19.1644 0.274213
19.1676 0.274186
19.1707 0.274538
19.1739 0.274846
19.177 0.27524
19.1802 0.275585
19.1833 0.275887
19.1865 0.276026
19.1896 0.276148
19.1928 0.276254
19.1959 0.276348
19.1991 0.276554
19.2022 0.276735
19.2054 0.276768
19.2085 0.276797
19.2117 0.276822
19.2148 0.276845
19.218 0.276864
19.2211 0.277006
19.2243 0.27713
19.2274 0.277114
19.2306 0.2771
19.2337 0.277087
19.2369 0.277076
19.2401 0.277192
19.2432 0.277293
19.2464 0.277381
19.2495 0.277334
19.2527 0.277292
19.2558 0.277255
19.259 0.277223
19.2621 0.277321
19.2653 0.277405
19.2684 0.277355
19.2716 0.27731
19.2747 0.277272
19.2779 0.277238
19.281 0.277333
19.2842 0.277416
19.2873 0.277489
19.2905 0.277428
19.2936 0.277375
19.2968 0.277328
19.2999 0.277287
19.3031 0.277376
19.3062 0.277454
19.3094 0.277397
19.3125 0.277348
19.3157 0.277304
19.3189 0.277266
19.322 0.277358
19.3252 0.277438
19.3283 0.277508
19.3315 0.277445
19.3346 0.277389
19.3378 0.277341
19.3409 0.277298
19.3441 0.277386
19.3472 0.277463
19.3504 0.27753
19.3535 0.277463
19.3567 0.277406
19.3598 0.277355
19.363 0.277311
19.3661 0.277397
19.3693 0.277472
19.3724 0.277413
19.3756 0.277361
19.3787 0.277316
19.3819 0.277277
19.385 0.277367
19.3882 0.277446
19.3913 0.277515
19.3945 0.277451
19.3977 0.277395
19.4008 0.277345
19.404 0.277302
19.4071 0.277389
19.4103 0.277466
19.4134 0.277407
19.4166 0.277357
19.4197 0.277312
19.4229 0.277273
19.426 0.277364
19.4292 0.277443
19.4323 0.277513
19.4355 0.277449
19.4386 0.277393
19.4418 0.277344
19.4449 0.277301
19.4481 0.277388
19.4512 0.277465
19.4544 0.277407
19.4575 0.277356
19.4607 0.277311
19.4638 0.277272
19.467 0.277238
19.4701 0.277334
19.4733 0.277417
19.4765 0.277365
19.4796 0.277319
19.4828 0.277279
19.4859 0.277244
19.4891 0.277339
19.4922 0.277421
19.4954 0.277494
19.4985 0.277432
19.5017 0.277378
19.5048 0.277331
19.508 0.277289
19.5111 0.277378
19.5143 0.277456
19.5174 0.277399
19.5206 0.277349
19.5237 0.277305
19.5269 0.277267
19.53 0.277359
19.5332 0.277439
19.5363 0.277509
19.5395 0.277445
19.5426 0.27739
19.5458 0.277341
19.5489 0.277298
19.5521 0.277386
19.5553 0.277463
19.5584 0.277405
19.5616 0.277354
19.5647 0.27731
19.5679 0.277271
19.571 0.277362
19.5742 0.277442
19.5773 0.277512
19.5805 0.277448
19.5836 0.277392
19.5868 0.277343
19.5899 0.2773
19.5931 0.277388
19.5962 0.277464
19.5994 0.277406
19.6025 0.277355
19.6057 0.277311
19.6088 0.277272
19.612 0.277238
19.6151 0.277333
19.6183 0.277417
19.6214 0.277365
19.6246 0.277319
19.6277 0.277279
19.6309 0.277244
19.6341 0.277339
19.6372 0.277421
19.6404 0.277494
19.6435 0.277432
19.6467 0.277378
19.6498 0.277331
19.653 0.277289
19.6561 0.277378
19.6593 0.277456
19.6624 0.277399
19.6656 0.277349
19.6687 0.277305
19.6719 0.277267
19.675 0.277359
19.6782 0.277439
19.6813 0.277509
19.6845 0.277445
19.6876 0.27739
19.6908 0.277341
19.6939 0.277298
19.6971 0.277386
19.7002 0.277463
19.7034 0.277405
19.7065 0.277354
19.7097 0.27731
19.7129 0.277271
19.716 0.277362
19.7192 0.277442
19.7223 0.277512
19.7255 0.277448
19.7286 0.277392
19.7318 0.277718
19.7349 0.278003
19.7381 0.278378
19.7412 0.278706
19.7444 0.278992
19.7475 0.279243
19.7507 0.279338
19.7538 0.279421
19.757 0.279493
19.7601 0.279681
19.7633 0.279846
19.7664 0.27999
19.7696 0.279992
19.7727 0.279993
19.7759 0.279994
19.779 0.280119
19.7822 0.280229
19.7853 0.280326
19.7885 0.28041
19.7917 0.280359
19.7948 0.280314
19.798 0.280275
19.8011 0.280365
19.8043 0.280445
19.8074 0.280514
19.8106 0.28045
19.8137 0.280394
19.8169 0.280344
19.82 0.280426
19.8232 0.280498
19.8263 0.280561
19.8295 0.280616
19.8326 0.280539
19.8358 0.280471
19.8389 0.280412
19.8421 0.280486
19.8452 0.28055
19.8484 0.280606
19.8515 0.280531
19.8547 0.280464
19.8578 0.280406
19.861 0.280355
19.8641 0.280436
19.8673 0.280507
19.8705 0.280568
19.8736 0.280497
19.8768 0.280435
19.8799 0.280381
19.8831 0.280458
19.8862 0.280526
19.8894 0.280585
19.8925 0.280637
19.8957 0.280557
19.8988 0.280488
19.902 0.280427
19.9051 0.280498
19.9083 0.280561
19.9114 0.280616
19.9146 0.280539
19.9177 0.280472
19.9209 0.280413
19.924 0.280486
19.9272 0.28055
19.9303 0.280607
19.9335 0.280656
19.9366 0.280574
19.9398 0.280502
19.9429 0.280439
19.9461 0.280509
19.9493 0.280571
19.9524 0.280624
19.9556 0.280546
19.9587 0.280478
19.9619 0.280418
19.965 0.280491
19.9682 0.280555
19.9713 0.28061
19.9745 0.280659
19.9776 0.280577
19.9808 0.280505
19.9839 0.280441
19.9871 0.280511
19.9902 0.280572
19.9934 0.280626
19.9965 0.280548
19.9997 0.280479
20.0028 0.280419
20.006 0.280367
20.0091 0.280446
20.0123 0.280515
20.0154 0.280576
20.0186 0.280504
20.0217 0.280441
20.0249 0.280386
20.0281 0.280463
20.0312 0.28053
20.0344 0.280589
20.0375 0.28064
20.0407 0.28056
20.0438 0.28049
20.047 0.280804
20.0501 0.281203
20.0533 0.281553
20.0564 0.281859
20.0596 0.282126
20.0627 0.282236
20.0659 0.282331
20.069 0.28254
20.0722 0.282722
20.0753 0.282882
20.0785 0.283022
20.0816 0.283144
20.0848 0.283126
20.0879 0.28311
20.0911 0.283221
20.0942 0.283319
20.0974 0.283404
