0.0 0
0.0905768 0.09
0.18279 0.09025
0.276537 0.0907188
0.370283 0.0911289
0.462454 0.102988
0.465606 0.101989
0.5562 0.100991
0.559352 0.100492
0.562504 0.100055
0.649946 0.0991734
0.653098 0.0989017
0.65625 0.098664
0.659402 0.098456
0.742117 0.108649
0.745269 0.107068
0.748421 0.105559
0.751573 0.104614
0.754725 0.103788
0.757877 0.103064
0.834287 0.112056
0.837439 0.109924
0.840591 0.108059
0.843743 0.106801
0.846895 0.105701
0.850047 0.104864
0.853199 0.104506
0.856351 0.104192
0.859503 0.103918
0.926458 0.112054
0.92961 0.109922
0.932762 0.108057
0.935914 0.1068
0.939066 0.105825
0.942218 0.104972
0.94537 0.1046
0.948522 0.104275
0.951674 0.103866
0.954826 0.103882
0.957978 0.103897
0.96113 0.104035
0.964282 0.104531
0.967434 0.104964
1.0202 0.103594
1.02336 0.10277
1.02651 0.102048
1.02966 0.101417
1.03281 0.10124
1.03596 0.101085
1.03912 0.100949
1.04227 0.101206
1.04542 0.10143
1.04857 0.101626
1.05172 0.102173
1.05488 0.102651
1.05803 0.103195
1.06118 0.104046
1.06433 0.10479
1.06748 0.105441
1.07064 0.106386
1.07379 0.107088
1.07694 0.107702
1.08009 0.108739
1.08324 0.109647
1.11395 0.107566
1.1171 0.106245
1.12025 0.105089
1.12341 0.104078
1.12656 0.103569
1.12971 0.103122
1.13286 0.102732
1.13601 0.102891
1.13917 0.103029
1.14232 0.103026
1.14547 0.103397
1.14862 0.103723
1.15177 0.104007
1.15493 0.104631
1.15808 0.105303
1.16123 0.10589
1.16438 0.106779
1.16753 0.107556
1.17069 0.108112
1.17384 0.108973
1.17699 0.109726
1.18014 0.11051
1.18329 0.111572
1.18645 0.1125
1.1896 0.113313
1.19275 0.114399
1.1959 0.115349
1.19905 0.116305
1.20221 0.117517
1.20536 0.118452
1.20851 0.119271
1.21166 0.120362
1.21481 0.117942
1.21797 0.115699
1.22112 0.114237
1.22427 0.112957
1.22742 0.111837
1.23057 0.111233
1.23373 0.110704
1.23688 0.110241
1.24003 0.110336
1.24318 0.110419
1.24633 0.110366
1.24949 0.110696
1.25264 0.110984
1.25579 0.111236
1.25894 0.111831
1.26209 0.112477
1.26525 0.113043
1.2684 0.113912
1.27155 0.114673
1.2747 0.115339
1.27785 0.116297
1.28101 0.117135
1.28416 0.117868
1.28731 0.118884
1.29046 0.119774
1.29361 0.120552
1.29677 0.121608
1.29992 0.122532
1.30307 0.123466
1.30622 0.124657
1.30937 0.1257
1.31253 0.126488
1.31568 0.127552
1.31883 0.128483
1.32198 0.129297
1.32513 0.13051
1.32829 0.131571
1.33144 0.1325
1.33459 0.133688
1.33774 0.134727
1.34089 0.135511
1.34405 0.136697
1.3472 0.137735
1.35035 0.138643
1.3535 0.139813
1.35665 0.140836
1.35981 0.141732
1.36296 0.14289
1.36611 0.144029
1.36926 0.145025
1.37241 0.146272
1.37557 0.147238
1.37872 0.148083
1.38187 0.149198
1.38502 0.150298
1.38817 0.151261
1.39133 0.152478
1.39448 0.153543
1.39763 0.154476
1.40078 0.155666
1.40393 0.156583
1.40709 0.15751
1.41024 0.158696
1.41339 0.159734
1.41654 0.160642
1.41969 0.161812
1.42285 0.162836
1.426 0.163731
1.42915 0.165015
1.4323 0.166138
1.43545 0.166996
1.43861 0.168121
1.44176 0.169106
1.44491 0.169968
1.44806 0.171222
1.45121 0.172319
1.45437 0.173279
1.45752 0.174494
1.46067 0.175558
1.46382 0.176363
1.46697 0.177442
1.47013 0.178512
1.47328 0.179448
1.47643 0.180642
1.47958 0.181687
1.48273 0.182601
1.48589 0.183776
1.48904 0.184929
1.49219 0.185938
1.49534 0.187196
1.49849 0.188171
1.50165 0.189025
1.5048 0.190147
1.50795 0.191128
1.5111 0.192112
1.51425 0.193348
1.51741 0.19443
1.52056 0.195376
1.52371 0.196579
1.52686 0.197632
1.53001 0.198553
1.53317 0.199734
1.53632 0.200767
1.53947 0.201671
1.54262 0.202837
1.54577 0.203858
1.54893 0.20475
1.55208 0.206032
1.55523 0.207153
1.55838 0.208009
1.56153 0.209132
1.56469 0.210116
1.56784 0.210976
1.57099 0.212104
1.57414 0.213216
1.57729 0.214189
1.58045 0.215416
1.5836 0.216489
1.58675 0.217428
1.5899 0.218624
1.59305 0.219671
1.59621 0.220587
1.59936 0.221764
1.60251 0.222793
1.60566 0.223694
1.60881 0.224857
1.61197 0.225875
1.61512 0.226891
1.61827 0.228154
1.62142 0.229135
1.62457 0.229993
1.62773 0.231119
1.63088 0.232104
1.63403 0.233091
1.63718 0.23433
1.64033 0.235414
1.64349 0.236362
1.64664 0.237567
1.64979 0.238621
1.65294 0.239418
1.65609 0.240616
1.65925 0.241664
1.6624 0.242581
1.66555 0.243758
1.6687 0.244789
1.67185 0.24569
1.67501 0.246979
1.67816 0.248106
1.68131 0.249093
1.68446 0.250331
1.68761 0.25129
1.69077 0.252129
1.69392 0.253238
1.69707 0.254333
1.70022 0.255291
1.70337 0.256505
1.70653 0.257567
1.70968 0.258496
1.71283 0.259684
1.71598 0.260598
1.71913 0.261524
1.72229 0.262708
1.72544 0.263745
1.72859 0.264652
1.73174 0.26582
1.73489 0.266843
1.73805 0.267862
1.7412 0.26913
1.74435 0.270238
1.7475 0.271084
1.75065 0.272198
1.75381 0.273173
1.75696 0.274027
1.76011 0.275273
1.76326 0.276364
1.76641 0.277319
1.76957 0.278529
1.77272 0.279588
1.77587 0.280389
1.77902 0.281591
1.78217 0.282642
1.78533 0.283562
1.78848 0.284741
1.79163 0.285774
1.79478 0.286677
1.79793 0.287842
1.80109 0.288987
1.80424 0.289989
1.80739 0.29124
1.81054 0.29221
1.81369 0.293059
1.81685 0.294176
1.82 0.295154
1.82315 0.296135
1.8263 0.297368
1.82945 0.298447
1.83261 0.299391
1.83576 0.300592
1.83891 0.301518
1.84206 0.302454
1.84521 0.303647
1.84837 0.304691
1.85152 0.305605
1.85467 0.306779
1.85782 0.307807
1.86097 0.308706
1.86413 0.309993
1.86728 0.311119
1.87043 0.311979
1.87358 0.313106
1.87673 0.314093
1.87989 0.314956
1.88304 0.316212
1.88619 0.31731
1.88934 0.318272
1.89249 0.319488
1.89565 0.320552
1.8988 0.321483
1.90195 0.322672
1.9051 0.323713
1.90825 0.324624
1.91141 0.325796
1.91456 0.326822
1.91771 0.327719
1.92086 0.328879
1.92401 0.330019
1.92717 0.331017
3.03194 0.30539
3.03509 0.282966
3.03825 0.263345
3.0414 0.246177
3.04455 0.231155
3.0477 0.218011
3.05085 0.206509
3.05401 0.196446
3.05716 0.18764
3.06031 0.179935
3.06346 0.173193
3.06661 0.167294
3.06977 0.162132
3.07449 0.157866
3.07765 0.154257
3.0808 0.151225
3.08395 0.148822
3.0871 0.146969
3.09025 0.145598
3.09341 0.144523
3.09656 0.143833
3.09971 0.143354
3.10286 0.14306
3.10601 0.143177
3.10917 0.143405
3.11232 0.143854
3.11547 0.144373
3.11862 0.144951
3.12177 0.145707
3.12493 0.146494
3.12808 0.147557
3.13123 0.148612
3.13438 0.149786
3.13753 0.150938
3.14069 0.15207
3.14384 0.153312
3.14699 0.154523
3.15014 0.155957
3.15329 0.157338
3.15645 0.158795
3.1596 0.160196
3.16275 0.161547
3.1659 0.162978
3.16905 0.164481
3.17221 0.166046
3.17536 0.16754
3.17851 0.169098
3.18166 0.170585
3.18481 0.172012
3.18797 0.173511
3.19112 0.175072
3.19427 0.176688
3.19742 0.178227
3.20057 0.179824
3.20373 0.181346
3.20688 0.182802
3.21003 0.184452
3.21318 0.186021
3.21633 0.187643
3.21949 0.189188
3.22264 0.190664
3.22579 0.192206
3.22894 0.19368
3.23209 0.195345
3.23525 0.196927
3.2384 0.198186
3.24155 0.199163
3.2447 0.200018
3.24785 0.200765
3.25101 0.201545
3.25416 0.202227
3.25731 0.202823
3.26046 0.20322
3.26361 0.203568
3.26677 0.203872
3.26992 0.204138
3.27307 0.204496
3.27622 0.204809
3.27937 0.204833
3.28252 0.204479
3.28568 0.203669
3.28883 0.202585
3.29198 0.201262
3.29513 0.199729
3.29828 0.198013
3.30144 0.196136
3.30459 0.194119
3.30774 0.191854
3.31089 0.189498
3.31404 0.187185
3.3172 0.184662
3.32035 0.182079
3.3235 0.179445
3.32665 0.176639
3.3298 0.173809
3.33296 0.170958
3.33611 0.168213
3.33926 0.165312
3.34241 0.162398
3.34556 0.159473
3.34872 0.156414
3.35187 0.153362
3.35502 0.150442
3.35817 0.147387
3.36132 0.144713
3.36448 0.142374
3.36763 0.140327
3.37078 0.138536
3.37393 0.136969
3.37708 0.135598
3.38024 0.134398
3.38339 0.133349
3.38654 0.13243
3.38969 0.131626
3.39284 0.130923
3.396 0.130308
3.39915 0.129769
3.4023 0.129298
3.40545 0.128886
3.4086 0.128525
3.41176 0.128209
3.41491 0.127933
3.41806 0.127817
3.42121 0.12759
3.42436 0.127391
3.42752 0.127217
3.43067 0.127065
3.43382 0.126932
3.43697 0.126815
3.44012 0.126713
3.44328 0.126624
3.44643 0.126546
3.44958 0.126478
3.45273 0.126418
3.45588 0.126366
3.45904 0.126445
3.46219 0.12639
3.46534 0.126341
3.46849 0.126298
3.47164 0.126261
3.4748 0.126228
3.47795 0.1262
3.4811 0.126175
3.48425 0.126153
3.4874 0.126134
3.49056 0.126117
3.49371 0.126102
3.49686 0.12609
3.50001 0.126203
3.50316 0.126178
3.50632 0.126156
3.50947 0.126136
3.51262 0.126119
3.51577 0.126104
3.51892 0.126091
3.52208 0.126205
3.52523 0.126179
3.52838 0.126157
3.53153 0.126137
3.53468 0.12612
3.53784 0.126105
3.54099 0.126092
3.54414 0.12608
3.54729 0.12607
3.55044 0.126062
3.5536 0.126054
3.55675 0.126047
3.5599 0.126041
3.56305 0.126161
3.5662 0.126141
3.56936 0.126123
3.57251 0.126108
3.57566 0.126094
3.57881 0.126083
3.58196 0.126072
3.58512 0.126063
3.58827 0.12643
3.59142 0.126752
3.59457 0.127033
3.59772 0.127279
3.60088 0.127494
3.60403 0.127807
3.60718 0.128081
3.61033 0.128196
3.61348 0.128296
3.61664 0.128384
3.61979 0.128461
3.62294 0.128529
3.62609 0.128713
3.62924 0.128749
3.6324 0.12878
3.63555 0.128807
3.6387 0.128832
3.64185 0.128853
3.645 0.128996
3.64816 0.129122
3.65131 0.129106
3.65446 0.129093
3.65761 0.129081
3.66076 0.129071
3.66392 0.129062
3.66707 0.12918
3.67022 0.129282
3.67337 0.129247
3.67652 0.129216
3.67968 0.129189
3.68283 0.129165
3.68598 0.129145
3.68913 0.129252
3.69228 0.12922
3.69544 0.129193
3.69859 0.129169
3.70174 0.129147
3.70489 0.129129
3.70804 0.129238
3.7112 0.129333
3.71435 0.129292
3.7175 0.129255
3.72065 0.129223
3.7238 0.129195
3.72696 0.129171
3.73011 0.129275
3.73326 0.12924
3.73641 0.12921
3.73956 0.129184
3.74272 0.129161
3.74587 0.129141
3.74902 0.129248
3.75217 0.129342
3.75532 0.129299
3.75848 0.129262
3.76163 0.129229
3.76478 0.129201
3.76793 0.129176
3.77108 0.129279
3.77424 0.129244
3.77739 0.129213
3.78054 0.129187
3.78369 0.129163
3.78684 0.129143
3.79 0.129125
3.79315 0.129234
3.7963 0.129205
3.79945 0.129179
3.8026 0.129157
3.80576 0.129137
3.80891 0.12912
3.81206 0.12923
3.81521 0.129326
3.81836 0.129286
3.82152 0.12925
3.82467 0.129219
3.82782 0.129191
3.83097 0.129167
3.83412 0.129271
3.83728 0.129238
3.84043 0.129208
3.84358 0.129182
3.84673 0.129159
3.84988 0.129139
3.85304 0.129247
3.85619 0.129341
3.85934 0.129298
3.86249 0.129261
3.86564 0.129228
3.8688 0.1292
3.87195 0.129175
3.8751 0.129278
3.87825 0.129243
3.8814 0.129213
3.88456 0.129186
3.88771 0.129163
3.89086 0.129143
3.89401 0.12925
3.89716 0.129344
3.90032 0.129301
3.90347 0.129263
3.90662 0.12923
3.90977 0.129201
3.91292 0.129176
3.91608 0.129279
3.91923 0.129369
3.92238 0.129323
3.92553 0.129283
3.92868 0.129247
3.93184 0.129216
3.93499 0.129189
3.93814 0.129291
3.94129 0.129254
3.94444 0.129223
3.9476 0.129195
3.95075 0.12917
3.9539 0.129149
3.95705 0.129255
3.9602 0.129349
3.96336 0.129305
3.96651 0.129267
3.96966 0.129233
3.97281 0.129204
3.97596 0.129179
3.97912 0.129281
3.98227 0.129246
3.98542 0.129215
3.98857 0.129189
3.99172 0.129165
3.99488 0.129144
3.99803 0.129251
4.00118 0.129345
4.00433 0.129302
4.00748 0.129264
4.01064 0.129606
4.01379 0.129905
4.01694 0.130167
4.02009 0.130521
4.02324 0.130831
4.0264 0.130977
4.02955 0.131105
4.0327 0.131217
4.03585 0.131315
4.039 0.131525
4.04216 0.13171
4.04531 0.131871
4.04846 0.131887
4.05161 0.131901
4.05476 0.131914
4.05792 0.131924
4.06107 0.132059
4.06422 0.132176
4.06737 0.132279
4.07052 0.132245
4.07368 0.132214
4.07683 0.132187
4.07998 0.132164
4.08313 0.132268
4.08628 0.13236
4.08944 0.132315
4.09259 0.132275
4.09574 0.132241
4.09889 0.132211
4.10204 0.13231
4.1052 0.132396
4.10835 0.132471
4.1115 0.132412
4.11465 0.132361
4.1178 0.132316
4.12096 0.132276
4.12411 0.132367
4.12726 0.132446
4.13041 0.13239
4.13356 0.132341
4.13672 0.132299
4.13987 0.132261
4.14302 0.132354
4.14617 0.132434
4.14932 0.132505
4.15248 0.132442
4.15563 0.132387
4.15878 0.132338
4.16193 0.132296
4.16508 0.132384
4.16824 0.132461
4.17139 0.132403
4.17454 0.132353
4.17769 0.132309
4.18084 0.13227
4.184 0.132236
4.18715 0.132332
4.1903 0.132415
4.19345 0.132364
4.1966 0.132318
4.19976 0.132278
4.20291 0.132244
4.20606 0.132338
4.20921 0.132421
4.21236 0.132493
4.21552 0.132432
4.21867 0.132378
4.22182 0.13233
4.22497 0.132289
4.22812 0.132378
4.23128 0.132456
4.23443 0.132399
4.23758 0.132349
4.24073 0.132305
4.24388 0.132267
4.24704 0.132359
4.25019 0.132439
4.25334 0.132509
4.25649 0.132445
4.25964 0.13239
4.2628 0.132341
4.26595 0.132298
4.2691 0.132386
4.27225 0.132463
4.2754 0.132405
4.27856 0.132354
4.28171 0.13231
4.28486 0.132271
4.28801 0.132362
4.29116 0.132442
4.29432 0.132512
4.29747 0.132448
4.30062 0.132392
4.30377 0.132718
4.30692 0.133003
4.31008 0.133378
4.31323 0.133706
4.31638 0.133992
4.31953 0.134243
4.32268 0.134338
4.32584 0.134421
4.32899 0.134493
4.33214 0.134681
4.33529 0.134846
4.33844 0.13499
4.3416 0.134992
4.34475 0.134993
4.3479 0.134994
4.35105 0.135119
4.3542 0.135229
4.35736 0.135326
4.36051 0.13541
4.36366 0.135359
4.36681 0.135314
4.36996 0.135275
4.37312 0.135365
4.37627 0.135445
4.37942 0.135514
4.38257 0.13545
4.38572 0.135394
4.38888 0.135344
4.39203 0.135426
4.39518 0.135498
4.39833 0.135561
4.40148 0.135616
4.40464 0.135539
4.40779 0.135471
4.41094 0.135412
4.41409 0.135486
4.41724 0.13555
4.4204 0.135606
4.42355 0.135531
4.4267 0.135464
4.42985 0.135406
4.433 0.13548
4.43616 0.135545
4.43931 0.135602
4.44246 0.135652
4.44561 0.13557
4.44876 0.135499
4.45192 0.135437
4.45507 0.135507
4.45822 0.135569
4.46137 0.135623
4.46452 0.13567
4.46768 0.135586
4.47083 0.135513
4.47398 0.135449
4.47713 0.135518
4.48028 0.135578
4.48344 0.135631
4.48659 0.135552
4.48974 0.135483
4.49289 0.135423
4.49604 0.135495
4.4992 0.135558
4.50235 0.135613
4.5055 0.135661
4.50865 0.135579
4.5118 0.135506
4.51496 0.135443
4.51811 0.135513
4.52126 0.135574
4.52441 0.136002
4.52756 0.136377
4.53072 0.13658
4.53387 0.136757
4.53702 0.137038
4.54017 0.137283
4.54332 0.137497
4.54648 0.137685
4.54963 0.13785
4.55278 0.137868
4.55593 0.137885
4.55908 0.138024
4.56224 0.138146
4.56539 0.138253
4.56854 0.138346
4.57169 0.138303
4.57484 0.138265
4.578 0.138232
4.58115 0.138328
4.5843 0.138412
4.58745 0.138486
4.5906 0.13855
4.59376 0.138481
4.59691 0.138421
4.60006 0.138493
4.60321 0.138557
4.60636 0.138612
4.60952 0.138661
4.61267 0.138703
4.61582 0.138615
4.61897 0.138538
4.62212 0.138596
4.62528 0.138646
4.62843 0.138691
4.63158 0.138729
4.63473 0.138638
4.63788 0.138558
4.64104 0.138614
4.64419 0.138662
4.64734 0.138704
4.65049 0.138741
4.65364 0.138773
4.6568 0.138677
4.65995 0.138592
4.6631 0.138643
4.66625 0.138688
4.6694 0.138727
4.67256 0.138761
4.67571 0.138666
4.67886 0.138583
4.68201 0.138635
4.68516 0.13868
4.68832 0.13872
4.69147 0.138755
4.69462 0.138786
4.69777 0.138688
4.70092 0.138602
4.70408 0.138651
4.70723 0.13907
4.71038 0.139436
4.71353 0.139757
4.71668 0.140037
4.71984 0.140283
4.72299 0.140372
4.72614 0.140576
4.72929 0.140754
4.73244 0.14091
4.7356 0.141046
4.73875 0.141165
4.7419 0.141144
4.74505 0.141251
4.7482 0.141345
4.75136 0.141427
4.75451 0.141498
4.75766 0.141561
4.76081 0.141616
4.76396 0.141539
4.76712 0.141597
4.77027 0.141647
4.77342 0.141691
4.77657 0.14173
4.77972 0.141764
4.78288 0.141668
4.78603 0.14171
4.78918 0.141746
4.79233 0.141778
4.79548 0.141805
4.79864 0.14183
4.80179 0.141851
4.80494 0.141745
4.80809 0.141777
4.81124 0.141805
4.8144 0.141829
4.81755 0.14185
4.8207 0.141869
4.82385 0.14176
4.827 0.14179
4.83016 0.141817
4.83331 0.141839
4.83646 0.14186
4.83961 0.141877
4.84276 0.141892
4.84592 0.141781
4.84907 0.141808
4.85222 0.141832
4.85537 0.141853
4.85852 0.141872
4.86168 0.141888
4.86483 0.141902
4.86798 0.141789
4.87113 0.14219
4.87428 0.142542
4.87744 0.142849
4.88059 0.143118
4.88374 0.143353
4.88689 0.143559
4.89004 0.143739
4.8932 0.143897
4.89635 0.144035
4.8995 0.144155
4.90265 0.144261
4.9058 0.144353
4.90896 0.144434
4.91211 0.144505
4.91526 0.144567
4.91841 0.144621
4.92156 0.144668
4.92472 0.14471
4.92787 0.144746
4.93102 0.144778
4.93417 0.144806
4.93732 0.14483
4.94048 0.144851
4.94363 0.14487
4.94678 0.144886
4.94993 0.1449
4.95308 0.144913
4.95624 0.144924
4.95939 0.144933
4.96254 0.144942
4.96569 0.144949
4.96884 0.144955
4.972 0.144836
4.97515 0.144856
4.9783 0.144874
4.98145 0.14489
4.9846 0.144904
4.98776 0.144916
4.99091 0.144926
4.99406 0.144936
4.99721 0.144944
5.00036 0.144951
5.00352 0.144957
5.00667 0.144962
5.00982 0.144967
5.01297 0.144971
5.01612 0.145475
5.01928 0.14579
5.02243 0.146067
5.02558 0.146308
5.02873 0.14652
5.03188 0.146705
5.03504 0.146992
5.03819 0.147118
5.04134 0.147228
5.04449 0.147324
5.04764 0.147409
5.0508 0.147483
5.05395 0.147547
5.0571 0.147729
5.06025 0.147763
5.0634 0.147793
5.06656 0.147818
5.06971 0.147841
5.07286 0.147861
5.07601 0.148003
5.07916 0.148003
5.08232 0.148003
5.08547 0.148002
5.08862 0.148002
5.09177 0.148002
5.09492 0.148002
5.09808 0.148126
5.10123 0.148111
5.10438 0.148097
5.10753 0.148085
5.11068 0.148074
5.11384 0.148065
5.11699 0.148057
5.12014 0.148175
5.12329 0.148153
5.12644 0.148134
5.1296 0.148117
5.13275 0.148102
5.1359 0.14809
5.13905 0.148203
5.1422 0.148178
5.14536 0.148156
5.14851 0.148511
5.15166 0.148822
5.15481 0.149095
5.15796 0.149333
5.16112 0.149666
5.16427 0.149958
5.16742 0.150088
5.17057 0.150202
5.17372 0.150302
5.17688 0.150389
5.18003 0.15059
5.18318 0.150767
5.18633 0.150796
5.18948 0.150821
5.19264 0.150844
5.19579 0.150863
5.19894 0.15088
5.20209 0.15102
5.20524 0.151143
5.2084 0.151125
5.21155 0.151109
5.2147 0.151096
5.21785 0.151084
5.221 0.151198
5.22416 0.151298
5.22731 0.151261
5.23046 0.151228
5.23361 0.1512
5.23676 0.151175
5.23992 0.151153
5.24307 0.151259
5.24622 0.151352
5.24937 0.151308
5.25252 0.151269
5.25568 0.151236
5.25883 0.151206
5.26198 0.15118
5.26513 0.151283
5.26828 0.151372
5.27144 0.151326
5.27459 0.15166
5.27774 0.151953
5.28089 0.152209
5.28404 0.152557
5.2872 0.152863
5.29035 0.15313
5.2935 0.153239
5.29665 0.153334
5.2998 0.153417
5.30296 0.15349
5.30611 0.153679
5.30926 0.153844
5.31241 0.153988
5.31556 0.15399
5.31872 0.153991
5.32187 0.153992
5.32502 0.154118
5.32817 0.154228
5.33132 0.154325
5.33448 0.154284
5.33763 0.154249
5.34078 0.154218
5.34393 0.15419
5.34708 0.154292
5.35024 0.15438
5.35339 0.154458
5.35654 0.1544
5.35969 0.15435
5.36284 0.154307
5.366 0.154268
5.36915 0.15436
5.3723 0.15444
5.37545 0.154385
5.3786 0.154337
5.38176 0.154295
5.38491 0.154258
5.38806 0.154351
5.39121 0.154807
5.39436 0.155206
5.39752 0.155555
5.40067 0.155736
5.40382 0.155894
5.40697 0.156032
5.41012 0.156278
5.41328 0.156493
5.41643 0.156682
5.41958 0.156846
5.42273 0.156866
5.42588 0.156882
5.42904 0.157022
5.43219 0.157144
5.43534 0.157251
5.43849 0.157345
5.44164 0.157302
5.4448 0.157264
5.44795 0.157231
5.4511 0.157327
5.45425 0.157411
5.4574 0.157485
5.46056 0.157549
5.46371 0.157481
5.46686 0.157421
5.47001 0.157493
5.47316 0.157556
5.47632 0.157612
5.47947 0.15766
5.48262 0.157578
5.48577 0.157506
5.48892 0.157442
5.49208 0.157512
5.49523 0.157573
5.49838 0.157626
5.50153 0.158048
5.50468 0.158417
5.50784 0.158615
5.51099 0.158788
5.51414 0.159065
5.51729 0.159307
5.52044 0.159518
5.5236 0.159703
5.52675 0.159865
5.5299 0.159882
5.53305 0.160022
5.5362 0.160144
5.53936 0.160251
5.54251 0.160345
5.54566 0.160427
5.54881 0.160373
5.55196 0.160327
5.55512 0.160411
5.55827 0.160485
5.56142 0.160549
5.56457 0.160605
5.56772 0.160655
5.57088 0.160573
5.57403 0.160626
5.57718 0.160673
5.58033 0.160714
5.58348 0.16075
5.58664 0.160781
5.58979 0.160683
5.59294 0.160598
5.59609 0.160648
5.59924 0.160692
5.6024 0.160731
5.60555 0.161139
5.6087 0.161497
5.61185 0.16181
5.615 0.162084
5.61816 0.162323
5.62131 0.162533
5.62446 0.162716
5.62761 0.162877
5.63076 0.163017
5.63392 0.163015
5.63707 0.163138
5.64022 0.163246
5.64337 0.16334
5.64652 0.163423
5.64968 0.163495
5.65283 0.163558
5.65598 0.163488
5.65913 0.163552
5.66228 0.163608
5.66544 0.163657
5.66859 0.1637
5.67174 0.163737
5.67489 0.16377
5.67804 0.163799
5.6812 0.163824
5.68435 0.163846
5.6875 0.163865
5.69065 0.163882
5.6938 0.163897
5.69696 0.163785
5.70011 0.163812
5.70326 0.163835
5.70641 0.164231
5.70956 0.164577
5.71272 0.16488
5.71587 0.165145
5.71902 0.165502
5.72217 0.165689
5.72532 0.165853
5.72848 0.165996
5.73163 0.166122
5.73478 0.166232
5.73793 0.166328
5.74108 0.166412
5.74424 0.166485
5.74739 0.16655
5.75054 0.166606
5.75369 0.166655
5.75684 0.166698
5.76 0.166736
5.76315 0.166769
5.7663 0.166798
5.76945 0.166823
5.7726 0.166845
5.77576 0.166865
5.77891 0.166881
5.78206 0.166896
5.78521 0.166909
5.78836 0.166921
5.79152 0.166931
5.79467 0.166939
5.79782 0.166947
5.80097 0.166953
5.80412 0.167459
5.80728 0.167777
5.81043 0.168055
5.81358 0.168298
5.81673 0.168511
5.81988 0.168697
5.82304 0.168985
5.82619 0.169237
5.82934 0.169332
5.83249 0.169416
5.83564 0.169489
5.8388 0.169553
5.84195 0.169608
5.8451 0.169782
5.84825 0.16981
5.8514 0.169833
5.85456 0.169854
5.85771 0.169872
5.86086 0.169888
5.86401 0.170027
5.86716 0.170149
5.87032 0.17013
5.87347 0.170114
5.87662 0.1701
5.87977 0.170087
5.88292 0.170076
5.88608 0.170192
5.88923 0.170168
5.89238 0.170147
5.89553 0.170504
5.89868 0.170816
5.90184 0.171089
5.90499 0.171328
5.90814 0.171662
5.91129 0.171954
5.91444 0.172085
5.9176 0.172199
5.92075 0.172299
5.9239 0.172387
5.92705 0.172588
5.9302 0.172765
5.93336 0.172919
5.93651 0.172929
5.93966 0.172938
5.94281 0.172946
5.94596 0.172953
5.94912 0.173084
5.95227 0.173198
5.95542 0.173173
5.95857 0.173152
5.96172 0.173133
5.96488 0.173116
5.96803 0.173227
5.97118 0.173323
5.97433 0.173408
5.97748 0.173357
5.98064 0.173312
5.98379 0.173648
5.98694 0.173942
5.99009 0.174324
5.99324 0.174659
5.9964 0.174952
5.99955 0.175083
6.0027 0.175197
6.00585 0.175298
6.009 0.17551
6.01216 0.175697
6.01531 0.17586
6.01846 0.176002
6.02161 0.176002
6.02476 0.176002
6.02792 0.176001
6.03107 0.176126
6.03422 0.176235
6.03737 0.176331
6.04052 0.17629
6.04368 0.176253
6.04683 0.176222
6.04998 0.176194
6.05313 0.176295
6.05628 0.176383
6.05944 0.17646
6.06259 0.176403
6.06574 0.176352
6.06889 0.176308
6.07204 0.17677
6.0752 0.177173
6.07835 0.177527
6.0815 0.177836
6.08465 0.178106
6.0878 0.178218
6.09096 0.178316
6.09411 0.178526
6.09726 0.178711
6.10041 0.178872
6.10356 0.179013
6.10672 0.179011
6.10987 0.17901
6.11302 0.179134
6.11617 0.179242
6.11932 0.179337
6.12248 0.17942
6.12563 0.179492
6.12878 0.179431
6.13193 0.179377
6.13508 0.179455
6.13824 0.179523
6.14139 0.179582
6.14454 0.179635
6.14769 0.179555
6.15084 0.179486
6.154 0.1798
6.15715 0.1802
6.1603 0.18055
6.16345 0.180856
6.1666 0.181124
6.16976 0.181359
6.17291 0.181439
6.17606 0.181634
6.17921 0.181805
6.18236 0.181954
6.18552 0.182085
6.18867 0.182199
6.19182 0.182174
6.19497 0.182153
6.19812 0.182259
6.20128 0.182351
6.20443 0.182432
6.20758 0.182503
6.21073 0.182565
6.21388 0.182495
6.21704 0.182558
6.22019 0.182613
6.22334 0.182661
6.22649 0.182704
6.22964 0.182741
6.2328 0.182773
6.23595 0.183177
6.2391 0.183529
6.24225 0.183838
6.2454 0.184109
6.24856 0.184345
6.25171 0.184552
6.25486 0.184733
6.25801 0.184891
6.26116 0.18503
6.26432 0.185151
6.26747 0.185257
6.27062 0.18535
6.27377 0.185431
6.27692 0.185502
6.28008 0.185565
6.28323 0.185619
6.28638 0.185667
6.28953 0.185708
6.29268 0.185745
6.29584 0.185777
6.29899 0.18568
6.30214 0.18572
6.30529 0.185755
6.30844 0.185785
6.3116 0.185812
6.31475 0.186211
6.3179 0.186559
6.32105 0.186989
6.3242 0.187241
6.32736 0.187461
6.33051 0.187653
6.33366 0.187821
6.33681 0.187969
6.33996 0.188098
6.34312 0.188335
6.34627 0.188419
6.34942 0.188491
6.35257 0.188555
6.35572 0.18861
6.35888 0.188659
6.36203 0.188827
6.36518 0.188848
6.36833 0.188867
6.37148 0.188884
6.37464 0.188898
6.37779 0.188911
6.38094 0.188922
6.38409 0.189057
6.38724 0.18905
6.3904 0.189044
6.39355 0.189413
6.3967 0.189737
6.39985 0.190019
6.403 0.190392
6.40616 0.190718
6.40931 0.190878
6.41246 0.191018
6.41561 0.191141
6.41876 0.191249
6.42192 0.191342
6.42507 0.19155
6.42822 0.191731
6.43137 0.191765
6.43452 0.191794
6.43767 0.19182
6.44083 0.191842
6.44398 0.191862
6.44713 0.192004
6.45028 0.192004
6.45343 0.192003
6.45659 0.192003
6.45974 0.192002
6.46289 0.192002
6.46604 0.192502
6.46919 0.192939
6.47235 0.193322
6.4755 0.193532
6.47865 0.193715
6.4818 0.193876
6.48495 0.194016
6.48811 0.194264
6.49126 0.194481
6.49441 0.194671
6.49756 0.194712
6.50071 0.194748
6.50387 0.19478
6.50702 0.194932
6.51017 0.195066
6.51332 0.195182
6.51647 0.19516
6.51963 0.19514
6.52278 0.195122
6.52593 0.195107
6.52908 0.195219
6.53223 0.195316
6.53539 0.195402
6.53854 0.195352
6.54169 0.195683
6.54484 0.195972
6.54799 0.196226
6.55115 0.196572
6.5543 0.196876
6.55745 0.197141
6.5606 0.197249
6.56375 0.197343
6.56691 0.197425
6.57006 0.197622
6.57321 0.197794
6.57636 0.197945
6.57951 0.198077
6.58267 0.198067
6.58582 0.198059
6.58897 0.198051
6.59212 0.19817
6.59527 0.198274
6.59843 0.198364
6.60158 0.198319
6.60473 0.198279
6.60788 0.198244
6.61103 0.198714
6.61419 0.199124
6.61734 0.199484
6.62049 0.199798
6.62364 0.200074
6.62679 0.200189
6.62995 0.200291
6.6331 0.200504
6.63625 0.200691
6.6394 0.200855
6.64255 0.200998
6.64571 0.201123
6.64886 0.201108
6.65201 0.201219
6.65516 0.201317
6.65831 0.201402
6.66147 0.201477
6.66462 0.201542
6.66777 0.201475
6.67092 0.201415
6.67407 0.201488
6.67723 0.201552
6.68038 0.201608
6.68353 0.202032
6.68668 0.202403
6.68983 0.202728
6.69299 0.202887
6.69614 0.203151
6.69929 0.203382
6.70244 0.203584
6.70559 0.203761
6.70875 0.203916
6.7119 0.203927
6.71505 0.204061
6.7182 0.204178
6.72135 0.204281
6.72451 0.204371
6.72766 0.204449
6.73081 0.204518
6.73396 0.204453
6.73711 0.204522
6.74027 0.204582
6.74342 0.204634
6.74657 0.20468
6.74972 0.205095
6.75287 0.205458
6.75603 0.205901
6.75918 0.206163
6.76233 0.206393
6.76548 0.206594
6.76863 0.206769
6.77179 0.206923
6.77494 0.207058
6.77809 0.207176
6.78124 0.207279
6.78439 0.207369
6.78755 0.207448
6.7907 0.207517
6.79385 0.207577
6.797 0.207755
6.80015 0.207786
6.80331 0.207812
6.80646 0.207836
6.80961 0.207856
6.81276 0.207874
6.81591 0.20789
6.81907 0.208404
6.82222 0.208728
6.82537 0.209012
6.82852 0.209261
6.83167 0.209478
6.83483 0.209668
6.83798 0.209835
6.84113 0.210105
6.84428 0.210217
6.84743 0.210315
6.85059 0.210401
6.85374 0.210476
6.85689 0.210541
6.86004 0.210724
6.86319 0.210758
6.86635 0.210788
6.8695 0.210815
6.87265 0.210838
6.8758 0.210858
6.87895 0.210876
6.88211 0.211016
6.88526 0.211514
6.88841 0.211825
6.89156 0.212097
6.89471 0.212335
6.89787 0.212543
6.90102 0.21285
6.90417 0.213119
6.90732 0.213354
6.91047 0.213435
6.91363 0.213505
6.91678 0.213567
6.91993 0.213621
6.92308 0.213794
6.92623 0.213944
6.92939 0.213951
6.93254 0.213957
6.93569 0.213963
6.93884 0.213967
6.94199 0.213972
6.94515 0.2141
6.9483 0.214588
6.95145 0.215014
6.9546 0.215262
6.95775 0.21548
6.96091 0.21567
6.96406 0.215961
6.96721 0.216216
6.97036 0.216439
6.97351 0.216509
6.97667 0.21657
6.97982 0.216624
6.98297 0.216671
6.98612 0.216837
6.98927 0.216983
6.99243 0.21711
6.99558 0.217096
6.99873 0.217084
7.00188 0.217073
7.00503 0.217189
7.00819 0.217291
7.01134 0.217754
7.01449 0.21816
7.01764 0.21839
7.02079 0.218591
7.02395 0.218767
7.0271 0.219046
7.03025 0.219291
7.0334 0.219504
7.03655 0.219691
7.03971 0.21973
7.04286 0.219764
7.04601 0.219918
7.04916 0.220053
7.05231 0.220172
7.05547 0.220275
7.05862 0.220366
7.06177 0.22032
7.06492 0.22028
7.06807 0.22037
7.07123 0.220449
7.07438 0.220893
7.07753 0.221281
7.08068 0.221621
7.08383 0.221793
7.08699 0.221944
7.09014 0.222201
7.09329 0.222426
7.09644 0.222623
7.09959 0.222795
7.10275 0.222946
7.1059 0.222952
7.10905 0.223083
7.1122 0.223198
7.11535 0.223298
7.11851 0.223386
7.12166 0.223463
7.12481 0.223405
7.12796 0.223354
7.13111 0.223435
7.13427 0.223506
7.13742 0.223942
7.14057 0.224325
7.14372 0.224659
7.14687 0.224952
7.15003 0.225208
7.15318 0.225432
7.15633 0.225628
7.15948 0.225799
7.16263 0.225949
7.16579 0.226081
7.16894 0.226196
7.17209 0.226296
7.17524 0.226384
7.17839 0.226461
7.18155 0.226528
7.1847 0.226587
7.18785 0.226639
7.191 0.226684
7.19415 0.226724
7.19731 0.227133
7.20046 0.227492
7.20361 0.227805
7.20676 0.228079
7.20991 0.22832
7.21307 0.228655
7.21622 0.228823
7.21937 0.22897
7.22252 0.229099
7.22567 0.229211
7.22883 0.22931
7.23198 0.229396
7.23513 0.229472
7.23828 0.229538
7.24143 0.229595
7.24459 0.229646
7.24774 0.22969
7.25089 0.229729
7.25404 0.229888
7.25719 0.230402
7.26035 0.230727
7.2635 0.231011
7.26665 0.231259
7.2698 0.231477
7.27295 0.231667
7.27611 0.231959
7.27926 0.232089
7.28241 0.232203
7.28556 0.232303
7.28871 0.23239
7.29187 0.232466
7.29502 0.232658
7.29817 0.232826
7.30132 0.232847
7.30447 0.232866
7.30763 0.232883
7.31078 0.232898
7.31393 0.233286
7.31708 0.23375
7.32023 0.234156
7.32339 0.234512
7.32654 0.234698
7.32969 0.23486
7.33284 0.235003
7.33599 0.235128
7.33915 0.235362
7.3423 0.235566
7.34545 0.235621
7.3486 0.235668
7.35175 0.23571
7.35491 0.235746
7.35806 0.235903
7.36121 0.23604
7.36436 0.23616
7.36751 0.23614
7.37067 0.236122
7.37382 0.236482
7.37697 0.236797
7.38012 0.237197
7.38327 0.237548
7.38643 0.237854
7.38958 0.237997
7.39273 0.238123
7.39588 0.238232
7.39903 0.238453
7.40219 0.238647
7.40534 0.238816
7.40849 0.238964
7.41164 0.238968
7.41479 0.238972
7.41795 0.238976
7.4211 0.239104
7.42425 0.239216
7.4274 0.239314
7.43055 0.239775
7.43371 0.240053
7.43686 0.240296
7.44001 0.240634
7.44316 0.24093
7.44631 0.241189
7.44947 0.241415
7.45262 0.241613
7.45577 0.241662
7.45892 0.241704
7.46207 0.241866
7.46523 0.242008
7.46838 0.242132
7.47153 0.24224
7.47468 0.242335
7.47783 0.242293
7.48099 0.242257
7.48414 0.24235
7.48729 0.242806
7.49044 0.243205
7.49359 0.243554
7.49675 0.24386
7.4999 0.244003
7.50305 0.244252
7.5062 0.244471
7.50935 0.244662
7.51251 0.244829
7.51566 0.244976
7.51881 0.245104
7.52196 0.245091
7.52511 0.245204
7.52827 0.245304
7.53142 0.245391
7.53457 0.245467
7.53772 0.245534
7.54087 0.245967
7.54403 0.246346
7.54718 0.246678
7.55033 0.246968
7.55348 0.247222
7.55663 0.247444
7.55979 0.247639
7.56294 0.247809
7.56609 0.247958
7.56924 0.248088
7.57239 0.248202
7.57555 0.248302
7.5787 0.248389
7.58185 0.248465
7.585 0.248657
7.58815 0.2487
7.59131 0.248738
7.59446 0.249145
7.59761 0.249502
7.60076 0.249814
7.60391 0.250088
7.60707 0.250452
7.61022 0.250645
7.61337 0.250815
7.61652 0.250963
7.61967 0.251092
7.62283 0.251206
7.62598 0.251305
7.62913 0.251517
7.63228 0.251577
7.63543 0.25163
7.63859 0.251676
7.64174 0.251717
7.64489 0.251752
7.64804 0.251908
7.65119 0.25242
7.65435 0.252742
7.6575 0.253024
7.66065 0.253271
7.6638 0.253487
7.66695 0.253677
7.67011 0.253967
7.67326 0.254221
7.67641 0.254318
7.67956 0.254404
7.68271 0.254478
7.68587 0.254543
7.68902 0.254725
7.69217 0.254885
7.69532 0.254899
7.69847 0.254912
7.70163 0.255298
7.70478 0.255636
7.70793 0.255931
7.71108 0.256315
7.71423 0.25665
7.71739 0.256944
7.72054 0.257076
7.72369 0.257192
7.72684 0.257293
7.72999 0.257381
7.73315 0.257583
7.7363 0.25776
7.73945 0.257915
7.7426 0.257926
7.74575 0.257935
7.74891 0.257943
7.75206 0.258075
7.75521 0.258566
7.75836 0.258995
7.76151 0.259371
7.76467 0.259574
7.76782 0.259753
7.77097 0.259909
7.77412 0.26017
7.77727 0.260399
7.78043 0.260599
7.78358 0.260774
7.78673 0.260802
7.78988 0.260827
7.79303 0.260974
7.79619 0.261102
7.79934 0.261214
7.80249 0.261312
7.80564 0.261273
7.80879 0.261614
7.81195 0.261912
7.8151 0.262298
7.81825 0.262636
7.8214 0.262932
7.82455 0.26319
7.82771 0.263416
7.83086 0.263489
7.83401 0.263678
7.83716 0.263843
7.84031 0.263988
7.84347 0.264114
7.84662 0.264225
7.84977 0.264197
7.85292 0.264172
7.85607 0.264276
7.85923 0.264741
7.86238 0.265149
7.86553 0.265505
7.86868 0.265817
7.87183 0.26609
7.87499 0.266204
7.87814 0.266428
7.88129 0.266625
7.88444 0.266797
7.88759 0.266947
7.89075 0.267079
7.8939 0.267194
7.89705 0.267295
7.9002 0.267383
7.90335 0.26746
7.90651 0.267527
7.90966 0.267961
7.91281 0.268341
7.91596 0.268674
7.91911 0.268964
7.92227 0.269219
7.92542 0.269442
7.92857 0.269636
7.93172 0.269807
7.93487 0.269956
7.93803 0.270211
7.94118 0.27031
7.94433 0.270396
7.94748 0.270472
7.95063 0.270538
7.95379 0.270596
7.95694 0.270646
7.96009 0.27119
7.96324 0.271542
7.96639 0.271849
7.96955 0.272118
7.9727 0.272353
7.97585 0.272559
7.979 0.272864
7.98215 0.273131
7.98531 0.27324
7.98846 0.273335
7.99161 0.273418
7.99476 0.273491
7.99791 0.273554
8.00107 0.273735
8.00422 0.273893
8.00737 0.273906
8.01052 0.274293
8.01367 0.274632
8.01683 0.274928
8.01998 0.275187
8.02313 0.275538
8.02628 0.275846
8.02943 0.27599
8.03259 0.276116
8.03574 0.276227
8.03889 0.276324
8.04204 0.276533
8.04519 0.276716
8.04835 0.276877
8.0515 0.276892
8.05465 0.276906
8.0578 0.277293
8.06095 0.277631
8.06411 0.278052
8.06726 0.278421
8.07041 0.278743
8.07356 0.2789
8.07671 0.279038
8.07987 0.279158
8.08302 0.279388
8.08617 0.27959
8.08932 0.279766
8.09247 0.27992
8.09563 0.27993
8.09878 0.279939
8.10193 0.279947
8.10508 0.280078
8.10823 0.280568
8.11139 0.280997
8.11454 0.281373
8.11769 0.281576
8.12084 0.281754
8.12399 0.28191
8.12715 0.282171
8.1303 0.2824
8.13345 0.2826
8.1366 0.282775
8.13975 0.282803
8.14291 0.282828
8.14606 0.282974
8.14921 0.283102
8.15236 0.283215
8.15551 0.283688
8.15867 0.284102
8.16182 0.284464
8.16497 0.284656
8.16812 0.284949
8.17127 0.285205
8.17443 0.28543
8.17758 0.285626
8.18073 0.285798
8.18388 0.285823
8.18703 0.28597
8.19019 0.286099
8.19334 0.286212
8.19649 0.28631
8.19964 0.286396
8.20279 0.286847
8.20595 0.287241
8.2091 0.287586
8.21225 0.287888
8.2154 0.288152
8.21855 0.288383
8.22171 0.288585
8.22486 0.288762
8.22801 0.288917
8.23116 0.289052
8.23431 0.28917
8.23747 0.289274
8.24062 0.289365
8.24377 0.289444
8.24692 0.289514
8.25007 0.290075
8.25323 0.29044
8.25638 0.29076
8.25953 0.29104
8.26268 0.291285
8.26583 0.291499
8.26899 0.291687
8.27214 0.291851
8.27529 0.291995
8.27844 0.29212
8.28159 0.29223
8.28475 0.292327
8.2879 0.292411
8.29105 0.292609
8.2942 0.292658
8.29735 0.293076
8.30051 0.293441
8.30366 0.293761
8.30681 0.294041
8.30996 0.294286
8.31311 0.294625
8.31627 0.294922
8.31942 0.295057
8.32257 0.295175
8.32572 0.295278
8.32887 0.295368
8.33203 0.295572
8.33518 0.295751
8.33833 0.295782
8.34148 0.295809
8.34463 0.296208
8.34779 0.296557
8.35094 0.296862
8.35409 0.297255
8.35724 0.297598
8.36039 0.297898
8.36355 0.298036
8.3667 0.298156
8.36985 0.298262
8.373 0.298479
8.37615 0.298669
8.37931 0.298836
8.38246 0.298856
8.38561 0.298874
8.38876 0.299265
8.39191 0.299607
8.39507 0.300031
8.39822 0.300402
8.40137 0.300727
8.40452 0.301011
8.40767 0.301135
8.41083 0.301243
8.41398 0.301337
8.41713 0.301545
8.42028 0.301727
8.42343 0.301886
8.42659 0.302025
8.42974 0.302022
8.43289 0.302019
8.43604 0.302517
8.43919 0.302952
8.44235 0.303333
8.4455 0.303667
8.44865 0.303958
8.4518 0.304089
8.45495 0.304202
8.45811 0.304427
8.46126 0.304624
8.46441 0.304796
8.46756 0.304946
8.47071 0.305078
8.47387 0.305068
8.47702 0.305185
8.48017 0.305662
8.48332 0.306079
8.48647 0.306444
8.48963 0.306764
8.49278 0.307043
8.49593 0.307163
8.49908 0.307392
8.50223 0.307593
8.50539 0.307769
8.50854 0.307923
8.51169 0.308058
8.51484 0.308175
8.51799 0.308154
8.52115 0.308259
8.5243 0.308727
8.52745 0.309136
8.5306 0.309494
8.53375 0.309807
8.53691 0.310081
8.54006 0.310321
8.54321 0.310531
8.54636 0.310715
8.54951 0.310875
8.55267 0.311016
8.55582 0.311139
8.55897 0.311247
8.56212 0.311341
8.56527 0.311423
8.56843 0.31187
8.57158 0.312261
8.57473 0.312604
8.57788 0.312903
8.58103 0.31329
8.58419 0.313629
8.58734 0.3138
8.59049 0.31395
8.59364 0.314082
8.59679 0.314196
8.59995 0.314297
8.6031 0.31451
8.60625 0.314571
8.6094 0.314625
8.61255 0.315047
8.61571 0.315416
8.61886 0.315739
8.62201 0.316146
8.62516 0.316503
8.62831 0.316815
8.63147 0.316963
8.63462 0.317093
8.63777 0.317206
8.64092 0.317306
8.64407 0.317517
8.64723 0.317703
8.65038 0.31774
8.65353 0.317772
8.65668 0.318176
8.65983 0.318529
8.66299 0.318838
8.66614 0.319233
8.66929 0.319579
8.67244 0.319882
8.67559 0.320021
8.67875 0.320144
8.6819 0.320251
8.68505 0.320469
8.6882 0.320661
8.69135 0.320828
8.69451 0.32085
8.69766 0.321243
8.70081 0.321588
8.70396 0.321889
8.70711 0.322278
8.71027 0.322619
8.71342 0.322916
8.71657 0.323177
8.71972 0.32328
8.72287 0.32337
8.72603 0.323573
8.72918 0.323752
8.73233 0.323908
8.73548 0.324044
8.73863 0.324164
8.74179 0.324643
8.74494 0.324938
8.74809 0.325321
8.75124 0.325656
8.75439 0.325949
8.75755 0.326205
8.7607 0.326429
8.76385 0.326501
8.767 0.326688
8.77015 0.326852
8.77331 0.326996
8.77646 0.327121
8.77961 0.327231
8.78276 0.327702
8.78591 0.328114
8.78907 0.328475
8.79222 0.328791
8.79537 0.329067
8.79852 0.329308
8.80167 0.32952
8.80483 0.329705
8.80798 0.329742
8.81113 0.329899
8.81428 0.330037
8.81743 0.330157
8.82059 0.330262
8.82374 0.330355
8.82689 0.33081
8.83004 0.331334
8.83319 0.331667
8.83635 0.331959
8.8395 0.332214
8.84265 0.332437
8.8458 0.332633
8.84895 0.332804
8.85211 0.333078
8.85526 0.333193
8.85841 0.333294
8.86156 0.333382
8.86471 0.33346
8.86787 0.333902
8.87102 0.334414
8.87417 0.334863
8.87732 0.33513
8.88047 0.335364
8.88363 0.335568
8.88678 0.335747
8.88993 0.335904
8.89308 0.336166
8.89623 0.336395
8.89939 0.336471
8.90254 0.336537
8.90569 0.336595
9.42419 0.317395
9.42735 0.300596
9.43207 0.286146
9.43523 0.273628
9.43838 0.262925
9.44153 0.253684
9.44468 0.245724
9.44783 0.239008
9.45099 0.233257
9.45414 0.2286
9.45729 0.22465
9.46044 0.221444
9.46359 0.218513
9.46675 0.216199
9.4699 0.214174
9.47305 0.212402
9.4762 0.210852
9.47935 0.209496
9.48251 0.208309
9.48566 0.207395
9.48881 0.206596
9.49196 0.205896
9.49511 0.205409
9.49827 0.204983
9.50142 0.20461
9.50457 0.204284
9.50772 0.204123
9.51087 0.203983
9.51403 0.203985
9.51718 0.203987
9.52033 0.203864
9.52348 0.203756
9.52663 0.203661
9.52979 0.203704
9.53294 0.203741
9.53609 0.203898
9.53924 0.204036
9.54239 0.204156
9.54555 0.204262
9.5487 0.204354
9.55185 0.20456
9.555 0.204865
9.55815 0.205132
9.56131 0.205365
9.56446 0.205445
9.56761 0.205514
9.57076 0.205825
9.57391 0.206097
9.57706 0.206335
9.58022 0.206543
9.58337 0.206725
9.58652 0.206884
9.58967 0.207024
9.59282 0.207271
9.59598 0.207487
9.59913 0.207801
9.60228 0.208076
9.60543 0.208316
9.60858 0.208402
9.61174 0.208477
9.61489 0.208792
9.61804 0.209193
9.62119 0.209419
9.62434 0.209617
9.6275 0.209789
9.63065 0.209941
9.6338 0.209823
9.63695 0.20972
9.6401 0.209505
9.64326 0.208942
9.64641 0.208074
9.64956 0.20694
9.65271 0.205448
9.65586 0.204142
9.65902 0.202749
9.66217 0.20153
9.66532 0.200339
9.66847 0.199297
9.67162 0.198385
9.67478 0.197586
9.67793 0.196888
9.68108 0.196402
9.68423 0.195977
9.68738 0.19548
9.69054 0.195045
9.69369 0.194664
9.69684 0.193956
9.69999 0.193337
9.70314 0.192795
9.7063 0.19232
9.70945 0.191905
9.7126 0.191542
9.71575 0.191224
9.7189 0.190946
9.72206 0.190828
9.72521 0.190599
9.72836 0.1904
9.73151 0.190225
9.73466 0.190072
9.73782 0.189563
9.74097 0.188992
9.74412 0.188618
9.74727 0.188291
9.75042 0.188005
9.75358 0.187754
9.75673 0.187535
9.75988 0.187343
9.76303 0.187175
9.76618 0.187028
9.76934 0.1869
9.77249 0.186787
9.77564 0.186314
9.77879 0.1859
9.78194 0.185412
9.7851 0.185111
9.78825 0.185222
9.7914 0.185319
9.79455 0.185404
9.7977 0.185104
9.80086 0.184716
9.80401 0.184501
9.80716 0.184314
9.81031 0.184149
9.81346 0.184006
9.81662 0.18388
9.81977 0.18377
9.82292 0.183549
9.82607 0.18348
9.82922 0.18342
9.83238 0.183368
9.83553 0.183322
9.83868 0.183281
9.84183 0.183121
9.84498 0.182981
9.84814 0.182983
9.85129 0.182986
9.85444 0.182987
9.85759 0.182989
9.86074 0.18299
9.8639 0.182867
9.86705 0.182883
9.8702 0.182898
9.87335 0.182911
9.8765 0.182922
9.87966 0.182932
9.88281 0.18294
9.88596 0.182823
9.88911 0.182845
9.89226 0.182864
9.89542 0.182881
9.89857 0.182896
9.90172 0.182909
9.90487 0.182795
9.90802 0.182821
9.91118 0.182843
9.91433 0.182863
9.91748 0.18288
9.92063 0.182895
9.92378 0.182908
9.92694 0.182795
9.93009 0.18282
9.93324 0.182843
9.93639 0.182862
9.93954 0.18288
9.9427 0.182895
9.94585 0.182783
9.949 0.18281
9.95215 0.182834
9.9553 0.182855
9.95846 0.182873
9.96161 0.182889
9.96476 0.182903
9.96791 0.18279
9.97106 0.182816
9.97422 0.182839
9.97737 0.182859
9.98052 0.182877
9.98367 0.182892
9.98682 0.182781
9.98998 0.182683
9.99313 0.182723
9.99628 0.182757
9.99943 0.182788
10.0026 0.182814
10.0057 0.182837
10.0089 0.182733
10.012 0.182766
10.0152 0.182795
10.0183 0.182821
10.0215 0.182843
10.0246 0.182863
10.0278 0.18288
10.031 0.18277
10.0341 0.182799
10.0373 0.182824
10.0404 0.182846
10.0436 0.182865
10.0467 0.182882
10.0499 0.182772
10.053 0.1828
10.0562 0.182825
10.0593 0.182847
10.0625 0.182866
10.0656 0.182883
10.0688 0.182898
10.0719 0.182785
10.0751 0.182812
10.0782 0.182836
10.0814 0.182856
10.0845 0.182874
10.0877 0.18289
10.0908 0.182779
10.094 0.182681
10.0971 0.182721
10.1003 0.182756
10.1034 0.182787
10.1066 0.182813
10.1098 0.182837
10.1129 0.182732
10.1161 0.182765
10.1192 0.182795
10.1224 0.18282
10.1255 0.182843
10.1287 0.182863
10.1318 0.182755
10.135 0.183035
10.1381 0.183406
10.1413 0.18373
10.1444 0.184014
10.1476 0.184262
10.1507 0.184479
10.1539 0.184669
10.157 0.184836
10.1602 0.184981
10.1633 0.185109
10.1665 0.18522
10.1696 0.185318
10.1728 0.185403
10.1759 0.185478
10.1791 0.185543
10.1822 0.1856
10.1854 0.18565
10.1886 0.185694
10.1917 0.185732
10.1949 0.185766
10.198 0.185795
10.2012 0.18582
10.2043 0.185843
10.2075 0.185863
10.2106 0.18588
10.2138 0.185895
10.2169 0.185908
10.2201 0.185919
10.2232 0.185929
10.2264 0.185938
10.2295 0.185946
10.2327 0.185953
10.2358 0.185959
10.239 0.185839
10.2421 0.185859
10.2453 0.185877
10.2484 0.185892
10.2516 0.185906
10.2547 0.185917
10.2579 0.185928
10.261 0.185937
10.2642 0.185945
10.2674 0.185952
10.2705 0.185958
10.2737 0.185963
10.2768 0.185968
10.28 0.185972
10.2831 0.185975
10.2863 0.185978
10.2894 0.185981
10.2926 0.185983
10.2957 0.185985
10.2989 0.185987
10.302 0.185989
10.3052 0.18599
10.3083 0.185991
10.3115 0.185993
10.3146 0.185993
10.3178 0.185994
10.3209 0.185995
10.3241 0.185996
10.3272 0.185996
10.3304 0.185997
10.3335 0.185997
10.3367 0.185997
10.3398 0.185998
10.343 0.185998
10.3462 0.185998
10.3493 0.185998
10.3525 0.185999
10.3556 0.185999
10.3588 0.185999
10.3619 0.185999
10.3651 0.185999
10.3682 0.185999
10.3714 0.185999
10.3745 0.185999
10.3777 0.186
10.3808 0.186
10.384 0.185875
10.3871 0.18589
10.3903 0.185904
10.3934 0.185916
10.3966 0.185927
10.3997 0.185936
10.4029 0.185944
10.406 0.185951
10.4092 0.185957
10.4123 0.185962
10.4155 0.185967
10.4186 0.185971
10.4218 0.185975
10.425 0.185978
10.4281 0.185981
10.4313 0.185983
10.4344 0.185985
10.4376 0.185987
10.4407 0.185989
10.4439 0.18599
10.447 0.185991
10.4502 0.185992
10.4533 0.185993
10.4565 0.185994
10.4596 0.185995
10.4628 0.185996
10.4659 0.185996
10.4691 0.185997
10.4722 0.185997
10.4754 0.185997
10.4785 0.185998
10.4817 0.185998
10.4848 0.185998
10.488 0.185873
10.4911 0.185889
10.4943 0.185903
10.4974 0.185915
10.5006 0.185926
10.5038 0.185935
10.5069 0.185943
10.5101 0.18595
10.5132 0.185957
10.5164 0.186337
10.5195 0.18667
10.5227 0.186961
10.5258 0.187216
10.529 0.187439
10.5321 0.187634
10.5353 0.187805
10.5384 0.187954
10.5416 0.188085
10.5447 0.188199
10.5479 0.188299
10.551 0.188512
10.5542 0.188573
10.5573 0.188626
10.5605 0.188673
10.5636 0.188714
10.5668 0.18875
10.5699 0.188781
10.5731 0.188933
10.5762 0.188942
10.5794 0.188949
10.5826 0.188955
10.5857 0.188961
10.5889 0.188966
10.592 0.189095
10.5952 0.189083
10.5983 0.189073
10.6015 0.189064
10.6046 0.189056
10.6078 0.189049
10.6109 0.189043
10.6141 0.189162
10.6172 0.189142
10.6204 0.189124
10.6235 0.189109
10.6267 0.189095
10.6298 0.189083
10.633 0.189073
10.6361 0.189064
10.6393 0.189056
10.6424 0.189049
10.6456 0.189043
10.6487 0.189037
10.6519 0.189033
10.655 0.189154
10.6582 0.189134
10.6614 0.189118
10.6645 0.189103
10.6677 0.18909
10.6708 0.189079
10.674 0.189069
10.6771 0.189185
10.6803 0.189162
10.6834 0.189142
10.6866 0.189124
10.6897 0.189109
10.6929 0.189095
10.696 0.189208
10.6992 0.189182
10.7023 0.189159
10.7055 0.189139
10.7086 0.189122
10.7118 0.189107
10.7149 0.189093
10.7181 0.189207
10.7212 0.189181
10.7244 0.189158
10.7275 0.189139
10.7307 0.189121
10.7338 0.189106
10.737 0.189218
10.7402 0.189191
10.7433 0.189167
10.7465 0.189146
10.7496 0.189128
10.7528 0.189112
10.7559 0.189098
10.7591 0.189211
10.7622 0.189684
10.7654 0.189974
10.7685 0.190227
10.7717 0.190449
10.7748 0.190643
10.778 0.190812
10.7811 0.191086
10.7843 0.1912
10.7874 0.1913
10.7906 0.191387
10.7937 0.191464
10.7969 0.191531
10.8 0.191715
10.8032 0.191875
10.8063 0.191891
10.8095 0.191905
10.8126 0.191916
10.8158 0.191927
10.819 0.191936
10.8221 0.192069
10.8253 0.192185
10.8284 0.192162
10.8316 0.192142
10.8347 0.192124
10.8379 0.192109
10.841 0.19222
10.8442 0.192318
10.8473 0.192278
10.8505 0.192243
10.8536 0.192213
10.8568 0.192186
10.8599 0.192163
10.8631 0.192268
10.8662 0.192359
10.8694 0.192314
10.8725 0.192275
10.8757 0.192241
10.8788 0.19221
10.882 0.192184
10.8851 0.192286
10.8883 0.19225
10.8914 0.192219
10.8946 0.192192
10.8978 0.192168
10.9009 0.192147
10.9041 0.192253
10.9072 0.192347
10.9104 0.192303
10.9135 0.192265
10.9167 0.192232
10.9198 0.192203
10.923 0.192178
10.9261 0.192281
10.9293 0.192246
10.9324 0.192215
10.9356 0.192188
10.9387 0.192164
10.9419 0.192144
10.945 0.192251
10.9482 0.192345
10.9513 0.192301
10.9545 0.192264
10.9576 0.192231
10.9608 0.192577
10.9639 0.19288
10.9671 0.19327
10.9702 0.193611
10.9734 0.19391
10.9766 0.194046
10.9797 0.194165
10.9829 0.19427
10.986 0.194486
10.9892 0.194675
10.9923 0.194841
10.9955 0.194861
10.9986 0.194878
11.0018 0.194893
11.0049 0.194907
11.0081 0.195043
11.0112 0.195163
11.0144 0.195268
11.0175 0.195234
11.0207 0.195205
11.0238 0.195179
11.027 0.195157
11.0301 0.195262
11.0333 0.195354
11.0364 0.19531
11.0396 0.195271
11.0427 0.195237
11.0459 0.195208
11.049 0.195307
11.0522 0.195393
11.0554 0.195469
11.0585 0.195411
11.0617 0.195359
11.0648 0.195314
11.068 0.195275
11.0711 0.195366
11.0743 0.195445
11.0774 0.195514
11.0806 0.19545
11.0837 0.195394
11.0869 0.195345
11.09 0.195427
11.0932 0.195498
11.0963 0.195561
11.0995 0.195491
11.1026 0.195429
11.1058 0.195376
11.1089 0.195329
11.1121 0.195413
11.1152 0.195486
11.1184 0.19555
11.1215 0.195482
11.1247 0.195421
11.1278 0.195369
11.131 0.195823
11.1342 0.19622
11.1373 0.196567
11.1405 0.196871
11.1436 0.197012
11.1468 0.197136
11.1499 0.197244
11.1531 0.197463
11.1562 0.197655
11.1594 0.197824
11.1625 0.197971
11.1657 0.197974
11.1688 0.197978
11.172 0.19798
11.1751 0.198108
11.1783 0.198219
11.1814 0.198317
11.1846 0.198277
11.1877 0.198243
11.1909 0.198212
11.194 0.198311
11.1972 0.198397
11.2003 0.198472
11.2035 0.198538
11.2066 0.198471
11.2098 0.198412
11.213 0.198361
11.2161 0.198441
11.2193 0.19851
11.2224 0.198572
11.2256 0.198625
11.2287 0.198547
11.2319 0.198479
11.235 0.198544
11.2382 0.198601
11.2413 0.198651
11.2445 0.198694
11.2476 0.198608
11.2508 0.198532
11.2539 0.198465
11.2571 0.198532
11.2602 0.198591
11.2634 0.198642
11.2665 0.198687
11.2697 0.198601
11.2728 0.198526
11.276 0.19846
11.2791 0.198527
11.2823 0.198961
11.2854 0.199341
11.2886 0.199674
11.2918 0.199839
11.2949 0.199985
11.2981 0.200236
11.3012 0.200457
11.3044 0.20065
11.3075 0.200819
11.3107 0.200966
11.3138 0.20097
11.317 0.200974
11.3201 0.201102
11.3233 0.201215
11.3264 0.201313
11.3296 0.201399
11.3327 0.201349
11.3359 0.201305
11.339 0.201392
11.3422 0.201468
11.3453 0.201535
11.3485 0.201593
11.3516 0.201644
11.3548 0.201563
11.3579 0.201493
11.3611 0.201556
11.3642 0.201612
11.3674 0.20166
11.3706 0.201703
11.3737 0.20174
11.3769 0.201647
11.38 0.201691
11.3832 0.20173
11.3863 0.201764
11.3895 0.201793
11.3926 0.201819
11.3958 0.201717
11.3989 0.201627
11.4021 0.201674
11.4052 0.201715
11.4084 0.20175
11.4115 0.201781
11.4147 0.201809
11.4178 0.201708
11.421 0.201994
11.4241 0.20237
11.4273 0.202699
11.4304 0.202986
11.4336 0.203238
11.4367 0.203458
11.4399 0.203526
11.443 0.20371
11.4462 0.203871
11.4494 0.204013
11.4525 0.204136
11.4557 0.204244
11.4588 0.204338
11.462 0.204296
11.4651 0.204384
11.4683 0.204461
11.4714 0.204528
11.4746 0.204587
11.4777 0.204639
11.4809 0.204684
11.484 0.204724
11.4872 0.204758
11.4903 0.204788
11.4935 0.204815
11.4966 0.204838
11.4998 0.204858
11.5029 0.204751
11.5061 0.204782
11.5092 0.204809
11.5124 0.204833
11.5155 0.204854
11.5187 0.204872
11.5218 0.204888
11.525 0.204777
11.5282 0.204805
11.5313 0.204829
11.5345 0.204851
11.5376 0.204869
11.5408 0.204886
11.5439 0.204775
11.5471 0.205178
11.5502 0.205531
11.5534 0.20584
11.5565 0.20611
11.5597 0.206346
11.5628 0.206553
11.566 0.206734
11.5691 0.206892
11.5723 0.20703
11.5754 0.207152
11.5786 0.207258
11.5817 0.20735
11.5849 0.207432
11.588 0.207503
11.5912 0.207565
11.5943 0.207619
11.5975 0.207667
11.6006 0.207708
11.6038 0.207745
11.607 0.207777
11.6101 0.207805
11.6133 0.207829
11.6164 0.20785
11.6196 0.207869
11.6227 0.207886
11.6259 0.2079
11.629 0.208037
11.6322 0.208033
11.6353 0.208029
11.6385 0.208025
11.6416 0.208022
11.6448 0.208019
11.6479 0.208017
11.6511 0.208015
11.6542 0.208013
11.6574 0.208011
11.6605 0.20801
11.6637 0.208009
11.6668 0.208383
11.67 0.20871
11.6731 0.209121
11.6763 0.209356
11.6794 0.209561
11.6826 0.209741
11.6858 0.209899
11.6889 0.210036
11.6921 0.210282
11.6952 0.210371
11.6984 0.21045
11.7015 0.210519
11.7047 0.210579
11.7078 0.210632
11.711 0.210678
11.7141 0.210843
11.7173 0.210863
11.7204 0.21088
11.7236 0.210895
11.7267 0.210908
11.7299 0.210919
11.733 0.211055
11.7362 0.211173
11.7393 0.211151
11.7425 0.211132
11.7456 0.211116
11.7488 0.211101
11.7519 0.211089
11.7551 0.211203
11.7582 0.211177
11.7614 0.211155
11.7646 0.211136
11.7677 0.211119
11.7709 0.211104
11.774 0.211216
11.7772 0.211689
11.7803 0.212103
11.7835 0.21234
11.7866 0.212547
11.7898 0.212729
11.7929 0.212888
11.7961 0.213152
11.7992 0.213383
11.8024 0.21346
11.8055 0.213528
11.8087 0.213587
11.8118 0.213638
11.815 0.213683
11.8181 0.213848
11.8213 0.213992
11.8244 0.213993
11.8276 0.213994
11.8307 0.213995
11.8339 0.213995
11.837 0.214121
11.8402 0.214231
11.8434 0.214202
11.8465 0.214177
11.8497 0.214155
11.8528 0.214135
11.856 0.214118
11.8591 0.214229
11.8623 0.214325
11.8654 0.214284
11.8686 0.214249
11.8717 0.214218
11.8749 0.214191
11.878 0.214292
11.8812 0.21438
11.8843 0.214833
11.8875 0.215229
11.8906 0.21545
11.8938 0.215644
11.8969 0.215813
11.9001 0.216087
11.9032 0.216326
11.9064 0.216535
11.9095 0.216593
11.9127 0.216644
11.9158 0.216689
11.919 0.216727
11.9222 0.216887
11.9253 0.217026
11.9285 0.217148
11.9316 0.217129
11.9348 0.217113
11.9379 0.217099
11.9411 0.217211
11.9442 0.21731
11.9474 0.217396
11.9505 0.217347
11.9537 0.217303
11.9568 0.217265
11.96 0.217232
11.9631 0.217328
11.9663 0.217412
11.9694 0.217486
11.9726 0.217425
11.9757 0.217372
11.9789 0.217325
11.982 0.21741
11.9852 0.217858
11.9883 0.218251
11.9915 0.218595
11.9946 0.21877
11.9978 0.218924
12.001 0.219059
12.0041 0.219301
12.0073 0.219514
12.0104 0.219699
12.0136 0.219862
12.0167 0.219879
12.0199 0.219894
12.023 0.220033
12.0262 0.220153
12.0293 0.220259
12.0325 0.220352
12.0356 0.220433
12.0388 0.220379
12.0419 0.220331
12.0451 0.220415
12.0482 0.220488
12.0514 0.220552
12.0545 0.220608
12.0577 0.220532
12.0608 0.220466
12.064 0.220407
12.0671 0.220481
12.0703 0.220546
12.0734 0.220603
12.0766 0.220653
12.0798 0.220571
12.0829 0.220875
12.0861 0.221265
12.0892 0.221607
12.0924 0.221906
12.0955 0.222168
12.0987 0.222397
12.1018 0.222472
12.105 0.222538
12.1081 0.222721
12.1113 0.222881
12.1144 0.223021
12.1176 0.223143
12.1207 0.22325
12.1239 0.223219
12.127 0.223317
12.1302 0.223402
12.1333 0.223477
12.1365 0.223542
12.1396 0.223599
12.1428 0.223649
12.1459 0.223568
12.1491 0.223622
12.1522 0.223669
12.1554 0.223711
12.1586 0.223747
12.1617 0.223779
12.1649 0.223681
12.168 0.223721
12.1712 0.223756
12.1743 0.223786
12.1775 0.224188
12.1806 0.22454
12.1838 0.224847
12.1869 0.225116
12.1901 0.225352
12.1932 0.225558
12.1964 0.225738
12.1995 0.225896
12.2027 0.226034
12.2058 0.226155
12.209 0.226135
12.2121 0.226243
12.2153 0.226338
12.2184 0.226421
12.2216 0.226493
12.2247 0.226556
12.2279 0.226612
12.231 0.22666
12.2342 0.226703
12.2374 0.22674
12.2405 0.226773
12.2437 0.226801
12.2468 0.226826
12.25 0.226723
12.2531 0.226757
12.2563 0.226788
12.2594 0.226814
12.2626 0.226837
12.2657 0.227233
12.2689 0.227579
12.272 0.228006
12.2752 0.228256
12.2783 0.228474
12.2815 0.228664
12.2846 0.228831
12.2878 0.228977
12.2909 0.229105
12.2941 0.229342
12.2972 0.229424
12.3004 0.229496
12.3035 0.229559
12.3067 0.229614
12.3098 0.229663
12.313 0.229705
12.3162 0.229742
12.3193 0.229774
12.3225 0.229802
12.3256 0.229827
12.3288 0.229849
12.3319 0.229867
12.3351 0.230009
12.3382 0.230008
12.3414 0.230007
12.3445 0.230006
12.3477 0.230005
12.3508 0.230005
12.354 0.230379
12.3571 0.230832
12.3603 0.231103
12.3634 0.23134
12.3666 0.231547
12.3697 0.231729
12.3729 0.231888
12.376 0.232152
12.3792 0.232383
12.3823 0.23246
12.3855 0.232528
12.3886 0.232587
12.3918 0.232638
12.395 0.232683
12.3981 0.232848
12.4013 0.232867
12.4044 0.232884
12.4076 0.232898
12.4107 0.232911
12.4139 0.232922
12.417 0.233057
12.4202 0.233175
12.4233 0.233153
12.4265 0.233134
12.4296 0.233117
12.4328 0.233102
12.4359 0.233465
12.4391 0.233907
12.4422 0.234293
12.4454 0.234632
12.4485 0.234803
12.4517 0.234952
12.4548 0.235083
12.458 0.235198
12.4611 0.235423
12.4643 0.23562
12.4674 0.235668
12.4706 0.235709
12.4738 0.235746
12.4769 0.235777
12.4801 0.23593
12.4832 0.236064
12.4864 0.236181
12.4895 0.236158
12.4927 0.236139
12.4958 0.236121
12.499 0.236106
12.5021 0.236218
12.5053 0.236316
12.5084 0.236276
12.5116 0.236242
12.5147 0.236211
12.5179 0.23656
12.521 0.23699
12.5242 0.237366
12.5273 0.237695
12.5305 0.237984
12.5336 0.238111
12.5368 0.238222
12.5399 0.238319
12.5431 0.238529
12.5462 0.238713
12.5494 0.238874
12.5526 0.239015
12.5557 0.239013
12.5589 0.239011
12.562 0.239135
12.5652 0.239243
12.5683 0.239338
12.5715 0.23942
12.5746 0.239368
12.5778 0.239322
12.5809 0.239282
12.5841 0.239371
12.5872 0.23945
12.5904 0.239519
12.5935 0.239579
12.5967 0.240007
12.5998 0.240256
12.603 0.240474
12.6061 0.24079
12.6093 0.241066
12.6124 0.241308
12.6156 0.241519
12.6187 0.241579
12.6219 0.241632
12.625 0.241803
12.6282 0.241953
12.6314 0.242083
12.6345 0.242198
12.6377 0.242298
12.6408 0.242261
12.644 0.242228
12.6471 0.242325
12.6503 0.242409
12.6534 0.242483
12.6566 0.242548
12.6597 0.242479
12.6629 0.242419
12.666 0.242492
12.6692 0.242555
12.6723 0.242611
12.6755 0.243035
12.6786 0.243405
12.6818 0.24373
12.6849 0.243888
12.6881 0.244152
12.6912 0.244383
12.6944 0.244585
12.6975 0.244762
12.7007 0.244917
12.7038 0.245052
12.707 0.245046
12.7102 0.245165
12.7133 0.245269
12.7165 0.245361
12.7196 0.245441
12.7228 0.245511
12.7259 0.245447
12.7291 0.245516
12.7322 0.245576
12.7354 0.245629
12.7385 0.245676
12.7417 0.245716
12.7448 0.245752
12.748 0.246158
12.7511 0.246513
12.7543 0.246824
12.7574 0.247096
12.7606 0.247334
12.7637 0.247542
12.7669 0.247724
12.77 0.247884
12.7732 0.248023
12.7763 0.248145
12.7795 0.248252
12.7826 0.248346
12.7858 0.248428
12.789 0.248499
12.7921 0.248562
12.7953 0.248616
12.7984 0.248664
12.8016 0.248706
12.8047 0.248743
12.8079 0.248775
12.811 0.248803
12.8142 0.248828
12.8173 0.248849
12.8205 0.249243
12.8236 0.249588
12.8268 0.249889
12.8299 0.250153
12.8331 0.250509
12.8362 0.250695
12.8394 0.250858
12.8425 0.251001
12.8457 0.251126
12.8488 0.251235
12.852 0.251331
12.8551 0.251539
12.8583 0.251597
12.8614 0.251647
12.8646 0.251691
12.8678 0.25173
12.8709 0.251764
12.8741 0.251918
12.8772 0.251929
12.8804 0.251937
12.8835 0.251945
12.8867 0.251952
12.8898 0.251958
12.893 0.252338
12.8961 0.252796
12.8993 0.253197
12.9024 0.253422
12.9056 0.253619
12.9087 0.253792
12.9119 0.253943
12.915 0.2542
12.9182 0.254425
12.9213 0.254497
12.9245 0.25456
12.9276 0.254615
12.9308 0.254663
12.9339 0.254705
12.9371 0.254867
12.9402 0.255009
12.9434 0.255007
12.9466 0.255007
12.9497 0.255006
12.9529 0.255005
12.956 0.255129
12.9592 0.255238
12.9623 0.255708
12.9655 0.25612
12.9686 0.256355
12.9718 0.256561
12.9749 0.25674
12.9781 0.257023
12.9812 0.25727
12.9844 0.257486
12.9875 0.257551
12.9907 0.257607
12.9938 0.257656
12.997 0.257699
13.0001 0.257862
13.0033 0.258004
13.0064 0.258128
13.0096 0.258112
13.0127 0.258098
13.0159 0.258086
13.019 0.2582
13.0222 0.2583
13.0254 0.258388
13.0285 0.258339
13.0317 0.258672
13.0348 0.258963
13.038 0.259217
13.0411 0.259565
13.0443 0.25987
13.0474 0.260136
13.0506 0.260369
13.0537 0.260448
13.0569 0.260517
13.06 0.260702
13.0632 0.260864
13.0663 0.261006
13.0695 0.261131
13.0726 0.261114
13.0758 0.2611
13.0789 0.261087
13.0821 0.261202
13.0852 0.261301
13.0884 0.261389
13.0915 0.261465
13.0947 0.261407
13.0978 0.261731
13.101 0.262015
13.1042 0.262388
13.1073 0.262714
13.1105 0.263
13.1136 0.26325
13.1168 0.263469
13.1199 0.263535
13.1231 0.263718
13.1262 0.263879
13.1294 0.264019
13.1325 0.264141
13.1357 0.264249
13.1388 0.264218
13.142 0.26419
13.1451 0.264292
13.1483 0.26438
13.1514 0.264458
13.1546 0.264525
13.1577 0.264585
13.1609 0.264512
13.164 0.264948
13.1672 0.265329
13.1703 0.265663
13.1735 0.265955
13.1766 0.266211
13.1798 0.266434
13.183 0.266505
13.1861 0.266692
13.1893 0.266855
13.1924 0.266999
13.1956 0.267124
13.1987 0.267233
13.2019 0.267329
13.205 0.267413
13.2082 0.267486
13.2113 0.267551
13.2145 0.267607
13.2176 0.267656
13.2208 0.267699
13.2239 0.267612
13.2271 0.26766
13.2302 0.268078
13.2334 0.268443
13.2365 0.268763
13.2397 0.269042
13.2428 0.269287
13.246 0.269501
13.2491 0.269688
13.2523 0.269852
13.2554 0.269996
13.2586 0.270121
13.2618 0.270231
13.2649 0.270327
13.2681 0.270536
13.2712 0.270594
13.2744 0.270645
13.2775 0.270689
13.2807 0.270728
13.2838 0.270762
13.287 0.270792
13.2901 0.270818
13.2933 0.271216
13.2964 0.271564
13.2996 0.271868
13.3027 0.272135
13.3059 0.272368
13.309 0.272697
13.3122 0.272985
13.3153 0.273112
13.3185 0.273223
13.3216 0.27332
13.3248 0.273405
13.3279 0.273479
13.3311 0.273669
13.3342 0.273711
13.3374 0.273747
13.3406 0.273779
13.3437 0.273806
13.3469 0.27383
13.35 0.273977
13.3532 0.27448
13.3563 0.27492
13.3595 0.27518
13.3626 0.275407
13.3658 0.275606
13.3689 0.275781
13.3721 0.276058
13.3752 0.276301
13.3784 0.276513
13.3815 0.276574
13.3847 0.276627
13.3878 0.276674
13.391 0.276715
13.3941 0.276875
13.3973 0.277016
13.4004 0.277014
13.4036 0.277012
13.4067 0.277011
13.4099 0.277009
13.413 0.277133
13.4162 0.277616
13.4194 0.278039
13.4225 0.278409
13.4257 0.278608
13.4288 0.278782
13.432 0.278934
13.4351 0.279193
13.4383 0.279419
13.4414 0.279616
13.4446 0.279664
13.4477 0.279706
13.4509 0.279743
13.454 0.2799
13.4572 0.280038
13.4603 0.280158
13.4635 0.280263
13.4666 0.28023
13.4698 0.280201
13.4729 0.280176
13.4761 0.280654
13.4792 0.281072
13.4824 0.281438
13.4855 0.281759
13.4887 0.281914
13.4918 0.28205
13.495 0.282168
13.4982 0.282397
13.5013 0.282598
13.5045 0.282773
13.5076 0.282926
13.5108 0.282936
13.5139 0.282944
13.5171 0.283076
13.5202 0.283191
13.5234 0.283292
13.5265 0.283381
13.5297 0.283458
13.5328 0.283401
13.536 0.283726
13.5391 0.284135
13.5423 0.284493
13.5454 0.284807
13.5486 0.285081
13.5517 0.285321
13.5549 0.285406
13.558 0.285605
13.5612 0.285779
13.5643 0.285932
13.5675 0.286065
13.5706 0.286182
13.5738 0.286284
13.577 0.286249
13.5801 0.286343
13.5833 0.286425
13.5864 0.286497
13.5896 0.28656
13.5927 0.28699
13.5959 0.287366
13.599 0.287695
13.6022 0.287983
13.6053 0.288235
13.6085 0.288456
13.6116 0.288649
13.6148 0.288818
13.6179 0.288966
13.6211 0.289095
13.6242 0.289208
13.6274 0.289307
13.6305 0.289394
13.6337 0.289469
13.6368 0.289536
13.64 0.289469
13.6431 0.289535
13.6463 0.289593
13.6494 0.290019
13.6526 0.290392
13.6558 0.290718
13.6589 0.291003
13.6621 0.291378
13.6652 0.29158
13.6684 0.291758
13.6715 0.291913
13.6747 0.292049
13.6778 0.292168
13.681 0.292272
13.6841 0.292488
13.6873 0.292552
13.6904 0.292608
13.6936 0.292657
13.6967 0.2927
13.6999 0.292737
13.703 0.292895
13.7062 0.293408
13.7093 0.293732
13.7125 0.294016
13.7156 0.294264
13.7188 0.294481
13.7219 0.294671
13.7251 0.294962
13.7282 0.295217
13.7314 0.295315
13.7346 0.2954
13.7377 0.295475
13.7409 0.295541
13.744 0.295723
13.7472 0.295883
13.7503 0.295897
13.7535 0.29591
13.7566 0.295921
13.7598 0.295931
13.7629 0.296315
13.7661 0.296776
13.7692 0.297179
13.7724 0.297531
13.7755 0.297715
13.7787 0.297875
13.7818 0.298016
13.785 0.298139
13.7881 0.298372
13.7913 0.298575
13.7944 0.298753
13.7976 0.298784
13.8007 0.298811
13.8039 0.298835
13.807 0.29898
13.8102 0.299108
13.8134 0.299219
13.8165 0.299192
13.8197 0.299543
13.8228 0.29985
13.826 0.300119
13.8291 0.300479
13.8323 0.300794
13.8354 0.30107
13.8386 0.301311
13.8417 0.301397
13.8449 0.301473
13.848 0.301663
13.8512 0.301831
13.8543 0.301977
13.8575 0.302105
13.8606 0.302092
13.8638 0.30208
13.8669 0.30207
13.8701 0.302186
13.8732 0.302663
13.8764 0.30308
13.8795 0.303445
13.8827 0.303764
13.8858 0.303919
13.889 0.304054
13.8922 0.304297
13.8953 0.30451
13.8985 0.304696
13.9016 0.304859
13.9048 0.304877
13.9079 0.304892
13.9111 0.305031
13.9142 0.305152
13.9174 0.305258
13.9205 0.305351
13.9237 0.305432
13.9268 0.305878
13.93 0.306143
13.9331 0.3065
13.9363 0.306813
13.9394 0.307086
13.9426 0.307325
13.9457 0.307535
13.9489 0.307718
13.952 0.307878
13.9552 0.308018
13.9583 0.308141
13.9615 0.308248
13.9646 0.308342
13.9678 0.308425
13.971 0.308372
13.9741 0.30845
13.9773 0.308519
13.9804 0.308954
13.9836 0.309335
13.9867 0.309668
13.9899 0.309959
13.993 0.310339
13.9962 0.310547
13.9993 0.310729
14.0025 0.310888
14.0056 0.311027
14.0088 0.311148
14.0119 0.311255
14.0151 0.311348
14.0182 0.311429
14.0214 0.311501
14.0245 0.311563
14.0277 0.311618
14.0308 0.312041
14.034 0.31241
14.0371 0.312859
14.0403 0.313127
14.0434 0.313361
14.0466 0.313566
14.0498 0.313745
14.0529 0.313902
14.0561 0.314164
14.0592 0.314269
14.0624 0.31436
14.0655 0.31444
14.0687 0.31451
14.0718 0.314571
14.075 0.314625
14.0781 0.314797
14.0813 0.314822
14.0844 0.315219
14.0876 0.315567
14.0907 0.315871
14.0939 0.316137
14.097 0.316495
14.1002 0.316808
14.1033 0.317082
14.1065 0.317197
14.1096 0.317297
14.1128 0.317385
14.1159 0.317462
14.1191 0.317654
14.1222 0.317822
14.1254 0.317845
14.1286 0.317864
14.1317 0.317881
14.1349 0.318271
14.138 0.318737
14.1412 0.319145
14.1443 0.319502
14.1475 0.319814
14.1506 0.319962
14.1538 0.320092
14.1569 0.320206
14.1601 0.32043
14.1632 0.320626
14.1664 0.320798
14.1695 0.320823
14.1727 0.320845
14.1758 0.320865
14.179 0.320881
14.1821 0.321021
14.1853 0.321519
14.1884 0.321954
14.1916 0.322335
14.1947 0.322543
14.1979 0.322725
14.201 0.323009
14.2042 0.323258
14.2074 0.323476
14.2105 0.323666
14.2137 0.323833
14.2168 0.323854
14.22 0.323872
14.2231 0.324013
14.2263 0.324137
14.2294 0.324244
14.2326 0.324339
14.2357 0.324797
14.2389 0.325072
14.242 0.325438
14.2452 0.325758
14.2483 0.326038
14.2515 0.326284
14.2546 0.326498
14.2578 0.326686
14.2609 0.326725
14.2641 0.326885
14.2672 0.327024
14.2704 0.327146
14.2735 0.327253
14.2767 0.327346
14.2798 0.327303
14.283 0.32764
14.2862 0.32806
14.2893 0.328428
14.2925 0.328749
14.2956 0.32903
14.2988 0.329277
14.3019 0.329492
14.3051 0.329681
14.3082 0.329845
14.3114 0.32999
14.3145 0.330116
14.3177 0.330227
14.3208 0.330323
14.324 0.330283
14.3271 0.330372
14.3303 0.330451
14.3334 0.330895
14.3366 0.331283
14.3397 0.331622
14.3429 0.33192
14.346 0.332305
14.3492 0.332517
14.3523 0.332702
14.3555 0.332864
14.3586 0.333006
14.3618 0.33313
14.3649 0.333239
14.3681 0.333459
14.3713 0.333527
14.3744 0.333586
14.3776 0.333638
14.3807 0.334058
14.3839 0.334426
14.387 0.334873
14.3902 0.335263
14.3933 0.335481
14.3965 0.33567
14.3996 0.335837
14.4028 0.335982
14.4059 0.336109
14.4091 0.336346
14.4122 0.336552
14.4154 0.336608
14.4185 0.336657
14.4217 0.3367
14.4248 0.336738
14.9323 0.31727
14.9355 0.300237
14.9386 0.285332
14.9418 0.272291
14.9449 0.260879
14.9496 0.251144
14.9528 0.242751
14.9559 0.235532
14.9591 0.229591
14.9623 0.224517
14.9654 0.220327
14.9686 0.216786
14.9717 0.213938
14.9749 0.211571
14.978 0.209625
14.9812 0.207921
14.9843 0.206306
14.9875 0.204893
14.9906 0.203906
14.9938 0.203043
14.9969 0.202163
15.0001 0.201517
15.0032 0.200953
15.0064 0.200459
15.0095 0.200026
15.0127 0.199648
15.0158 0.199442
15.019 0.199262
15.0221 0.199229
15.0253 0.1992
15.0284 0.199175
15.0316 0.199028
15.0347 0.1989
15.0379 0.198787
15.0411 0.198939
15.0442 0.199072
15.0474 0.199188
15.0505 0.199289
15.0537 0.199378
15.0568 0.199456
15.06 0.199524
15.0631 0.199833
15.0663 0.200104
15.0694 0.200341
15.0726 0.200549
15.0757 0.200605
15.0789 0.200654
15.082 0.200823
15.0852 0.20097
15.0883 0.201223
15.0915 0.201446
15.0946 0.20164
15.0978 0.20181
15.1009 0.201959
15.1041 0.202214
15.1072 0.202312
15.1104 0.202398
15.1135 0.202723
15.1167 0.203008
15.1199 0.203132
15.123 0.203365
15.1262 0.20357
15.1293 0.203749
15.1325 0.203905
15.1356 0.203792
15.1388 0.203693
15.1419 0.203606
15.1451 0.203655
15.1482 0.203699
15.1514 0.203486
15.1545 0.202925
15.1577 0.201935
15.1608 0.200693
15.164 0.199231
15.1671 0.197952
15.1703 0.196833
15.1734 0.195854
15.1766 0.194997
15.1797 0.194248
15.1829 0.193592
15.186 0.193143
15.1892 0.192625
15.1923 0.192172
15.1955 0.191775
15.1987 0.191428
15.2018 0.19075
15.205 0.190156
15.2081 0.189637
15.2113 0.189182
15.2144 0.188784
15.2176 0.188436
15.2207 0.188132
15.2239 0.187865
15.227 0.187632
15.2302 0.187428
15.2333 0.18725
15.2365 0.187093
15.2396 0.186957
15.2428 0.186837
15.2459 0.186232
15.2491 0.185828
15.2522 0.185475
15.2554 0.185166
15.2585 0.184895
15.2617 0.184658
15.2648 0.184326
15.268 0.184035
15.2711 0.183906
15.2743 0.183792
15.2775 0.183693
15.2806 0.183607
15.2838 0.183531
15.2869 0.18334
15.2901 0.183297
15.2932 0.182885
15.2964 0.182524
15.2995 0.182209
15.3027 0.181808
15.3058 0.181457
15.309 0.18115
15.3121 0.181006
15.3153 0.18088
15.3184 0.18077
15.3216 0.180674
15.3247 0.180465
15.3279 0.180282
15.331 0.180246
15.3342 0.180216
15.3373 0.180189
15.3405 0.180165
15.3436 0.180144
15.3468 0.180001
15.3499 0.179876
15.3531 0.179892
15.3563 0.179905
15.3594 0.179917
15.3626 0.179927
15.3657 0.179811
15.3689 0.17971
15.372 0.179746
15.3752 0.179778
15.3783 0.179806
15.3815 0.17983
15.3846 0.179851
15.3878 0.179745
15.3909 0.179652
15.3941 0.179695
15.3972 0.179733
15.4004 0.179767
15.4035 0.179796
15.4067 0.179696
15.4098 0.179609
15.413 0.179533
15.4161 0.179592
15.4193 0.179643
15.4224 0.179687
15.4256 0.179726
15.4287 0.179636
15.4319 0.179556
15.4351 0.179612
15.4382 0.17966
15.4414 0.179703
15.4445 0.17974
15.4477 0.179772
15.4508 0.179676
15.454 0.179591
15.4571 0.179642
15.4603 0.179687
15.4634 0.179726
15.4666 0.17976
15.4697 0.179665
15.4729 0.179957
15.476 0.180338
15.4792 0.18067
15.4823 0.180962
15.4855 0.181216
15.4886 0.181439
15.4918 0.181634
15.4949 0.18168
15.4981 0.181845
15.5012 0.181989
15.5044 0.182116
15.5075 0.182226
15.5107 0.182323
15.5139 0.182283
15.517 0.182372
15.5202 0.182451
15.5233 0.182519
15.5265 0.182579
15.5296 0.182632
15.5328 0.182678
15.5359 0.182593
15.5391 0.182644
15.5422 0.182689
15.5454 0.182728
15.5485 0.182762
15.5517 0.182791
15.5548 0.182692
15.558 0.182606
15.5611 0.182655
15.5643 0.182698
15.5674 0.182736
15.5706 0.182769
15.5737 0.182798
15.5769 0.182698
15.58 0.182736
15.5832 0.182769
15.5863 0.182798
15.5895 0.182823
15.5927 0.182845
15.5958 0.182865
15.599 0.182756
15.6021 0.182787
15.6053 0.182814
15.6084 0.182837
15.6116 0.182857
15.6147 0.182875
15.6179 0.182766
15.621 0.182795
15.6242 0.182821
15.6273 0.182843
15.6305 0.182863
15.6336 0.18288
15.6368 0.182895
15.6399 0.182783
15.6431 0.18281
15.6462 0.182834
15.6494 0.182855
15.6525 0.182873
15.6557 0.182889
15.6588 0.182778
15.662 0.18268
15.6651 0.18272
15.6683 0.182755
15.6715 0.182786
15.6746 0.182813
15.6778 0.182836
15.6809 0.182732
15.6841 0.182765
15.6872 0.182794
15.6904 0.18282
15.6935 0.182843
15.6967 0.182862
15.6998 0.182755
15.703 0.18266
15.7061 0.182703
15.7093 0.18274
15.7124 0.182772
15.7156 0.182801
15.7187 0.182826
15.7219 0.182723
15.725 0.182757
15.7282 0.182788
15.7313 0.182814
15.7345 0.182837
15.7376 0.182858
15.7408 0.182875
15.7439 0.182766
15.7471 0.182795
15.7503 0.182821
15.7534 0.182843
15.7566 0.182863
15.7597 0.18288
15.7629 0.18277
15.766 0.182799
15.7692 0.182824
15.7723 0.182846
15.7755 0.182865
15.7786 0.182882
15.7818 0.182897
15.7849 0.182785
15.7881 0.182812
15.7912 0.182835
15.7944 0.182856
15.7975 0.182874
15.8007 0.18289
15.8038 0.182778
15.807 0.182681
15.8101 0.182721
15.8133 0.182756
15.8164 0.182786
15.8196 0.182813
15.8227 0.182836
15.8259 0.182732
15.8291 0.182765
15.8322 0.182795
15.8354 0.18282
15.8385 0.182843
15.8417 0.182862
15.8448 0.18288
15.848 0.18277
15.8511 0.182798
15.8543 0.182824
15.8574 0.182846
15.8606 0.182865
15.8637 0.182882
15.8669 0.182772
15.87 0.1828
15.8732 0.182825
15.8763 0.182847
15.8795 0.182866
15.8826 0.182883
15.8858 0.182898
15.8889 0.182785
15.8921 0.182812
15.8952 0.182836
15.8984 0.182856
15.9015 0.182874
15.9047 0.18289
15.9079 0.182779
15.911 0.182806
15.9142 0.182831
15.9173 0.182852
15.9205 0.18287
15.9236 0.182886
15.9268 0.182901
15.9299 0.182788
15.9331 0.182815
15.9362 0.182838
15.9394 0.182858
15.9425 0.182876
15.9457 0.182891
15.9488 0.18328
15.952 0.183495
15.9551 0.183808
15.9583 0.184082
15.9614 0.184322
15.9646 0.184532
15.9677 0.184715
15.9709 0.184876
15.974 0.185016
15.9772 0.185139
15.9803 0.185247
15.9835 0.185341
15.9867 0.185423
15.9898 0.185495
15.993 0.185558
15.9961 0.185614
15.9993 0.185662
16.0024 0.185704
16.0056 0.185741
16.0087 0.185774
16.0119 0.185802
16.015 0.185827
16.0182 0.185848
16.0213 0.185867
16.0245 0.185884
16.0276 0.185898
16.0308 0.185911
16.0339 0.185922
16.0371 0.185932
16.0402 0.18594
16.0434 0.185948
16.0465 0.185954
16.0497 0.18596
16.0528 0.185965
16.056 0.185844
16.0591 0.185864
16.0623 0.185881
16.0655 0.185896
16.0686 0.185909
16.0718 0.18592
16.0749 0.18593
16.0781 0.185939
16.0812 0.185947
16.0844 0.185953
16.0875 0.185959
16.0907 0.185964
16.0938 0.185969
16.097 0.185848
16.1001 0.185867
16.1033 0.185883
16.1064 0.185898
16.1096 0.185911
16.1127 0.185922
16.1159 0.185932
16.119 0.18594
16.1222 0.185948
16.1253 0.185954
16.1285 0.18596
16.1316 0.185965
16.1348 0.185969
16.1379 0.185973
16.1411 0.185976
16.1443 0.185979
16.1474 0.185982
16.1506 0.185984
16.1537 0.185986
16.1569 0.185988
16.16 0.185989
16.1632 0.185991
16.1663 0.185992
16.1695 0.185993
16.1726 0.185994
16.1758 0.185995
16.1789 0.185995
16.1821 0.185996
16.1852 0.185996
16.1884 0.185997
16.1915 0.185997
16.1947 0.185998
16.1978 0.185998
16.201 0.185873
16.2041 0.185889
16.2073 0.185903
16.2104 0.185915
16.2136 0.185926
16.2167 0.185935
16.2199 0.186318
16.2231 0.186778
16.2262 0.187056
16.2294 0.187299
16.2325 0.187512
16.2357 0.187698
16.2388 0.18786
16.242 0.188003
16.2451 0.188253
16.2483 0.188346
16.2514 0.188428
16.2546 0.188499
16.2577 0.188562
16.2609 0.188617
16.264 0.18879
16.2672 0.188816
16.2703 0.188839
16.2735 0.188859
16.2766 0.188877
16.2798 0.188892
16.2829 0.188906
16.2861 0.189042
16.2892 0.189037
16.2924 0.189032
16.2955 0.189028
16.2987 0.189025
16.3019 0.189022
16.305 0.189144
16.3082 0.189126
16.3113 0.18911
16.3145 0.189096
16.3176 0.189084
16.3208 0.189074
16.3239 0.189065
16.3271 0.189182
16.3302 0.189159
16.3334 0.189139
16.3365 0.189122
16.3397 0.189106
16.3428 0.189093
16.346 0.189081
16.3491 0.189071
16.3523 0.189062
16.3554 0.189055
16.3586 0.189048
16.3617 0.189042
16.3649 0.189037
16.368 0.189157
16.3712 0.189137
16.3743 0.18912
16.3775 0.189105
16.3807 0.189092
16.3838 0.189081
16.387 0.18907
16.3901 0.189187
16.3933 0.189163
16.3964 0.189143
16.3996 0.189125
16.4027 0.189109
16.4059 0.189096
16.409 0.189209
16.4122 0.189183
16.4153 0.18916
16.4185 0.18914
16.4216 0.189122
16.4248 0.189482
16.4279 0.189797
16.4311 0.190197
16.4342 0.190548
16.4374 0.190729
16.4405 0.190888
16.4437 0.191027
16.4468 0.191149
16.45 0.191255
16.4531 0.191473
16.4563 0.191539
16.4595 0.191597
16.4626 0.191647
16.4658 0.191691
16.4689 0.19173
16.4721 0.191889
16.4752 0.192027
16.4784 0.192024
16.4815 0.192021
16.4847 0.192018
16.4878 0.192016
16.491 0.192014
16.4941 0.192137
16.4973 0.19212
16.5004 0.192105
16.5036 0.192092
16.5067 0.19208
16.5099 0.19207
16.513 0.192187
16.5162 0.192288
16.5193 0.192252
16.5225 0.192221
16.5256 0.192193
16.5288 0.192169
16.5319 0.192148
16.5351 0.192254
16.5383 0.192348
16.5414 0.192304
16.5446 0.192266
16.5477 0.192233
16.5509 0.192204
16.554 0.192303
16.5572 0.19239
16.5603 0.192342
16.5635 0.192299
16.5666 0.192262
16.5698 0.192229
16.5729 0.1922
16.5761 0.1923
16.5792 0.192388
16.5824 0.192339
16.5855 0.192297
16.5887 0.19226
16.5918 0.192227
16.595 0.192199
16.5981 0.192299
16.6013 0.192762
16.6044 0.193041
16.6076 0.193286
16.6107 0.1935
16.6139 0.193688
16.6171 0.193977
16.6202 0.19423
16.6234 0.194451
16.6265 0.19452
16.6297 0.19458
16.6328 0.194632
16.636 0.194678
16.6391 0.194843
16.6423 0.194988
16.6454 0.195115
16.6486 0.1951
16.6517 0.195088
16.6549 0.195077
16.658 0.195192
16.6612 0.195293
16.6643 0.195381
16.6675 0.195334
16.6706 0.195292
16.6738 0.195256
16.6769 0.195224
16.6801 0.195321
16.6832 0.195406
16.6864 0.19548
16.6895 0.19542
16.6927 0.195367
16.6959 0.195321
16.699 0.195406
16.7022 0.195481
16.7053 0.195545
16.7085 0.195477
16.7116 0.195418
16.7148 0.195365
16.7179 0.19532
16.7211 0.195405
16.7242 0.195479
16.7274 0.195544
16.7305 0.195476
16.7337 0.195417
16.7368 0.195365
16.74 0.195319
16.7431 0.195404
16.7463 0.195479
16.7494 0.195419
16.7526 0.195366
16.7557 0.195321
16.7589 0.195656
16.762 0.196074
16.7652 0.196439
16.7683 0.196759
16.7715 0.19704
16.7747 0.19716
16.7778 0.197265
16.781 0.197357
16.7841 0.197562
16.7873 0.197742
16.7904 0.197899
16.7936 0.198037
16.7967 0.198032
16.7999 0.198028
16.803 0.19815
16.8062 0.198256
16.8093 0.198349
16.8125 0.19843
16.8156 0.198376
16.8188 0.198329
16.8219 0.198288
16.8251 0.198377
16.8282 0.198455
16.8314 0.198523
16.8345 0.198583
16.8377 0.19851
16.8408 0.198446
16.844 0.19839
16.8471 0.198467
16.8503 0.198533
16.8535 0.198592
16.8566 0.198518
16.8598 0.198453
16.8629 0.198396
16.8661 0.198472
16.8692 0.198538
16.8724 0.198596
16.8755 0.198646
16.8787 0.198565
16.8818 0.198495
16.885 0.198433
16.8881 0.198504
16.8913 0.198566
16.8944 0.19862
16.8976 0.199043
16.9007 0.199287
16.9039 0.199501
16.907 0.199814
16.9102 0.200087
16.9133 0.200326
16.9165 0.200535
16.9196 0.200718
16.9228 0.200754
16.9259 0.200784
16.9291 0.200936
16.9323 0.201069
16.9354 0.201186
16.9386 0.201287
16.9417 0.201377
16.9449 0.201329
16.948 0.201413
16.9512 0.201487
16.9543 0.201551
16.9575 0.201607
16.9606 0.201656
16.9638 0.201574
16.9669 0.201502
16.9701 0.201565
16.9732 0.201619
16.9764 0.201667
16.9795 0.201708
16.9827 0.201745
16.9858 0.201652
16.989 0.20157
16.9921 0.201624
16.9953 0.201671
16.9984 0.201712
17.0016 0.201748
17.0047 0.201655
17.0079 0.201573
17.0111 0.201626
17.0142 0.201673
17.0174 0.201714
17.0205 0.20175
17.0237 0.201781
17.0268 0.201683
17.03 0.201973
17.0331 0.202351
17.0363 0.202682
17.0394 0.202972
17.0426 0.203226
17.0457 0.203447
17.0489 0.203641
17.052 0.203811
17.0552 0.20396
17.0583 0.20409
17.0615 0.204204
17.0646 0.204303
17.0678 0.20439
17.0709 0.204341
17.0741 0.204424
17.0772 0.204496
17.0804 0.204559
17.0835 0.204614
17.0867 0.204662
17.0899 0.204704
17.093 0.204741
17.0962 0.204774
17.0993 0.204802
17.1025 0.204827
17.1056 0.204848
17.1088 0.204867
17.1119 0.204759
17.1151 0.204789
17.1182 0.204815
17.1214 0.204839
17.1245 0.204859
17.1277 0.204876
17.1308 0.204892
17.134 0.20478
17.1371 0.204808
17.1403 0.204832
17.1434 0.204853
17.1466 0.204871
17.1497 0.205262
17.1529 0.205605
17.156 0.205904
17.1592 0.206166
17.1623 0.206395
17.1655 0.206596
17.1687 0.206771
17.1718 0.206925
17.175 0.207059
17.1781 0.207177
17.1813 0.20728
17.1844 0.20737
17.1876 0.207449
17.1907 0.207518
17.1939 0.207578
17.197 0.207756
17.2002 0.207786
17.2033 0.207813
17.2065 0.207836
17.2096 0.207857
17.2128 0.207875
17.2159 0.20789
17.2191 0.207904
17.2222 0.207916
17.2254 0.207927
17.2285 0.207936
17.2317 0.207944
17.2348 0.207951
17.238 0.207957
17.2411 0.207962
17.2443 0.207967
17.2475 0.207971
17.2506 0.207975
17.2538 0.207978
17.2569 0.207981
17.2601 0.207983
17.2632 0.20836
17.2664 0.20869
17.2695 0.208979
17.2727 0.209232
17.2758 0.209453
17.279 0.209646
17.2821 0.20994
17.2853 0.210073
17.2884 0.210189
17.2916 0.21029
17.2947 0.210379
17.2979 0.210456
17.301 0.210649
17.3042 0.210693
17.3073 0.210732
17.3105 0.210765
17.3136 0.210794
17.3168 0.21082
17.3199 0.210843
17.3231 0.210987
17.3263 0.210989
17.3294 0.21099
17.3326 0.210992
17.3357 0.210993
17.3389 0.210993
17.342 0.211119
17.3452 0.211229
17.3483 0.211201
17.3515 0.211176
17.3546 0.211154
17.3578 0.211134
17.3609 0.211118
17.3641 0.211228
17.3672 0.211199
17.3704 0.21155
17.3735 0.211856
17.3767 0.212124
17.3798 0.212358
17.383 0.212564
17.3861 0.212868
17.3893 0.213135
17.3924 0.213243
17.3956 0.213337
17.3987 0.21342
17.4019 0.213493
17.4051 0.213681
17.4082 0.213846
17.4114 0.213865
17.4145 0.213882
17.4177 0.213897
17.4208 0.21391
17.424 0.213921
17.4271 0.214056
17.4303 0.214174
17.4334 0.214152
17.4366 0.214133
17.4397 0.214116
17.4429 0.214102
17.446 0.214214
17.4492 0.214312
17.4523 0.214398
17.4555 0.214349
17.4586 0.214305
17.4618 0.214267
17.4649 0.214234
17.4681 0.214329
17.4712 0.214413
17.4744 0.214862
17.4775 0.215129
17.4807 0.215363
17.4839 0.215567
17.487 0.215871
17.4902 0.216138
17.4933 0.21637
17.4965 0.216574
17.4996 0.216627
17.5028 0.216674
17.5059 0.216715
17.5091 0.216875
17.5122 0.217016
17.5154 0.217139
17.5185 0.217122
17.5217 0.217106
17.5248 0.217093
17.528 0.217081
17.5311 0.217196
17.5343 0.217297
17.5374 0.217385
17.5406 0.217337
17.5437 0.217294
17.5469 0.217258
17.55 0.21735
17.5532 0.217432
17.5563 0.217503
17.5595 0.21744
17.5627 0.217385
17.5658 0.217337
17.569 0.217295
17.5721 0.217758
17.5753 0.218163
17.5784 0.218518
17.5816 0.218828
17.5847 0.218974
17.5879 0.219103
17.591 0.21934
17.5942 0.219547
17.5973 0.219729
17.6005 0.219888
17.6036 0.220027
17.6068 0.220023
17.6099 0.220021
17.6131 0.220143
17.6162 0.22025
17.6194 0.220344
17.6225 0.220426
17.6257 0.220373
17.6288 0.220326
17.632 0.220285
17.6351 0.220375
17.6383 0.220453
17.6415 0.220521
17.6446 0.220581
17.6478 0.220508
17.6509 0.220445
17.6541 0.220514
17.6572 0.220575
17.6604 0.220628
17.6635 0.220675
17.6667 0.22109
17.6698 0.221329
17.673 0.221538
17.6761 0.221846
17.6793 0.222115
17.6824 0.222351
17.6856 0.222557
17.6887 0.222737
17.6919 0.22277
17.695 0.222924
17.6982 0.223058
17.7013 0.223176
17.7045 0.223279
17.7076 0.223369
17.7108 0.223323
17.7139 0.223283
17.7171 0.223372
17.7203 0.223451
17.7234 0.223519
17.7266 0.223579
17.7297 0.223632
17.7329 0.223553
17.736 0.223609
17.7392 0.223658
17.7423 0.223701
17.7455 0.223738
17.7486 0.223771
17.7518 0.223799
17.7549 0.224199
17.7581 0.22455
17.7612 0.224856
17.7644 0.225124
17.7675 0.225358
17.7707 0.225564
17.7738 0.225743
17.777 0.225775
17.7801 0.225928
17.7833 0.226062
17.7864 0.22618
17.7896 0.226282
17.7927 0.226372
17.7959 0.22645
17.7991 0.226519
17.8022 0.226579
17.8054 0.226632
17.8085 0.226678
17.8117 0.226718
17.8148 0.226753
17.818 0.226659
17.8211 0.226702
17.8243 0.226739
17.8274 0.226772
17.8306 0.2268
17.8337 0.226825
17.8369 0.226847
17.84 0.226866
17.8432 0.227258
17.8463 0.227601
17.8495 0.227901
17.8526 0.228163
17.8558 0.228393
17.8589 0.228594
17.8621 0.228894
17.8652 0.229033
17.8684 0.229153
17.8715 0.229259
17.8747 0.229352
17.8779 0.229433
17.881 0.229629
17.8842 0.229675
17.8873 0.229716
17.8905 0.229751
17.8936 0.229782
17.8968 0.22981
17.8999 0.229833
17.9031 0.229979
17.9062 0.229982
17.9094 0.229984
17.9125 0.229986
17.9157 0.229988
17.9188 0.229989
17.922 0.229991
17.9251 0.229992
17.9283 0.230368
17.9314 0.230697
17.9346 0.230985
17.9377 0.231237
17.9409 0.231457
17.944 0.231775
17.9472 0.232053
17.9503 0.232171
17.9535 0.232275
17.9567 0.232366
17.9598 0.232445
17.963 0.232514
17.9661 0.2327
17.9693 0.232738
17.9724 0.23277
17.9756 0.232799
17.9787 0.232824
17.9819 0.232846
17.985 0.23299
17.9882 0.233117
17.9913 0.233102
17.9945 0.233089
17.9976 0.233078
18.0008 0.233068
18.0039 0.23306
18.0071 0.233177
18.0102 0.233655
18.0134 0.234073
18.0165 0.234314
18.0197 0.234525
18.0228 0.234709
18.026 0.234871
18.0291 0.235137
18.0323 0.23537
18.0355 0.235448
18.0386 0.235517
18.0418 0.235578
18.0449 0.235631
18.0481 0.235802
18.0512 0.235951
18.0544 0.236083
18.0575 0.236072
18.0607 0.236063
18.0638 0.236055
18.067 0.236048
18.0701 0.236167
18.0733 0.236271
18.0764 0.236237
18.0796 0.236208
18.0827 0.236182
18.0859 0.236159
18.089 0.236639
18.0922 0.237059
18.0953 0.237427
18.0985 0.237749
18.1016 0.237905
18.1048 0.238042
18.1079 0.238162
18.1111 0.238391
18.1143 0.238592
18.1174 0.238768
18.1206 0.238797
18.1237 0.238823
18.1269 0.238845
18.13 0.238989
18.1332 0.239116
18.1363 0.239226
18.1395 0.239323
18.1426 0.239283
18.1458 0.239247
18.1489 0.239216
18.1521 0.239314
18.1552 0.2394
18.1584 0.239475
18.1615 0.239541
18.1647 0.239473
18.1678 0.239789
18.171 0.240065
18.1741 0.240432
18.1773 0.240753
18.1804 0.241034
18.1836 0.24128
18.1867 0.24137
18.1899 0.241449
18.1931 0.241642
18.1962 0.241812
18.1994 0.241961
18.2025 0.242091
18.2057 0.242204
18.2088 0.242179
18.212 0.242156
18.2151 0.242262
18.2183 0.242354
18.2214 0.242435
18.2246 0.242505
18.2277 0.242442
18.2309 0.242387
18.234 0.242464
18.2372 0.242531
18.2403 0.242589
18.2435 0.243016
18.2466 0.243389
18.2498 0.243715
18.2529 0.243876
18.2561 0.244141
18.2592 0.244374
18.2624 0.244577
18.2655 0.244755
18.2687 0.24491
18.2719 0.245047
18.275 0.245166
18.2782 0.24527
18.2813 0.245361
18.2845 0.245441
18.2876 0.245511
18.2908 0.245572
18.2939 0.245501
18.2971 0.245563
18.3002 0.245618
18.3034 0.245665
18.3065 0.245707
18.3097 0.245744
18.3128 0.245776
18.316 0.246179
18.3191 0.246532
18.3223 0.24684
18.3254 0.24711
18.3286 0.247346
18.3317 0.247553
18.3349 0.247734
18.338 0.247892
18.3412 0.248031
18.3443 0.248152
18.3475 0.248258
18.3507 0.248351
18.3538 0.248432
18.357 0.248503
18.3601 0.248565
18.3633 0.248619
18.3664 0.248667
18.3696 0.248709
18.3727 0.248745
18.3759 0.248777
18.379 0.248805
18.3822 0.248829
18.3853 0.248851
18.3885 0.249244
18.3916 0.249589
18.3948 0.24989
18.3979 0.250154
18.4011 0.25051
18.4042 0.250696
18.4074 0.250859
18.4105 0.251002
18.4137 0.251126
18.4168 0.251236
18.42 0.251331
18.4231 0.25154
18.4263 0.251597
18.4295 0.251648
18.4326 0.251692
18.4358 0.25173
18.4389 0.251764
18.4421 0.251918
18.4452 0.251929
18.4484 0.251938
18.4515 0.251945
18.4547 0.251952
18.4578 0.252333
18.461 0.252667
18.4641 0.253083
18.4673 0.253448
18.4704 0.253642
18.4736 0.253812
18.4767 0.25396
18.4799 0.25409
18.483 0.254329
18.4862 0.254538
18.4893 0.254596
18.4925 0.254646
18.4956 0.25469
18.4988 0.254729
18.5019 0.254763
18.5051 0.254918
18.5083 0.255053
18.5114 0.255046
18.5146 0.25504
18.5177 0.255035
18.5209 0.255031
18.524 0.255152
18.5272 0.255633
18.5303 0.256054
18.5335 0.256297
18.5366 0.25651
18.5398 0.256696
18.5429 0.256859
18.5461 0.257127
18.5492 0.257361
18.5524 0.257566
18.5555 0.25762
18.5587 0.257668
18.5618 0.257709
18.565 0.257746
18.5681 0.257902
18.5713 0.25804
18.5744 0.25816
18.5776 0.25814
18.5807 0.258122
18.5839 0.258107
18.5871 0.258219
18.5902 0.258316
18.5934 0.258402
18.5965 0.258851
18.5997 0.25912
18.6028 0.259355
18.606 0.259561
18.6091 0.259866
18.6123 0.260132
18.6154 0.260366
18.6186 0.26057
18.6217 0.260624
18.6249 0.260671
18.628 0.260837
18.6312 0.260982
18.6343 0.26111
18.6375 0.261221
18.6406 0.261193
18.6438 0.261169
18.6469 0.261148
18.6501 0.261254
18.6532 0.261348
18.6564 0.261429
18.6595 0.261501
18.6627 0.261938
18.6659 0.262196
18.669 0.262546
18.6722 0.262853
18.6753 0.263121
18.6785 0.263356
18.6816 0.263562
18.6848 0.263741
18.6879 0.263774
18.6911 0.263927
18.6942 0.264061
18.6974 0.264179
18.7005 0.264281
18.7037 0.264371
18.7068 0.264325
18.71 0.264284
18.7131 0.264374
18.7163 0.264452
18.7194 0.26452
18.7226 0.26458
18.7257 0.265008
18.7289 0.265382
18.732 0.265709
18.7352 0.265995
18.7383 0.266246
18.7415 0.266465
18.7447 0.266657
18.7478 0.266825
18.751 0.266847
18.7541 0.266991
18.7573 0.267117
18.7604 0.267227
18.7636 0.267324
18.7667 0.267409
18.7699 0.267482
18.773 0.267547
18.7762 0.267604
18.7793 0.267653
18.7825 0.267697
18.7856 0.267735
18.7888 0.268143
18.7919 0.2685
18.7951 0.268812
18.7982 0.269086
18.8014 0.269325
18.8045 0.269534
18.8077 0.269718
18.8108 0.269878
18.814 0.270018
18.8171 0.270141
18.8203 0.270248
18.8235 0.270342
18.8266 0.270424
18.8298 0.270496
18.8329 0.270559
18.8361 0.270739
18.8392 0.270772
18.8424 0.270801
18.8455 0.270825
18.8487 0.270847
18.8518 0.271241
18.855 0.271586
18.8581 0.272013
18.8613 0.272261
18.8644 0.272479
18.8676 0.272669
18.8707 0.272835
18.8739 0.272981
18.877 0.273233
18.8802 0.273454
18.8833 0.273522
18.8865 0.273582
18.8896 0.273634
18.8928 0.27368
18.8959 0.27372
18.8991 0.27388
18.9023 0.273895
18.9054 0.273908
18.9086 0.27392
18.9117 0.27393
18.9149 0.274313
18.918 0.274774
18.9212 0.275177
18.9243 0.27553
18.9275 0.275714
18.9306 0.275875
18.9338 0.276015
18.9369 0.276138
18.9401 0.276371
18.9432 0.276575
18.9464 0.276628
18.9495 0.276674
18.9527 0.276715
18.9558 0.276751
18.959 0.276782
18.9621 0.276934
18.9653 0.277067
18.9684 0.277059
18.9716 0.277052
18.9747 0.27742
18.9779 0.277743
18.9811 0.27815
18.9842 0.278506
18.9874 0.278818
18.9905 0.279091
18.9937 0.279204
18.9968 0.279304
19 0.279391
19.0031 0.279592
19.0063 0.279768
19.0094 0.279922
19.0126 0.279932
19.0157 0.27994
19.0189 0.279948
19.022 0.280079
19.0252 0.280194
19.0283 0.280295
19.0315 0.280383
19.0346 0.280835
19.0378 0.281106
19.0409 0.281343
19.0441 0.281675
19.0472 0.281965
19.0504 0.28222
19.0535 0.282442
19.0567 0.282512
19.0599 0.282573
19.063 0.282751
19.0662 0.282907
19.0693 0.283044
19.0725 0.283164
19.0756 0.283268
19.0788 0.283235
19.0819 0.283205
19.0851 0.283305
19.0882 0.283392
19.0914 0.283843
19.0945 0.284237
19.0977 0.284583
19.1008 0.284885
19.104 0.285024
19.1071 0.285271
19.1103 0.285487
19.1134 0.285676
19.1166 0.285842
19.1197 0.285987
19.1229 0.285988
19.126 0.286115
19.1292 0.286225
19.1323 0.286322
19.1355 0.286407
19.1387 0.286481
19.1418 0.286546
19.145 0.286478
19.1481 0.286543
19.1513 0.286975
19.1544 0.287353
19.1576 0.287684
19.1607 0.287974
19.1639 0.288227
19.167 0.288449
19.1702 0.288642
19.1733 0.288812
19.1765 0.288961
19.1796 0.289091
19.1828 0.289204
19.1859 0.289304
19.1891 0.289391
19.1922 0.289467
19.1954 0.289534
19.1985 0.289592
19.2017 0.289643
19.2048 0.289687
19.208 0.290102
19.2111 0.290464
19.2143 0.290781
19.2175 0.291058
19.2206 0.291301
19.2238 0.291513
19.2269 0.291699
19.2301 0.291987
19.2332 0.292113
19.2364 0.292224
19.2395 0.292321
19.2427 0.292406
19.2458 0.29248
19.249 0.292545
19.2521 0.292727
19.2553 0.292761
19.2584 0.292791
19.2616 0.293192
19.2647 0.293543
19.2679 0.29385
19.271 0.294244
19.2742 0.294588
19.2773 0.294765
19.2805 0.294919
19.2836 0.295054
19.2868 0.295173
19.2899 0.295276
19.2931 0.295492
19.2963 0.29568
19.2994 0.29572
19.3026 0.295755
19.3057 0.295786
19.3089 0.295812
19.312 0.295961
19.3152 0.296091
19.3183 0.296579
19.3215 0.296882
19.3246 0.297147
19.3278 0.297378
19.3309 0.297581
19.3341 0.297883
19.3372 0.298148
19.3404 0.29838
19.3435 0.298457
19.3467 0.298525
19.3498 0.298584
19.353 0.298636
19.3561 0.298807
19.3593 0.298956
19.3624 0.298961
19.3656 0.298966
19.3687 0.29897
19.3719 0.299349
19.3751 0.299806
19.3782 0.300205
19.3814 0.300554
19.3845 0.30086
19.3877 0.301002
19.3908 0.301127
19.394 0.301236
19.3971 0.301457
19.4003 0.30165
19.4034 0.301818
19.4066 0.301966
19.4097 0.30197
19.4129 0.301974
19.416 0.302102
19.4192 0.302215
19.4223 0.302313
19.4255 0.302774
19.4286 0.303177
19.4318 0.303405
19.4349 0.303604
19.4381 0.303904
19.4412 0.304166
19.4444 0.304395
19.4475 0.304596
19.4507 0.304771
19.4539 0.3048
19.457 0.30495
19.4602 0.305081
19.4633 0.305196
19.4665 0.305296
19.4696 0.305384
19.4728 0.305336
19.4759 0.305294
19.4791 0.305758
19.4822 0.306163
19.4854 0.306517
19.4885 0.306828
19.4917 0.307099
19.4948 0.307337
19.498 0.30742
19.5011 0.307617
19.5043 0.30779
19.5074 0.307941
19.5106 0.308074
19.5137 0.308189
19.5169 0.308291
19.52 0.308379
19.5232 0.308457
19.5263 0.308525
19.5295 0.308584
19.5327 0.309011
19.5358 0.309385
19.539 0.309712
19.5421 0.309998
19.5453 0.310248
19.5484 0.310467
19.5516 0.310659
19.5547 0.310826
19.5579 0.310973
19.561 0.311226
19.5642 0.311323
19.5673 0.311408
19.5705 0.311482
19.5736 0.311547
19.5768 0.311603
19.5799 0.311653
19.5831 0.312196
19.5862 0.312547
19.5894 0.312853
19.5925 0.313122
19.5957 0.313356
19.5988 0.313562
19.602 0.313742
19.6051 0.314024
19.6083 0.314146
19.6115 0.314253
19.6146 0.314346
19.6178 0.314428
19.6209 0.314499
19.6241 0.314687
19.6272 0.314726
19.6304 0.31476
19.6335 0.31479
19.6367 0.315191
19.6398 0.315543
19.643 0.31585
19.6461 0.316244
19.6493 0.316588
19.6524 0.316765
19.6556 0.316919
19.6587 0.317054
19.6619 0.317172
19.665 0.317401
19.6682 0.317601
19.6713 0.317776
19.6745 0.317804
19.6776 0.317828
19.6808 0.31785
19.6839 0.317868
19.6871 0.318385
19.6903 0.318837
19.6934 0.319232
19.6966 0.319453
19.6997 0.319647
19.7029 0.319816
19.706 0.320089
19.7092 0.320328
19.7123 0.320537
19.7155 0.32072
19.7186 0.320755
19.7218 0.320785
19.7249 0.320812
19.7281 0.320961
19.7312 0.321091
19.7344 0.321204
19.7375 0.321679
19.7407 0.321969
19.7438 0.322223
19.747 0.322445
19.7501 0.322764
19.7533 0.323044
19.7564 0.323288
19.7596 0.323502
19.7627 0.323564
19.7659 0.323619
19.7691 0.323792
19.7722 0.323943
19.7754 0.324075
19.7785 0.32419
19.7817 0.324167
19.7848 0.324521
19.788 0.324831
19.7911 0.325227
19.7943 0.325574
19.7974 0.325877
19.8006 0.326142
19.8037 0.326374
19.8069 0.326453
19.81 0.326646
19.8132 0.326815
19.8163 0.326963
19.8195 0.327093
19.8226 0.327206
19.8258 0.327306
19.8289 0.327267
19.8321 0.327359
19.8352 0.327814
19.8384 0.328212
19.8415 0.328561
19.8447 0.328866
19.8479 0.329132
19.851 0.329366
19.8542 0.32957
19.8573 0.329749
19.8605 0.329905
19.8636 0.330042
19.8668 0.330162
19.8699 0.330267
19.8731 0.330358
19.8762 0.330439
19.8794 0.330509
19.8825 0.330945
19.8857 0.331327
19.8888 0.331661
19.892 0.331953
19.8951 0.332209
19.8983 0.332433
19.9014 0.332629
19.9046 0.3328
19.9077 0.33295
19.9109 0.333082
19.914 0.333321
19.9172 0.333406
19.9203 0.33348
19.9235 0.333545
19.9267 0.333602
19.9298 0.334027
19.933 0.334399
19.9361 0.334849
19.9393 0.335243
19.9424 0.335462
19.9456 0.335655
19.9487 0.335823
19.9519 0.33597
19.955 0.336224
19.9582 0.336446
19.9613 0.336515
19.9645 0.336576
19.9676 0.336629
19.9708 0.336675
19.9739 0.336716
