0.0905768 1
0.18279 341
0.276537 1021
0.370283 1701
0.462454 2381
0.465606 3061
0.5562 3741
0.559352 4421
0.562504 5101
0.649946 5781
0.653098 6461
0.65625 7141
0.659402 7821
0.742117 8501
0.745269 9181
0.748421 9861
0.751573 10541
0.754725 11221
0.757877 11901
0.834287 12581
0.837439 13261
0.840591 13941
0.843743 14621
0.846895 15301
0.850047 15981
0.853199 16661
0.856351 17341
0.859503 18021
0.926458 18701
0.92961 19381
0.932762 20061
0.935914 20741
0.939066 21421
0.942218 22101
0.94537 22781
0.948522 23461
0.951674 24141
0.954826 24821
0.957978 25501
0.96113 26181
0.964282 26861
0.967434 27541
1.0202 28221
1.02336 28901
1.02651 29581
1.02966 30261
1.03281 30941
1.03596 31621
1.03912 32301
1.04227 32981
1.04542 33661
1.04857 34341
1.05172 35021
1.05488 35701
1.05803 36381
1.06118 37061
1.06433 37741
1.06748 38421
1.07064 39101
1.07379 39781
1.07694 40461
1.08009 41141
1.08324 41821
1.11395 42501
1.1171 43181
1.12025 43861
1.12341 44541
1.12656 45221
1.12971 45901
1.13286 46581
1.13601 47261
1.13917 47941
1.14232 48621
1.14547 49301
1.14862 49981
1.15177 50661
1.15493 51341
1.15808 52021
1.16123 52701
1.16438 53381
1.16753 54061
1.17069 54741
1.17384 55421
1.17699 56101
1.18014 56781
1.18329 57461
1.18645 58141
1.1896 58821
1.19275 59501
1.1959 60181
1.19905 60861
1.20221 61541
1.20536 62221
1.20851 62901
1.21166 63581
1.21481 64261
1.21797 64941
1.22112 65621
1.22427 66301
1.22742 66981
1.23057 67661
1.23373 68341
1.23688 69021
1.24003 69701
1.24318 70381
1.24633 71061
1.24949 71741
1.25264 72421
1.25579 73101
1.25894 73781
1.26209 74461
1.26525 75141
1.2684 75821
1.27155 76501
1.2747 77181
1.27785 77861
1.28101 78541
1.28416 79221
1.28731 79901
1.29046 80581
1.29361 81261
1.29677 81941
1.29992 82621
1.30307 83301
1.30622 83981
1.30937 84661
1.31253 85341
1.31568 86021
1.31883 86701
1.32198 87381
1.32513 88061
1.32829 88741
1.33144 89421
1.33459 90101
1.33774 90781
1.34089 91461
1.34405 92141
1.3472 92821
1.35035 93501
1.3535 94181
1.35665 94861
1.35981 95541
1.36296 96221
1.36611 96901
1.36926 97581
1.37241 98261
1.37557 98941
1.37872 99621
1.38187 100301
1.38502 100981
1.38817 101661
1.39133 102341
1.39448 103021
1.39763 103701
1.40078 104381
1.40393 105061
1.40709 105741
1.41024 106421
1.41339 107101
1.41654 107781
1.41969 108461
1.42285 109141
1.426 109821
1.42915 110501
1.4323 111181
1.43545 111861
1.43861 112541
1.44176 113221
1.44491 113901
1.44806 114581
1.45121 115261
1.45437 115941
1.45752 116621
1.46067 117301
1.46382 117981
1.46697 118661
1.47013 119341
1.47328 120021
1.47643 120701
1.47958 121381
1.48273 122061
1.48589 122741
1.48904 123421
1.49219 124101
1.49534 124781
1.49849 125461
1.50165 126141
1.5048 126821
1.50795 127501
1.5111 128181
1.51425 128861
1.51741 129541
1.52056 130221
1.52371 130901
1.52686 131581
1.53001 132261
1.53317 132941
1.53632 133621
1.53947 134301
1.54262 134981
1.54577 135661
1.54893 136341
1.55208 137021
1.55523 137701
1.55838 138381
1.56153 139061
1.56469 139741
1.56784 140421
1.57099 141101
1.57414 141781
1.57729 142461
1.58045 143141
1.5836 143821
1.58675 144501
1.5899 145181
1.59305 145861
1.59621 146541
1.59936 147221
1.60251 147901
1.60566 148581
1.60881 149261
1.61197 149941
1.61512 150621
1.61827 151301
1.62142 151981
1.62457 152661
1.62773 153341
1.63088 154021
1.63403 154701
1.63718 155381
1.64033 156061
1.64349 156741
1.64664 157421
1.64979 158101
1.65294 158781
1.65609 159461
1.65925 160141
1.6624 160821
1.66555 161501
1.6687 162181
1.67185 162861
1.67501 163541
1.67816 164221
1.68131 164901
1.68446 165581
1.68761 166261
1.69077 166941
1.69392 167621
1.69707 168301
1.70022 168981
1.70337 169661
1.70653 170341
1.70968 171021
1.71283 171701
1.71598 172381
1.71913 173061
1.72229 173741
1.72544 174421
1.72859 175101
1.73174 175781
1.73489 176461
1.73805 177141
1.7412 177821
1.74435 178501
1.7475 179181
1.75065 179861
1.75381 180541
1.75696 181221
1.76011 181901
1.76326 182581
1.76641 183261
1.76957 183941
1.77272 184621
1.77587 185301
1.77902 185981
1.78217 186661
1.78533 187341
1.78848 188021
1.79163 188701
1.79478 189381
1.79793 190061
1.80109 190741
1.80424 191421
1.80739 192101
1.81054 192781
1.81369 193461
1.81685 194141
1.82 194821
1.82315 195501
1.8263 196181
1.82945 196861
1.83261 197541
1.83576 198221
1.83891 198901
1.84206 199581
1.84521 200261
1.84837 200941
1.85152 201621
1.85467 202301
1.85782 202981
1.86097 203661
1.86413 204341
1.86728 205021
1.87043 205701
1.87358 206381
1.87673 207061
1.87989 207741
1.88304 208421
1.88619 209101
1.88934 209781
1.89249 210461
1.89565 211141
1.8988 211821
1.90195 212501
1.9051 213181
1.90825 213861
1.91141 214541
1.91456 215221
1.91771 215901
1.92086 216581
1.92401 217261
1.92717 217941
2.26927 218961
2.27085 219981
2.27242 221001
2.274 222021
2.27558 223041
2.27715 224061
2.27873 225081
2.2803 226101
2.28188 227121
2.28346 228141
2.28503 229161
2.28661 230181
2.28818 231201
2.28976 232221
2.29134 233241
2.29291 234261
2.29449 235281
2.29606 236301
2.29764 237321
2.29922 238341
2.30079 239361
2.30237 240381
2.30394 241401
2.30552 242421
2.3071 243441
2.30867 244461
2.31025 245481
2.31182 246501
2.3134 247521
2.31498 248541
2.31655 249561
2.31813 250581
2.3197 251601
2.32128 252621
2.32286 253641
2.32443 254661
2.32601 255681
2.32758 256701
2.32916 257721
2.33074 258741
2.33231 259761
2.33389 260781
2.33546 261801
2.33704 262821
2.33862 263841
2.34019 264861
2.34177 265881
2.34334 266901
2.34492 267921
2.3465 268941
2.34807 269961
2.34965 270981
2.35122 272001
2.3528 273021
2.35438 274041
2.35595 275061
2.35753 276081
2.3591 277101
2.36068 278121
2.36226 279141
2.36383 280161
2.36541 281181
2.36698 282201
2.37171 283221
2.37644 284241
2.38117 285261
2.3859 286281
2.39062 287301
2.39535 288321
2.40008 289341
2.40481 290361
2.40954 291381
2.41426 292401
2.41899 293421
2.42372 294441
2.42845 295461
2.43318 296481
2.4379 297501
2.44263 298521
2.44736 299541
2.45209 300561
2.45682 301581
2.46154 302601
2.46627 303621
2.471 304641
2.47573 305661
2.48046 306681
2.48518 307701
2.48991 308721
2.49464 309741
2.49937 310761
2.5041 311781
2.50882 312801
2.51355 313821
2.51828 314841
2.52301 315861
2.52774 316881
2.53246 317901
2.53719 318921
2.54192 319941
2.54665 320961
2.55138 321981
2.5561 323001
2.56083 324021
2.56556 325041
2.57025 326061
2.57494 327081
2.70571 364481
2.94695 364821
2.94853 365161
2.9501 365501
2.95168 365841
2.95326 366181
2.95483 366521
2.95641 366861
2.95798 367201
2.95956 367541
2.96114 367881
2.96271 368221
2.96429 368561
2.96586 368901
2.96744 369241
2.96902 369581
2.97059 369921
2.97217 370261
2.97374 370601
2.97532 370941
2.9769 371281
2.97847 371621
2.98005 371961
2.98162 372301
2.9832 372641
2.98478 372981
2.98635 373321
2.98793 373661
2.9895 374001
2.99108 374341
2.99266 374681
2.99423 375021
2.99581 375361
2.99738 375701
2.99896 376041
3.00054 376381
3.00211 376721
3.00369 377061
3.00526 377401
3.00684 377741
3.00842 378081
3.00999 378421
3.01157 378761
3.01314 379101
3.01472 379441
3.0163 379781
3.01787 380121
3.01945 380801
3.02102 381821
3.0226 382841
3.02418 383861
3.02575 384881
3.02733 385901
3.0289 386921
3.03048 387941
3.03206 388961
3.03363 389981
3.03521 391001
3.03678 392021
3.03836 393041
3.03994 394061
3.04151 395081
3.04309 396101
3.04466 397121
3.04624 398141
3.04782 399161
3.04939 400181
3.05097 401201
3.05254 402221
3.05412 403241
3.0557 404261
3.05727 405281
3.05885 406301
3.06042 407321
3.062 408341
3.06358 409361
3.06515 410381
3.06673 411401
3.0683 412421
3.06988 413441
3.07146 414461
3.07303 415481
3.07461 416501
3.07618 417521
3.07776 418541
3.07934 419561
3.08091 420581
3.08249 421601
3.08406 422621
3.08718 423641
3.09187 424661
3.09656 433841
3.09971 434521
3.10286 435201
3.10601 435881
3.10917 436561
3.11232 437241
3.11547 437921
3.11862 438601
3.12177 439281
3.12493 439961
3.12808 440301
3.13123 440641
3.13438 440981
3.13753 441321
3.14069 441661
3.14384 442001
3.14699 442341
3.15014 442681
3.15329 443021
3.15645 443361
3.1596 443701
3.16275 444041
3.1659 444381
3.16905 444721
3.17221 445061
3.17536 445401
3.17851 445741
3.18166 446081
3.18481 446421
3.18797 446761
3.19112 447101
3.19427 447441
3.19742 447781
3.20057 448121
3.20373 448461
3.20688 448801
3.21003 449141
3.21318 449481
3.21633 449821
3.21949 450161
3.22264 450501
3.22579 450841
3.22894 451181
3.23209 451521
3.23525 451861
3.2384 452201
3.24155 452541
3.2447 452881
3.24785 453221
3.25101 453561
3.25416 453901
3.25731 454241
3.26046 454581
3.26361 454921
3.26677 455261
3.26992 455601
3.27307 455941
3.27622 456281
3.27937 456621
3.28252 456961
3.28568 457301
3.28883 457641
3.29198 457981
3.29513 458321
3.29828 458661
3.30144 459001
3.30459 459341
3.30774 459681
3.31089 460021
3.31404 460361
3.3172 460701
3.32035 461041
3.3235 461381
3.32665 461721
3.3298 462061
3.33296 462401
3.33611 462741
3.33926 463081
3.34241 463421
3.34556 463761
3.34872 464101
3.35187 464441
3.35502 464781
3.35817 465121
3.36132 465461
3.36448 465801
3.36763 466141
3.37078 466481
3.37393 466821
3.37708 467161
3.38024 467501
3.38339 467841
3.38654 468181
3.38969 468521
3.39284 468861
3.396 469201
3.39915 469541
3.4023 469881
3.40545 470561
3.41018 471241
3.41333 471581
3.41648 472261
3.41964 472941
3.42279 473621
3.42594 474301
3.42909 474981
3.43224 475661
3.4354 476341
3.43855 477021
3.4417 477701
3.44485 478381
3.448 479061
3.45116 479741
3.45431 480421
3.45746 481101
3.46061 481781
3.46376 482461
3.46692 483141
3.47007 483821
3.47322 484501
3.47637 485181
3.47952 485861
3.48268 486541
3.48583 487221
3.48898 487901
3.49213 488581
3.49528 489261
3.49844 489941
3.50159 490621
3.50474 491301
3.50789 491981
3.51104 492661
3.5142 493341
3.51735 494021
3.5205 494701
3.52365 495381
3.5268 496061
3.52996 496741
3.53311 497421
3.53626 498101
3.53941 498781
3.54256 499461
3.54572 500141
3.54887 500821
3.55202 501501
3.55517 502181
3.55832 502861
3.56148 503541
3.56463 504221
3.56778 504901
3.57093 505581
3.57408 506261
3.57724 506941
3.58039 507621
3.58354 508301
3.58669 508981
3.58984 509661
3.593 510341
3.59615 511021
3.5993 511701
3.60245 512381
3.6056 513061
3.60876 513741
3.61191 514421
3.61506 515101
3.61821 515781
3.62136 516461
3.62452 517141
3.62767 517821
3.63082 518501
3.63397 519181
3.63712 519861
3.64028 520541
3.64343 521221
3.64658 521901
3.64973 522581
3.65288 523261
3.65604 523941
3.65919 524621
3.66234 525301
3.66549 525981
3.66864 526661
3.6718 527341
3.67495 528021
3.6781 528701
3.68125 529381
3.6844 530061
3.68756 530741
3.69071 531421
3.69386 532101
3.69701 532781
3.70016 533461
3.70332 534141
3.70647 534821
3.70962 535501
3.71277 536181
3.71592 536861
3.71908 537541
3.72223 538221
3.72538 538901
3.72853 539581
3.73168 540261
3.73484 540941
3.73799 541621
3.74114 542301
3.74429 542981
3.74744 543661
3.7506 544341
3.75375 545021
3.7569 545701
3.76005 546381
3.7632 547061
3.76636 547741
3.76951 548421
3.77266 549101
3.77581 549781
3.77896 550461
3.78212 551141
3.78527 551821
3.78842 552501
3.79157 553181
3.79472 553861
3.79788 554541
3.80103 555221
3.80418 555901
3.80733 556581
3.81048 557261
3.81364 557941
3.81679 558621
3.81994 559301
3.82309 559981
3.82624 560661
3.8294 561341
3.83255 562021
3.8357 562701
3.83885 563381
3.842 564061
3.84516 564741
3.84831 565421
3.85146 566101
3.85461 566781
3.85776 567461
3.86092 568141
3.86407 568821
3.86722 569501
3.87037 570181
3.87352 570861
3.87668 571541
3.87983 572221
3.88298 572901
3.88613 573581
3.88928 574261
3.89244 574941
3.89559 575621
3.89874 576301
3.90189 576981
3.90504 577661
3.9082 578341
3.91135 579021
3.9145 579701
3.91765 580381
3.9208 581061
3.92396 581741
3.92711 582421
3.93026 583101
3.93341 583781
3.93656 584461
3.93972 585141
3.94287 585821
3.94602 586501
3.94917 587181
3.95232 587861
3.95548 588541
3.95863 589221
3.96178 589901
3.96493 590581
3.96808 591261
3.97124 591941
3.97439 592621
3.97754 593301
3.98069 593981
3.98384 594661
3.987 595341
3.99015 596021
3.9933 596701
3.99645 597381
3.9996 598061
4.00276 598741
4.00591 599421
4.00906 600101
4.01221 600781
4.01536 601461
4.01852 602141
4.02167 602821
4.02482 603501
4.02797 604181
4.03112 604861
4.03428 605541
4.03743 606221
4.04058 606901
4.04373 607581
4.04688 608261
4.05004 608941
4.05319 609621
4.05634 610301
4.05949 610981
4.06264 611661
4.0658 612341
4.06895 613021
4.0721 613701
4.07525 614381
4.0784 615061
4.08156 615741
4.08471 616421
4.08786 617101
4.09101 617781
4.09416 618461
4.09732 619141
4.10047 619821
4.10362 620501
4.10677 621181
4.10992 621861
4.11308 622541
4.11623 623221
4.11938 623901
4.12253 624581
4.12568 625261
4.12884 625941
4.13199 626621
4.13514 627301
4.13829 627981
4.14144 628661
4.1446 629341
4.14775 630021
4.1509 630701
4.15405 631381
4.1572 632061
4.16036 632741
4.16351 633421
4.16666 634101
4.16981 634781
4.17296 635461
4.17612 636141
4.17927 636821
4.18242 637501
4.18557 638181
4.18872 638861
4.19188 639541
4.19503 640221
4.19818 640901
4.20133 641581
4.20448 642261
4.20764 642941
4.21079 643621
4.21394 644301
4.21709 644981
4.22024 645661
4.2234 646341
4.22655 647021
4.2297 647701
4.23285 648381
4.236 649061
4.23916 649741
4.24231 650421
4.24546 651101
4.24861 651781
4.25176 652461
4.25492 653141
4.25807 653821
4.26122 654501
4.26437 655181
4.26752 655861
4.27068 656541
4.27383 657221
4.27698 657901
4.28013 658581
4.28328 659261
4.28644 659941
4.28959 660621
4.29274 661301
4.29589 661981
4.29904 662661
4.3022 663341
4.30535 664021
4.3085 664701
4.31165 665381
4.3148 666061
4.31796 666741
4.32111 667421
4.32426 668101
4.32741 668781
4.33056 669461
4.33372 670141
4.33687 670821
4.34002 671501
4.34317 672181
4.34632 672861
4.34948 673541
4.35263 674221
4.35578 674901
4.35893 675581
4.36208 676261
4.36524 676941
4.36839 677621
4.37154 678301
4.37469 678981
4.37784 679661
4.381 680341
4.38415 681021
4.3873 681701
4.39045 682381
4.3936 683061
4.39676 683741
4.39991 684421
4.40306 685101
4.40621 685781
4.40936 686461
4.41252 687141
4.41567 687821
4.41882 688501
4.42197 689181
4.42512 689861
4.42828 690541
4.43143 691221
4.43458 691901
4.43773 692581
4.44088 693261
4.44404 693941
4.44719 694621
4.45034 695301
4.45349 695981
4.45664 696661
4.4598 697341
4.46295 698021
4.4661 698701
4.46925 699381
4.4724 700061
4.47556 700741
4.47871 701421
4.48186 702101
4.48501 702781
4.48816 703461
4.49132 704141
4.49447 704821
4.49762 705501
4.50077 706181
4.50392 706861
4.50708 707541
4.51023 708221
4.51338 708901
4.51653 709581
4.51968 710261
4.52284 710941
4.52599 711621
4.52914 712301
4.53229 712981
4.53544 713661
4.5386 714341
4.54175 715021
4.5449 715701
4.54805 716381
4.5512 717061
4.55436 717741
4.55751 718421
4.56066 719101
4.56381 719781
4.56696 720461
4.57012 721141
4.57327 721821
4.57642 722501
4.57957 723181
4.58272 723861
4.58588 724541
4.58903 725221
4.59218 725901
4.59533 726581
4.59848 727261
4.60164 727941
4.60479 728621
4.60794 729301
4.61109 729981
4.61424 730661
4.6174 731341
4.62055 732021
4.6237 732701
4.62685 733381
4.63 734061
4.63316 734741
4.63631 735421
4.63946 736101
4.64261 736781
4.64576 737461
4.64892 738141
4.65207 738821
4.65522 739501
4.65837 740181
4.66152 740861
4.66468 741541
4.66783 742221
4.67098 742901
4.67413 743581
4.67728 744261
4.68044 744941
4.68359 745621
4.68674 746301
4.68989 746981
4.69304 747661
4.6962 748341
4.69935 749021
4.7025 749701
4.70565 750381
4.7088 751061
4.71196 751741
4.71511 752421
4.71826 753101
4.72141 753781
4.72456 754461
4.72772 755141
4.73087 755821
4.73402 756501
4.73717 757181
4.74032 757861
4.74348 758541
4.74663 759221
4.74978 759901
4.75293 760581
4.75608 761261
4.75924 761941
4.76239 762621
4.76554 763301
4.76869 763981
4.77184 764661
4.775 765341
4.77815 766021
4.7813 766701
4.78445 767381
4.7876 768061
4.79076 768741
4.79391 769421
4.79706 770101
4.80021 770781
4.80336 771461
4.80652 772141
4.80967 772821
4.81282 773501
4.81597 774181
4.81912 774861
4.82228 775541
4.82543 776221
4.82858 776901
4.83173 777581
4.83488 778261
4.83804 778941
4.84119 779621
4.84434 780301
4.84749 780981
4.85064 781661
4.8538 782341
4.85695 783021
4.8601 783701
4.86325 784381
4.8664 785061
4.86956 785741
4.87271 786421
4.87586 787101
4.87901 787781
4.88216 788461
4.88532 789141
4.88847 789821
4.89162 790501
4.89477 791181
4.89792 791861
4.90108 792541
4.90423 793221
4.90738 793901
4.91053 794581
4.91368 795261
4.91684 795941
4.91999 796621
4.92314 797301
4.92629 797981
4.92944 798661
4.9326 799341
4.93575 800021
4.9389 800701
4.94205 801381
4.9452 802061
4.94836 802741
4.95151 803421
4.95466 804101
4.95781 804781
4.96096 805461
4.96412 806141
4.96727 806821
4.97042 807501
4.97357 808181
4.97672 808861
4.97988 809541
4.98303 810221
4.98618 810901
4.98933 811581
4.99248 812261
4.99564 812941
4.99879 813621
5.00194 814301
5.00509 814981
5.00824 815661
5.0114 816341
5.01455 817021
5.0177 817701
5.02085 818381
5.024 819061
5.02716 819741
5.03031 820421
5.03346 821101
5.03661 821781
5.03976 822461
5.04292 823141
5.04607 823821
5.04922 824501
5.05237 825181
5.05552 825861
5.05868 826541
5.06183 827221
5.06498 827901
5.06813 828581
5.07128 829261
5.07444 829941
5.07759 830621
5.08074 831301
5.08389 831981
5.08704 832661
5.0902 833341
5.09335 834021
5.0965 834701
5.09965 835381
5.1028 836061
5.10596 836741
5.10911 837421
5.11226 838101
5.11541 838781
5.11856 839461
5.12172 840141
5.12487 840821
5.12802 841501
5.13117 842181
5.13432 842861
5.13748 843541
5.14063 844221
5.14378 844901
5.14693 845581
5.15008 846261
5.15324 846941
5.15639 847621
5.15954 848301
5.16269 848981
5.16584 849661
5.169 850341
5.17215 851021
5.1753 851701
5.17845 852381
5.1816 853061
5.18476 853741
5.18791 854421
5.19106 855101
5.19421 855781
5.19736 856461
5.20052 857141
5.20367 857821
5.20682 858501
5.20997 859181
5.21312 859861
5.21628 860541
5.21943 861221
5.22258 861901
5.22573 862581
5.22888 863261
5.23204 863941
5.23519 864621
5.23834 865301
5.24149 865981
5.24464 866661
5.2478 867341
5.25095 868021
5.2541 868701
5.25725 869381
5.2604 870061
5.26356 870741
5.26671 871421
5.26986 872101
5.27301 872781
5.27616 873461
5.27932 874141
5.28247 874821
5.28562 875501
5.28877 876181
5.29192 876861
5.29508 877541
5.29823 878221
5.30138 878901
5.30453 879581
5.30768 880261
5.31084 880941
5.31399 881621
5.31714 882301
5.32029 882981
5.32344 883661
5.3266 884341
5.32975 885021
5.3329 885701
5.33605 886381
5.3392 887061
5.34236 887741
5.34551 888421
5.34866 889101
5.35181 889781
5.35496 890461
5.35812 891141
5.36127 891821
5.36442 892501
5.36757 893181
5.37072 893861
5.37388 894541
5.37703 895221
5.38018 895901
5.38333 896581
5.38648 897261
5.38964 897941
5.39279 898621
5.39594 899301
5.39909 899981
5.40224 900661
5.4054 901341
5.40855 902021
5.4117 902701
5.41485 903381
5.418 904061
5.42116 904741
5.42431 905421
5.42746 906101
5.43061 906781
5.43376 907461
5.43692 908141
5.44007 908821
5.44322 909501
5.44637 910181
5.44952 910861
5.45268 911541
5.45583 912221
5.45898 912901
5.46213 913581
5.46528 914261
5.46844 914941
5.47159 915621
5.47474 916301
5.47789 916981
5.48104 917661
5.4842 918341
5.48735 919021
5.4905 919701
5.49365 920381
5.4968 921061
5.49996 921741
5.50311 922421
5.50626 923101
5.50941 923781
5.51256 924461
5.51572 925141
5.51887 925821
5.52202 926501
5.52517 927181
5.52832 927861
5.53148 928541
5.53463 929221
5.53778 929901
5.54093 930581
5.54408 931261
5.54724 931941
5.55039 932621
5.55354 933301
5.55669 933981
5.55984 934661
5.563 935341
5.56615 936021
5.5693 936701
5.57245 937381
5.5756 938061
5.57876 938741
5.58191 939421
5.58506 940101
5.58821 940781
5.59136 941461
5.59452 942141
5.59767 942821
5.60082 943501
5.60397 944181
5.60712 944861
5.61028 945541
5.61343 946221
5.61658 946901
5.61973 947581
5.62288 948261
5.62604 948941
5.62919 949621
5.63234 950301
5.63549 950981
5.63864 951661
5.6418 952341
5.64495 953021
5.6481 953701
5.65125 954381
5.6544 955061
5.65756 955741
5.66071 956421
5.66386 957101
5.66701 957781
5.67016 958461
5.67332 959141
5.67647 959821
5.67962 960501
5.68277 961181
5.68592 961861
5.68908 962541
5.69223 963221
5.69538 963901
5.69853 964581
5.70168 965261
5.70484 965941
5.70799 966621
5.71114 967301
5.71429 967981
5.71744 968661
5.7206 969341
5.72375 970021
5.7269 970701
5.73005 971381
5.7332 972061
5.73636 972741
5.73951 973421
5.74266 974101
5.74581 974781
5.74896 975461
5.75212 976141
5.75527 976821
5.75842 977501
5.76157 978181
5.76472 978861
5.76788 979541
5.77103 980221
5.77418 980901
5.77733 981581
5.78048 982261
5.78364 982941
5.78679 983621
5.78994 984301
5.79309 984981
5.79624 985661
5.7994 986341
5.80255 987021
5.8057 987701
5.80885 988381
5.812 989061
5.81516 989741
5.81831 990421
5.82146 991101
5.82461 991781
5.82776 992461
5.83092 993141
5.83407 993821
5.83722 994501
5.84037 995181
5.84352 995861
5.84668 996541
5.84983 997221
5.85298 997901
5.85613 998581
5.85928 999261
5.86244 999941
5.86559 1000621
5.86874 1001301
5.87189 1001981
5.87504 1002661
5.8782 1003341
5.88135 1004021
5.8845 1004701
5.88765 1005381
5.8908 1006061
5.89396 1006741
5.89711 1007421
5.90026 1008101
5.90341 1008781
5.90656 1009461
5.90972 1010141
5.91287 1010821
5.91602 1011501
5.91917 1012181
5.92232 1012861
5.92548 1013541
5.92863 1014221
5.93178 1014901
5.93493 1015581
5.93808 1016261
5.94124 1016941
5.94439 1017621
5.94754 1018301
5.95069 1018981
5.95384 1019661
5.957 1020341
5.96015 1021021
5.9633 1021701
5.96645 1022381
5.9696 1023061
5.97276 1023741
5.97591 1024421
5.97906 1025101
5.98221 1025781
5.98536 1026461
5.98852 1027141
5.99167 1027821
5.99482 1028501
5.99797 1029181
6.00112 1029861
6.00428 1030541
6.00743 1031221
6.01058 1031901
6.01373 1032581
6.01688 1033261
6.02004 1033941
6.02319 1034621
6.02634 1035301
6.02949 1035981
6.03264 1036661
6.0358 1037341
6.03895 1038021
6.0421 1038701
6.04525 1039381
6.0484 1040061
6.05156 1040741
6.05471 1041421
6.05786 1042101
6.06101 1042781
6.06416 1043461
6.06732 1044141
6.07047 1044821
6.07362 1045501
6.07677 1046181
6.07992 1046861
6.08308 1047541
6.08623 1048221
6.08938 1048901
6.09253 1049581
6.09568 1050261
6.09884 1050941
6.10199 1051621
6.10514 1052301
6.10829 1052981
6.11144 1053661
6.1146 1054341
6.11775 1055021
6.1209 1055701
6.12405 1056381
6.1272 1057061
6.13036 1057741
6.13351 1058421
6.13666 1059101
6.13981 1059781
6.14296 1060461
6.14612 1061141
6.14927 1061821
6.15242 1062501
6.15557 1063181
6.15872 1063861
6.16188 1064541
6.16503 1065221
6.16818 1065901
6.17133 1066581
6.17448 1067261
6.17764 1067941
6.18079 1068621
6.18394 1069301
6.18709 1069981
6.19024 1070661
6.1934 1071341
6.19655 1072021
6.1997 1072701
6.20285 1073381
6.206 1074061
6.20916 1074741
6.21231 1075421
6.21546 1076101
6.21861 1076781
6.22176 1077461
6.22492 1078141
6.22807 1078821
6.23122 1079501
6.23437 1080181
6.23752 1080861
6.24068 1081541
6.24383 1082221
6.24698 1082901
6.25013 1083581
6.25328 1084261
6.25644 1084941
6.25959 1085621
6.26274 1086301
6.26589 1086981
6.26904 1087661
6.2722 1088341
6.27535 1089021
6.2785 1089701
6.28165 1090381
6.2848 1091061
6.28796 1091741
6.29111 1092421
6.29426 1093101
6.29741 1093781
6.30056 1094461
6.30372 1095141
6.30687 1095821
6.31002 1096501
6.31317 1097181
6.31632 1097861
6.31948 1098541
6.32263 1099221
6.32578 1099901
6.32893 1100581
6.33208 1101261
6.33524 1101941
6.33839 1102621
6.34154 1103301
6.34469 1103981
6.34784 1104661
6.351 1105341
6.35415 1106021
6.3573 1106701
6.36045 1107381
6.3636 1108061
6.36676 1108741
6.36991 1109421
6.37306 1110101
6.37621 1110781
6.37936 1111461
6.38252 1112141
6.38567 1112821
6.38882 1113501
6.39197 1114181
6.39512 1114861
6.39828 1115541
6.40143 1116221
6.40458 1116901
6.40773 1117581
6.41088 1118261
6.41404 1118941
6.41719 1119621
6.42034 1120301
6.42349 1120981
6.42664 1121661
6.42979 1122341
6.43295 1123021
6.4361 1123701
6.43925 1124381
6.4424 1125061
6.44555 1125741
6.44871 1126421
6.45186 1127101
6.45501 1127781
6.45816 1128461
6.46131 1129141
6.46447 1129821
6.46762 1130501
6.47077 1131181
6.47392 1131861
6.47707 1132541
6.48023 1133221
6.48338 1133901
6.48653 1134581
6.48968 1135261
6.49283 1135941
6.49599 1136621
6.49914 1137301
6.50229 1137981
6.50544 1138661
6.50859 1139341
6.51175 1140021
6.5149 1140701
6.51805 1141381
6.5212 1142061
6.52435 1142741
6.52751 1143421
6.53066 1144101
6.53381 1144781
6.53696 1145461
6.54011 1146141
6.54327 1146821
6.54642 1147501
6.54957 1148181
6.55272 1148861
6.55587 1149541
6.55903 1150221
6.56218 1150901
6.56533 1151581
6.56848 1152261
6.57163 1152941
6.57479 1153621
6.57794 1154301
6.58109 1154981
6.58424 1155661
6.58739 1156341
6.59055 1157021
6.5937 1157701
6.59685 1158381
6.6 1159061
6.60315 1159741
6.60631 1160421
6.60946 1161101
6.61261 1161781
6.61576 1162461
6.61891 1163141
6.62207 1163821
6.62522 1164501
6.62837 1165181
6.63152 1165861
6.63467 1166541
6.63783 1167221
6.64098 1167901
6.64413 1168581
6.64728 1169261
6.65043 1169941
6.65359 1170621
6.65674 1171301
6.65989 1171981
6.66304 1172661
6.66619 1173341
6.66935 1174021
6.6725 1174701
6.67565 1175381
6.6788 1176061
6.68195 1176741
6.68511 1177421
6.68826 1178101
6.69141 1178781
6.69456 1179461
6.69771 1180141
6.70087 1180821
6.70402 1181501
6.70717 1182181
6.71032 1182861
6.71347 1183541
6.71663 1184221
6.71978 1184901
6.72293 1185581
6.72608 1186261
6.72923 1186941
6.73239 1187621
6.73554 1188301
6.73869 1188981
6.74184 1189661
6.74499 1190341
6.74815 1191021
6.7513 1191701
6.75445 1192381
6.7576 1193061
6.76075 1193741
6.76391 1194421
6.76706 1195101
6.77021 1195781
6.77336 1196461
6.77651 1197141
6.77967 1197821
6.78282 1198501
6.78597 1199181
6.78912 1199861
6.79227 1200541
6.79543 1201221
6.79858 1201901
6.80173 1202581
6.80488 1203261
6.80803 1203941
6.81119 1204621
6.81434 1205301
6.81749 1205981
6.82064 1206661
6.82379 1207341
6.82695 1208021
6.8301 1208701
6.83325 1209381
6.8364 1210061
6.83955 1210741
6.84271 1211421
6.84586 1212101
6.84901 1212781
6.85216 1213461
6.85531 1214141
6.85847 1214821
6.86162 1215501
6.86477 1216181
6.86792 1216861
6.87107 1217541
6.87423 1218221
6.87738 1218901
6.88053 1219581
6.88368 1220261
6.88683 1220941
6.88999 1221621
6.89314 1222301
6.89629 1222981
6.89944 1223661
6.90259 1224341
6.90575 1225021
6.9089 1225701
6.91205 1226381
6.9152 1227061
6.91835 1227741
6.92151 1228421
6.92466 1229101
6.92781 1229781
6.93096 1230461
6.93411 1231141
6.93727 1231821
6.94042 1232501
6.94357 1233181
6.94672 1233861
6.94987 1234541
6.95303 1235221
6.95618 1235901
6.95933 1236581
6.96248 1237261
6.96563 1237941
6.96879 1238621
6.97194 1239301
6.97509 1239981
6.97824 1240661
6.98139 1241341
6.98455 1242021
6.9877 1242701
6.99085 1243381
6.994 1244061
6.99715 1244741
7.00031 1245421
7.00346 1246101
7.00661 1246781
7.00976 1247461
7.01291 1248141
7.01607 1248821
7.01922 1249501
7.02237 1250181
7.02552 1250861
7.02867 1251541
7.03183 1252221
7.03498 1252901
7.03813 1253581
7.04128 1254261
7.04443 1254941
7.04759 1255621
7.05074 1256301
7.05389 1256981
7.05704 1257661
7.06019 1258341
7.06335 1259021
7.0665 1259701
7.06965 1260381
7.0728 1261061
7.07595 1261741
7.07911 1262421
7.08226 1263101
7.08541 1263781
7.08856 1264461
7.09171 1265141
7.09487 1265821
7.09802 1266501
7.10117 1267181
7.10432 1267861
7.10747 1268541
7.11063 1269221
7.11378 1269901
7.11693 1270581
7.12008 1271261
7.12323 1271941
7.12639 1272621
7.12954 1273301
7.13269 1273981
7.13584 1274661
7.13899 1275341
7.14215 1276021
7.1453 1276701
7.14845 1277381
7.1516 1278061
7.15475 1278741
7.15791 1279421
7.16106 1280101
7.16421 1280781
7.16736 1281461
7.17051 1282141
7.17367 1282821
7.17682 1283501
7.17997 1284181
7.18312 1284861
7.18627 1285541
7.18943 1286221
7.19258 1286901
7.19573 1287581
7.19888 1288261
7.20203 1288941
7.20519 1289621
7.20834 1290301
7.21149 1290981
7.21464 1291661
7.21779 1292341
7.22095 1293021
7.2241 1293701
7.22725 1294381
7.2304 1295061
7.23355 1295741
7.23671 1296421
7.23986 1297101
7.24301 1297781
7.24616 1298461
7.24931 1299141
7.25247 1299821
7.25562 1300501
7.25877 1301181
7.26192 1301861
7.26507 1302541
7.26823 1303221
7.27138 1303901
7.27453 1304581
7.27768 1305261
7.28083 1305941
7.28399 1306621
7.28714 1307301
7.29029 1307981
7.29344 1308661
7.29659 1309341
7.29975 1310021
7.3029 1310701
7.30605 1311381
7.3092 1312061
7.31235 1312741
7.31551 1313421
7.31866 1314101
7.32181 1314781
7.32496 1315461
7.32811 1316141
7.33127 1316821
7.33442 1317501
7.33757 1318181
7.34072 1318861
7.34387 1319541
7.34703 1320221
7.35018 1320901
7.35333 1321581
7.35648 1322261
7.35963 1322941
7.36279 1323621
7.36594 1324301
7.36909 1324981
7.37224 1325661
7.37539 1326341
7.37855 1327021
7.3817 1327701
7.38485 1328381
7.388 1329061
7.39115 1329741
7.39431 1330421
7.39746 1331101
7.40061 1331781
7.40376 1332461
7.40691 1333141
7.41007 1333821
7.41322 1334501
7.41637 1335181
7.41952 1335861
7.42267 1336541
7.42583 1337221
7.42898 1337901
7.43213 1338581
7.43528 1339261
7.43843 1339941
7.44159 1340621
7.44474 1341301
7.44789 1341981
7.45104 1342661
7.45419 1343341
7.45735 1344021
7.4605 1344701
7.46365 1345381
7.4668 1346061
7.46995 1346741
7.47311 1347421
7.47626 1348101
7.47941 1348781
7.48256 1349461
7.48571 1350141
7.48887 1350821
7.49202 1351501
7.49517 1352181
7.49832 1352861
7.50147 1353541
7.50463 1354221
7.50778 1354901
7.51093 1355581
7.51408 1356261
7.51723 1356941
7.52039 1357621
7.52354 1358301
7.52669 1358981
7.52984 1359661
7.53299 1360341
7.53615 1361021
7.5393 1361701
7.54245 1362381
7.5456 1363061
7.54875 1363741
7.55191 1364421
7.55506 1365101
7.55821 1365781
7.56136 1366461
7.56451 1367141
7.56767 1367821
7.57082 1368501
7.57397 1369181
7.57712 1369861
7.58027 1370541
7.58343 1371221
7.58658 1371901
7.58973 1372581
7.59288 1373261
7.59603 1373941
7.59919 1374621
7.60234 1375301
7.60549 1375981
7.60864 1376661
7.61179 1377341
7.61495 1378021
7.6181 1378701
7.62125 1379381
7.6244 1380061
7.62755 1380741
7.63071 1381421
7.63386 1382101
7.63701 1382781
7.64016 1383461
7.64331 1384141
7.64647 1384821
7.64962 1385501
7.65277 1386181
7.65592 1386861
7.65907 1387541
7.66223 1388221
7.66538 1388901
7.66853 1389581
7.67168 1390261
7.67483 1390941
7.67799 1391621
7.68114 1392301
7.68429 1392981
7.68744 1393661
7.69059 1394341
7.69375 1395021
7.6969 1395701
7.70005 1396381
7.7032 1397061
7.70635 1397741
7.70951 1398421
7.71266 1399101
7.71581 1399781
7.71896 1400461
7.72211 1401141
7.72527 1401821
7.72842 1402501
7.73157 1403181
7.73472 1403861
7.73787 1404541
7.74103 1405221
7.74418 1405901
7.74733 1406581
7.75048 1407261
7.75363 1407941
7.75679 1408621
7.75994 1409301
7.76309 1409981
7.76624 1410661
7.76939 1411341
7.77255 1412021
7.7757 1412701
7.77885 1413381
7.782 1414061
7.78515 1414741
7.78831 1415421
7.79146 1416101
7.79461 1416781
7.79776 1417461
7.80091 1418141
7.80407 1418821
7.80722 1419501
7.81037 1420181
7.81352 1420861
7.81667 1421541
7.81983 1422221
7.82298 1422901
7.82613 1423581
7.82928 1424261
7.83243 1424941
7.83559 1425621
7.83874 1426301
7.84189 1426981
7.84504 1427661
7.84819 1428341
7.85135 1429021
7.8545 1429701
7.85765 1430381
7.8608 1431061
7.86395 1431741
7.86711 1432421
7.87026 1433101
7.87341 1433781
7.87656 1434461
7.87971 1435141
7.88287 1435821
7.88602 1436501
7.88917 1437181
7.89232 1437861
7.89547 1438541
7.89863 1439221
7.90178 1439901
7.90493 1440581
7.90808 1441261
7.91123 1441941
7.91439 1442621
7.91754 1443301
7.92069 1443981
7.92384 1444661
7.92699 1445341
7.93015 1446021
7.9333 1446701
7.93645 1447381
7.9396 1448061
7.94275 1448741
7.94591 1449421
7.94906 1450101
7.95221 1450781
7.95536 1451461
7.95851 1452141
7.96167 1452821
7.96482 1453501
7.96797 1454181
7.97112 1454861
7.97427 1455541
7.97743 1456221
7.98058 1456901
7.98373 1457581
7.98688 1458261
7.99003 1458941
7.99319 1459621
7.99634 1460301
7.99949 1460981
8.00264 1461661
8.00579 1462341
8.00895 1463021
8.0121 1463701
8.01525 1464381
8.0184 1465061
8.02155 1465741
8.02471 1466421
8.02786 1467101
8.03101 1467781
8.03416 1468461
8.03731 1469141
8.04047 1469821
8.04362 1470501
8.04677 1471181
8.04992 1471861
8.05307 1472541
8.05623 1473221
8.05938 1473901
8.06253 1474581
8.06568 1475261
8.06883 1475941
8.07199 1476621
8.07514 1477301
8.07829 1477981
8.08144 1478661
8.08459 1479341
8.08775 1480021
8.0909 1480701
8.09405 1481381
8.0972 1482061
8.10035 1482741
8.10351 1483421
8.10666 1484101
8.10981 1484781
8.11296 1485461
8.11611 1486141
8.11927 1486821
8.12242 1487501
8.12557 1488181
8.12872 1488861
8.13187 1489541
8.13503 1490221
8.13818 1490901
8.14133 1491581
8.14448 1492261
8.14763 1492941
8.15079 1493621
8.15394 1494301
8.15709 1494981
8.16024 1495661
8.16339 1496341
8.16655 1497021
8.1697 1497701
8.17285 1498381
8.176 1499061
8.17915 1499741
8.18231 1500421
8.18546 1501101
8.18861 1501781
8.19176 1502461
8.19491 1503141
8.19807 1503821
8.20122 1504501
8.20437 1505181
8.20752 1505861
8.21067 1506541
8.21383 1507221
8.21698 1507901
8.22013 1508581
8.22328 1509261
8.22643 1509941
8.22959 1510621
8.23274 1511301
8.23589 1511981
8.23904 1512661
8.24219 1513341
8.24535 1514021
8.2485 1514701
8.25165 1515381
8.2548 1516061
8.25795 1516741
8.26111 1517421
8.26426 1518101
8.26741 1518781
8.27056 1519461
8.27371 1520141
8.27687 1520821
8.28002 1521501
8.28317 1522181
8.28632 1522861
8.28947 1523541
8.29263 1524221
8.29578 1524901
8.29893 1525581
8.30208 1526261
8.30523 1526941
8.30839 1527621
8.31154 1528301
8.31469 1528981
8.31784 1529661
8.32099 1530341
8.32415 1531021
8.3273 1531701
8.33045 1532381
8.3336 1533061
8.33675 1533741
8.33991 1534421
8.34306 1535101
8.34621 1535781
8.34936 1536461
8.35251 1537141
8.35567 1537821
8.35882 1538501
8.36197 1539181
8.36512 1539861
8.36827 1540541
8.37143 1541221
8.37458 1541901
8.37773 1542581
8.38088 1543261
8.38403 1543941
8.38719 1544621
8.39034 1545301
8.39349 1545981
8.39664 1546661
8.39979 1547341
8.40295 1548021
8.4061 1548701
8.40925 1549381
8.4124 1550061
8.41555 1550741
8.41871 1551421
8.42186 1552101
8.42501 1552781
8.42816 1553461
8.43131 1554141
8.43447 1554821
8.43762 1555501
8.44077 1556181
8.44392 1556861
8.44707 1557541
8.45023 1558221
8.45338 1558901
8.45653 1559581
8.45968 1560261
8.46283 1560941
8.46599 1561621
8.46914 1562301
8.47229 1562981
8.47544 1563661
8.47859 1564341
8.48175 1565021
8.4849 1565701
8.48805 1566381
8.4912 1567061
8.49435 1567741
8.49751 1568421
8.50066 1569101
8.50381 1569781
8.50696 1570461
8.51011 1571141
8.51327 1571821
8.51642 1572501
8.51957 1573181
8.52272 1573861
8.52587 1574541
8.52903 1575221
8.53218 1575901
8.53533 1576581
8.53848 1577261
8.54163 1577941
8.54479 1578621
8.54794 1579301
8.55109 1579981
8.55424 1580661
8.55739 1581341
8.56055 1582021
8.5637 1582701
8.56685 1583381
8.57 1584061
8.57315 1584741
8.57631 1585421
8.57946 1586101
8.58261 1586781
8.58576 1587461
8.58891 1588141
8.59207 1588821
8.59522 1589501
8.59837 1590181
8.60152 1590861
8.60467 1591541
8.60783 1592221
8.61098 1592901
8.61413 1593581
8.61728 1594261
8.62043 1594941
8.62359 1595621
8.62674 1596301
8.62989 1596981
8.63304 1597661
8.63619 1598341
8.63935 1599021
8.6425 1599701
8.64565 1600381
8.6488 1601061
8.65195 1601741
8.65511 1602421
8.65826 1603101
8.66141 1603781
8.66456 1604461
8.66771 1605141
8.67087 1605821
8.67402 1606501
8.67717 1607181
8.68032 1607861
8.68347 1608541
8.68663 1609221
8.68978 1609901
8.69293 1610581
8.69608 1611261
8.69923 1611941
8.70239 1612621
8.70554 1613301
8.70869 1613981
8.71184 1614661
8.71499 1615341
8.71815 1616021
8.7213 1616701
8.72445 1617381
8.7276 1618061
8.73075 1618741
8.73391 1619421
8.73706 1620101
8.74021 1620781
8.74336 1621461
8.74651 1622141
8.74967 1622821
8.75282 1623501
8.75597 1624181
8.75912 1624861
8.76227 1625541
8.76543 1626221
8.76858 1626901
8.77173 1627581
8.77488 1628261
8.77803 1628941
8.78119 1629621
8.78434 1630301
8.78749 1630981
8.79064 1631661
8.79379 1632341
8.79695 1633021
8.8001 1633701
8.80325 1634381
8.8064 1635061
8.80955 1635741
8.81271 1636421
8.81586 1637101
8.81901 1637781
8.82216 1638461
8.82531 1639141
8.82847 1639821
8.83162 1640501
8.83477 1641181
8.83792 1641861
8.84107 1642541
8.84423 1643221
8.84738 1643901
8.85053 1644581
8.85368 1645261
8.85683 1645941
8.85999 1646621
8.86314 1647301
8.86629 1647981
8.86944 1648661
8.87259 1649341
8.87575 1650021
8.8789 1650701
8.88205 1651381
8.8852 1652061
8.88835 1652741
8.89151 1653421
8.89466 1654101
8.89781 1654781
8.90096 1655461
8.90411 1656141
8.90727 1656821
8.91042 1657501
8.91357 1658181
8.91672 1658861
8.91987 1659541
8.92303 1660221
8.92618 1660901
8.92933 1661581
8.93248 1662261
8.93563 1662941
8.93879 1663621
8.94194 1664301
8.94509 1664981
8.94824 1665661
8.95139 1666341
8.95455 1667021
8.9577 1667701
8.96085 1668381
8.964 1669061
8.96715 1669741
8.97031 1670421
8.97346 1671101
8.97661 1671781
8.97976 1672461
8.98291 1673141
8.98607 1673821
8.98922 1674501
8.99237 1675181
8.99552 1675861
8.99867 1676541
9.00183 1677221
9.00498 1677901
9.00813 1678581
9.01128 1679261
9.01443 1679941
9.01759 1680621
9.02074 1681301
9.02389 1681981
9.02704 1682661
9.03019 1683341
9.03335 1684021
9.0365 1684701
9.03965 1685381
9.0428 1686061
9.04595 1686741
9.04911 1687421
9.05226 1688101
9.05541 1688781
9.05856 1689461
9.06171 1690141
9.06487 1690821
9.06802 1691501
9.07117 1692181
9.07432 1692861
9.07747 1693541
9.08063 1694221
9.08378 1694901
9.08693 1695581
9.09008 1696261
9.09323 1696941
9.09639 1697621
9.09954 1698301
9.10269 1698981
9.10584 1699661
9.10899 1700341
9.11215 1701021
9.1153 1701701
9.11845 1702381
9.1216 1703061
9.12475 1703741
9.12791 1704421
9.13106 1705101
9.13421 1705781
9.13736 1706461
9.14051 1707141
9.14367 1707821
9.14682 1708501
9.14997 1709181
9.15312 1709861
9.15627 1710541
9.15943 1711221
9.16258 1711901
9.16573 1712581
9.16888 1713261
9.17203 1713941
9.17519 1714621
9.17834 1715301
9.18149 1715981
9.18464 1716661
9.18779 1717341
9.19095 1718021
9.1941 1718701
9.19725 1719381
9.2004 1720061
9.20355 1720741
9.20671 1721421
9.20986 1722101
9.21301 1722781
9.21616 1723461
9.21931 1724141
9.22247 1724821
9.22562 1725501
9.22877 1726181
9.23192 1726861
9.23507 1727541
9.23823 1728221
9.24138 1728901
9.24453 1729581
9.24768 1730261
9.25083 1730941
9.25399 1731621
9.25714 1732301
9.26029 1732981
9.26344 1733661
9.26659 1734341
9.26975 1735021
9.2729 1735701
9.27605 1736381
9.2792 1737061
9.28235 1737741
9.28551 1738421
9.28866 1739101
9.29181 1739781
9.29496 1740461
9.29811 1741141
9.30127 1741821
9.30442 1742501
9.30757 1743181
9.31072 1743861
9.31387 1744541
9.31703 1745221
9.32018 1745901
9.32333 1746581
9.32648 1747261
9.32963 1747941
9.33279 1748621
9.33594 1749301
9.33909 1749981
9.34224 1750661
9.34539 1751341
9.34855 1752021
9.3517 1752701
9.35485 1753381
9.358 1754061
9.36115 1754741
9.36431 1755421
9.36746 1756101
9.37061 1756781
9.37376 1757461
9.37691 1758141
9.38007 1758821
9.38322 1759501
9.38637 1760181
9.38952 1760861
9.39267 1761541
9.39583 1762221
9.39898 1762901
9.40213 1763581
9.40528 1764261
9.40843 1764941
9.41159 1765621
9.41474 1766301
9.41789 1766981
9.42104 1767661
9.42419 1768341
9.42735 1769021
9.4305 1769701
9.43365 1770381
9.4368 1771061
9.43995 1771741
9.44311 1772421
9.44626 1773101
9.44941 1773781
9.45256 1774461
9.45571 1775141
9.45887 1775821
9.46202 1776501
9.46517 1777181
9.46832 1777861
9.47147 1778541
9.47463 1779221
9.47778 1779901
9.48093 1780581
9.48408 1781261
9.48723 1781941
9.49039 1782621
9.49354 1783301
9.49669 1783981
9.49984 1784661
9.50299 1785341
9.50615 1786021
9.5093 1786701
9.51245 1787381
9.5156 1788061
9.51875 1788741
9.52191 1789421
9.52506 1790101
9.52821 1790781
9.53136 1791461
9.53451 1792141
9.53767 1792821
9.54082 1793501
9.54397 1794181
9.54712 1794861
9.55027 1795541
9.55343 1796221
9.55658 1796901
9.55973 1797581
9.56288 1798261
9.56603 1798941
9.56919 1799621
9.57234 1800301
9.57549 1800981
9.57864 1801661
9.58179 1802341
9.58494 1803021
9.5881 1803701
9.59125 1804381
9.5944 1805061
9.59755 1805741
9.6007 1806421
9.60386 1807101
9.60701 1807781
9.61016 1808461
9.61331 1809141
9.61646 1809821
9.61962 1810501
9.62277 1811181
9.62592 1811861
9.62907 1812541
9.63222 1813221
9.63538 1813901
9.63853 1814581
9.64168 1815261
9.64483 1815941
9.64798 1816621
9.65114 1817301
9.65429 1817981
9.65744 1818661
9.66059 1819341
9.66374 1820021
9.6669 1820701
9.67005 1821381
9.6732 1822061
9.67635 1822741
9.6795 1823421
9.68266 1824101
9.68581 1824781
9.68896 1825461
9.69211 1826141
9.69526 1826821
9.69842 1827501
9.70157 1828181
9.70472 1828861
9.70787 1829541
9.71102 1830221
9.71418 1830901
9.71733 1831581
9.72048 1832261
9.72363 1832941
9.72678 1833621
9.72994 1834301
9.73309 1834981
9.73624 1835661
9.73939 1836341
9.74254 1837021
9.7457 1837701
9.74885 1838381
9.752 1839061
9.75515 1839741
9.7583 1840421
9.76146 1841101
9.76461 1841781
9.76776 1842461
9.77091 1843141
9.77406 1843821
9.77722 1844501
9.78037 1845181
9.78352 1845861
9.78667 1846541
9.78982 1847221
9.79298 1847901
9.79613 1848581
9.79928 1849261
9.80243 1849941
9.80558 1850621
9.80874 1851301
9.81189 1851981
9.81504 1852661
9.81819 1853341
9.82134 1854021
9.8245 1854701
9.82765 1855381
9.8308 1856061
9.83395 1856741
9.8371 1857421
9.84026 1858101
9.84341 1858781
9.84656 1859461
9.84971 1860141
9.85286 1860821
9.85602 1861501
9.85917 1862181
9.86232 1862861
9.86547 1863541
9.86862 1864221
9.87178 1864901
9.87493 1865581
9.87808 1866261
9.88123 1866941
9.88438 1867621
9.88754 1868301
9.89069 1868981
9.89384 1869661
9.89699 1870341
9.90014 1871021
9.9033 1871701
9.90645 1872381
9.9096 1873061
9.91275 1873741
9.9159 1874421
9.91906 1875101
9.92221 1875781
9.92536 1876461
9.92851 1877141
9.93166 1877821
9.93482 1878501
9.93797 1879181
9.94112 1879861
9.94427 1880541
9.94742 1881221
9.95058 1881901
9.95373 1882581
9.95688 1883261
9.96003 1883941
9.96318 1884621
9.96634 1885301
9.96949 1885981
9.97264 1886661
9.97579 1887341
9.97894 1888021
9.9821 1888701
9.98525 1889381
9.9884 1890061
9.99155 1890741
9.9947 1891421
9.99786 1892101
10.001 1892781
10.0042 1893461
10.0073 1894141
10.0105 1894821
10.0136 1895501
10.0168 1896181
10.0199 1896861
10.0231 1897541
10.0262 1898221
10.0294 1898901
10.0325 1899581
10.0357 1900261
10.0388 1900941
10.042 1901621
10.0451 1902301
10.0483 1902981
10.0514 1903661
10.0546 1904341
10.0577 1905021
10.0609 1905701
10.064 1906381
10.0672 1907061
10.0704 1907741
10.0735 1908421
10.0767 1909101
10.0798 1909781
10.083 1910461
10.0861 1911141
10.0893 1911821
10.0924 1912501
10.0956 1913181
10.0987 1913861
10.1019 1914541
10.105 1915221
10.1082 1915901
10.1113 1916581
10.1145 1917261
10.1176 1917941
10.1208 1918621
10.1239 1919301
10.1271 1919981
10.1302 1920661
10.1334 1921341
10.1365 1922021
10.1397 1922701
10.1428 1923381
10.146 1924061
10.1492 1924741
10.1523 1925421
10.1555 1926101
10.1586 1926781
10.1618 1927461
10.1649 1928141
10.1681 1928821
10.1712 1929501
10.1744 1930181
10.1775 1930861
10.1807 1931541
10.1838 1932221
10.187 1932901
10.1901 1933581
10.1933 1934261
10.1964 1934941
10.1996 1935621
10.2027 1936301
10.2059 1936981
10.209 1937661
10.2122 1938341
10.2153 1939021
10.2185 1939701
10.2216 1940381
10.2248 1941061
10.228 1941741
10.2311 1942421
10.2343 1943101
10.2374 1943781
10.2406 1944461
10.2437 1945141
10.2469 1945821
10.25 1946501
10.2532 1947181
10.2563 1947861
10.2595 1948541
10.2626 1949221
10.2658 1949901
10.2689 1950581
10.2721 1951261
10.2752 1951941
10.2784 1952621
10.2815 1953301
10.2847 1953981
10.2878 1954661
10.291 1955341
10.2941 1956021
10.2973 1956701
10.3004 1957381
10.3036 1958061
10.3068 1958741
10.3099 1959421
10.3131 1960101
10.3162 1960781
10.3194 1961461
10.3225 1962141
10.3257 1962821
10.3288 1963501
10.332 1964181
10.3351 1964861
10.3383 1965541
10.3414 1966221
10.3446 1966901
10.3477 1967581
10.3509 1968261
10.354 1968941
10.3572 1969621
10.3603 1970301
10.3635 1970981
10.3666 1971661
10.3698 1972341
10.3729 1973021
10.3761 1973701
10.3792 1974381
10.3824 1975061
10.3856 1975741
10.3887 1976421
10.3919 1977101
10.395 1977781
10.3982 1978461
10.4013 1979141
10.4045 1979821
10.4076 1980501
10.4108 1981181
10.4139 1981861
10.4171 1982541
10.4202 1983221
10.4234 1983901
10.4265 1984581
10.4297 1985261
10.4328 1985941
10.436 1986621
10.4391 1987301
10.4423 1987981
10.4454 1988661
10.4486 1989341
10.4517 1990021
10.4549 1990701
10.458 1991381
10.4612 1992061
10.4644 1992741
10.4675 1993421
10.4707 1994101
10.4738 1994781
10.477 1995461
10.4801 1996141
10.4833 1996821
10.4864 1997501
10.4896 1998181
10.4927 1998861
10.4959 1999541
10.499 2000221
10.5022 2000901
10.5053 2001581
10.5085 2002261
10.5116 2002941
10.5148 2003621
10.5179 2004301
10.5211 2004981
10.5242 2005661
10.5274 2006341
10.5305 2007021
10.5337 2007701
10.5368 2008381
10.54 2009061
10.5432 2009741
10.5463 2010421
10.5495 2011101
10.5526 2011781
10.5558 2012461
10.5589 2013141
10.5621 2013821
10.5652 2014501
10.5684 2015181
10.5715 2015861
10.5747 2016541
10.5778 2017221
10.581 2017901
10.5841 2018581
10.5873 2019261
10.5904 2019941
10.5936 2020621
10.5967 2021301
10.5999 2021981
10.603 2022661
10.6062 2023341
10.6093 2024021
10.6125 2024701
10.6156 2025381
10.6188 2026061
10.622 2026741
10.6251 2027421
10.6283 2028101
10.6314 2028781
10.6346 2029461
10.6377 2030141
10.6409 2030821
10.644 2031501
10.6472 2032181
10.6503 2032861
10.6535 2033541
10.6566 2034221
10.6598 2034901
10.6629 2035581
10.6661 2036261
10.6692 2036941
10.6724 2037621
10.6755 2038301
10.6787 2038981
10.6818 2039661
10.685 2040341
10.6881 2041021
10.6913 2041701
10.6944 2042381
10.6976 2043061
10.7008 2043741
10.7039 2044421
10.7071 2045101
10.7102 2045781
10.7134 2046461
10.7165 2047141
10.7197 2047821
10.7228 2048501
10.726 2049181
10.7291 2049861
10.7323 2050541
10.7354 2051221
10.7386 2051901
10.7417 2052581
10.7449 2053261
10.748 2053941
10.7512 2054621
10.7543 2055301
10.7575 2055981
10.7606 2056661
10.7638 2057341
10.7669 2058021
10.7701 2058701
10.7732 2059381
10.7764 2060061
10.7796 2060741
10.7827 2061421
10.7859 2062101
10.789 2062781
10.7922 2063461
10.7953 2064141
10.7985 2064821
10.8016 2065501
10.8048 2066181
10.8079 2066861
10.8111 2067541
10.8142 2068221
10.8174 2068901
10.8205 2069581
10.8237 2070261
10.8268 2070941
10.83 2071621
10.8331 2072301
10.8363 2072981
10.8394 2073661
10.8426 2074341
10.8457 2075021
10.8489 2075701
10.852 2076381
10.8552 2077061
10.8584 2077741
10.8615 2078421
10.8647 2079101
10.8678 2079781
10.871 2080461
10.8741 2081141
10.8773 2081821
10.8804 2082501
10.8836 2083181
10.8867 2083861
10.8899 2084541
10.893 2085221
10.8962 2085901
10.8993 2086581
10.9025 2087261
10.9056 2087941
10.9088 2088621
10.9119 2089301
10.9151 2089981
10.9182 2090661
10.9214 2091341
10.9245 2092021
10.9277 2092701
10.9308 2093381
10.934 2094061
10.9372 2094741
10.9403 2095421
10.9435 2096101
10.9466 2096781
10.9498 2097461
10.9529 2098141
10.9561 2098821
10.9592 2099501
10.9624 2100181
10.9655 2100861
10.9687 2101541
10.9718 2102221
10.975 2102901
10.9781 2103581
10.9813 2104261
10.9844 2104941
10.9876 2105621
10.9907 2106301
10.9939 2106981
10.997 2107661
11.0002 2108341
11.0033 2109021
11.0065 2109701
11.0096 2110381
11.0128 2111061
11.016 2111741
11.0191 2112421
11.0223 2113101
11.0254 2113781
11.0286 2114461
11.0317 2115141
11.0349 2115821
11.038 2116501
11.0412 2117181
11.0443 2117861
11.0475 2118541
11.0506 2119221
11.0538 2119901
11.0569 2120581
11.0601 2121261
11.0632 2121941
11.0664 2122621
11.0695 2123301
11.0727 2123981
11.0758 2124661
11.079 2125341
11.0821 2126021
11.0853 2126701
11.0884 2127381
11.0916 2128061
11.0948 2128741
11.0979 2129421
11.1011 2130101
11.1042 2130781
11.1074 2131461
11.1105 2132141
11.1137 2132821
11.1168 2133501
11.12 2134181
11.1231 2134861
11.1263 2135541
11.1294 2136221
11.1326 2136901
11.1357 2137581
11.1389 2138261
11.142 2138941
11.1452 2139621
11.1483 2140301
11.1515 2140981
11.1546 2141661
11.1578 2142341
11.1609 2143021
11.1641 2143701
11.1672 2144381
11.1704 2145061
11.1736 2145741
11.1767 2146421
11.1799 2147101
11.183 2147781
11.1862 2148461
11.1893 2149141
11.1925 2149821
11.1956 2150501
11.1988 2151181
11.2019 2151861
11.2051 2152541
11.2082 2153221
11.2114 2153901
11.2145 2154581
11.2177 2155261
11.2208 2155941
11.224 2156621
11.2271 2157301
11.2303 2157981
11.2334 2158661
11.2366 2159341
11.2397 2160021
11.2429 2160701
11.246 2161381
11.2492 2162061
11.2524 2162741
11.2555 2163421
11.2587 2164101
11.2618 2164781
11.265 2165461
11.2681 2166141
11.2713 2166821
11.2744 2167501
11.2776 2168181
11.2807 2168861
11.2839 2169541
11.287 2170221
11.2902 2170901
11.2933 2171581
11.2965 2172261
11.2996 2172941
11.3028 2173621
11.3059 2174301
11.3091 2174981
11.3122 2175661
11.3154 2176341
11.3185 2177021
11.3217 2177701
11.3248 2178381
11.328 2179061
11.3312 2179741
11.3343 2180421
11.3375 2181101
11.3406 2181781
11.3438 2182461
11.3469 2183141
11.3501 2183821
11.3532 2184501
11.3564 2185181
11.3595 2185861
11.3627 2186541
11.3658 2187221
11.369 2187901
11.3721 2188581
11.3753 2189261
11.3784 2189941
11.3816 2190621
11.3847 2191301
11.3879 2191981
11.391 2192661
11.3942 2193341
11.3973 2194021
11.4005 2194701
11.4036 2195381
11.4068 2196061
11.41 2196741
11.4131 2197421
11.4163 2198101
11.4194 2198781
11.4226 2199461
11.4257 2200141
11.4289 2200821
11.432 2201501
11.4352 2202181
11.4383 2202861
11.4415 2203541
11.4446 2204221
11.4478 2204901
11.4509 2205581
11.4541 2206261
11.4572 2206941
11.4604 2207621
11.4635 2208301
11.4667 2208981
11.4698 2209661
11.473 2210341
11.4761 2211021
11.4793 2211701
11.4824 2212381
11.4856 2213061
11.4888 2213741
11.4919 2214421
11.4951 2215101
11.4982 2215781
11.5014 2216461
11.5045 2217141
11.5077 2217821
11.5108 2218501
11.514 2219181
11.5171 2219861
11.5203 2220541
11.5234 2221221
11.5266 2221901
11.5297 2222581
11.5329 2223261
11.536 2223941
11.5392 2224621
11.5423 2225301
11.5455 2225981
11.5486 2226661
11.5518 2227341
11.5549 2228021
11.5581 2228701
11.5612 2229381
11.5644 2230061
11.5676 2230741
11.5707 2231421
11.5739 2232101
11.577 2232781
11.5802 2233461
11.5833 2234141
11.5865 2234821
11.5896 2235501
11.5928 2236181
11.5959 2236861
11.5991 2237541
11.6022 2238221
11.6054 2238901
11.6085 2239581
11.6117 2240261
11.6148 2240941
11.618 2241621
11.6211 2242301
11.6243 2242981
11.6274 2243661
11.6306 2244341
11.6337 2245021
11.6369 2245701
11.64 2246381
11.6432 2247061
11.6464 2247741
11.6495 2248421
11.6527 2249101
11.6558 2249781
11.659 2250461
11.6621 2251141
11.6653 2251821
11.6684 2252501
11.6716 2253181
11.6747 2253861
11.6779 2254541
11.681 2255221
11.6842 2255901
11.6873 2256581
11.6905 2257261
11.6936 2257941
11.6968 2258621
11.6999 2259301
11.7031 2259981
11.7062 2260661
11.7094 2261341
11.7125 2262021
11.7157 2262701
11.7188 2263381
11.722 2264061
11.7252 2264741
11.7283 2265421
11.7315 2266101
11.7346 2266781
11.7378 2267461
11.7409 2268141
11.7441 2268821
11.7472 2269501
11.7504 2270181
11.7535 2270861
11.7567 2271541
11.7598 2272221
11.763 2272901
11.7661 2273581
11.7693 2274261
11.7724 2274941
11.7756 2275621
11.7787 2276301
11.7819 2276981
11.785 2277661
11.7882 2278341
11.7913 2279021
11.7945 2279701
11.7976 2280381
11.8008 2281061
11.804 2281741
11.8071 2282421
11.8103 2283101
11.8134 2283781
11.8166 2284461
11.8197 2285141
11.8229 2285821
11.826 2286501
11.8292 2287181
11.8323 2287861
11.8355 2288541
11.8386 2289221
11.8418 2289901
11.8449 2290581
11.8481 2291261
11.8512 2291941
11.8544 2292621
11.8575 2293301
11.8607 2293981
11.8638 2294661
11.867 2295341
11.8701 2296021
11.8733 2296701
11.8764 2297381
11.8796 2298061
11.8828 2298741
11.8859 2299421
11.8891 2300101
11.8922 2300781
11.8954 2301461
11.8985 2302141
11.9017 2302821
11.9048 2303501
11.908 2304181
11.9111 2304861
11.9143 2305541
11.9174 2306221
11.9206 2306901
11.9237 2307581
11.9269 2308261
11.93 2308941
11.9332 2309621
11.9363 2310301
11.9395 2310981
11.9426 2311661
11.9458 2312341
11.9489 2313021
11.9521 2313701
11.9552 2314381
11.9584 2315061
11.9616 2315741
11.9647 2316421
11.9679 2317101
11.971 2317781
11.9742 2318461
11.9773 2319141
11.9805 2319821
11.9836 2320501
11.9868 2321181
11.9899 2321861
11.9931 2322541
11.9962 2323221
11.9994 2323901
12.0025 2324581
12.0057 2325261
12.0088 2325941
12.012 2326621
12.0151 2327301
12.0183 2327981
12.0214 2328661
12.0246 2329341
12.0277 2330021
12.0309 2330701
12.034 2331381
12.0372 2332061
12.0404 2332741
12.0435 2333421
12.0467 2334101
12.0498 2334781
12.053 2335461
12.0561 2336141
12.0593 2336821
12.0624 2337501
12.0656 2338181
12.0687 2338861
12.0719 2339541
12.075 2340221
12.0782 2340901
12.0813 2341581
12.0845 2342261
12.0876 2342941
12.0908 2343621
12.0939 2344301
12.0971 2344981
12.1002 2345661
12.1034 2346341
12.1065 2347021
12.1097 2347701
12.1128 2348381
12.116 2349061
12.1192 2349741
12.1223 2350421
12.1255 2351101
12.1286 2351781
12.1318 2352461
12.1349 2353141
12.1381 2353821
12.1412 2354501
12.1444 2355181
12.1475 2355861
12.1507 2356541
12.1538 2357221
12.157 2357901
12.1601 2358581
12.1633 2359261
12.1664 2359941
12.1696 2360621
12.1727 2361301
12.1759 2361981
12.179 2362661
12.1822 2363341
12.1853 2364021
12.1885 2364701
12.1916 2365381
12.1948 2366061
12.198 2366741
12.2011 2367421
12.2043 2368101
12.2074 2368781
12.2106 2369461
12.2137 2370141
12.2169 2370821
12.22 2371501
12.2232 2372181
12.2263 2372861
12.2295 2373541
12.2326 2374221
12.2358 2374901
12.2389 2375581
12.2421 2376261
12.2452 2376941
12.2484 2377621
12.2515 2378301
12.2547 2378981
12.2578 2379661
12.261 2380341
12.2641 2381021
12.2673 2381701
12.2704 2382381
12.2736 2383061
12.2768 2383741
12.2799 2384421
12.2831 2385101
12.2862 2385781
12.2894 2386461
12.2925 2387141
12.2957 2387821
12.2988 2388501
12.302 2389181
12.3051 2389861
12.3083 2390541
12.3114 2391221
12.3146 2391901
12.3177 2392581
12.3209 2393261
12.324 2393941
12.3272 2394621
12.3303 2395301
12.3335 2395981
12.3366 2396661
12.3398 2397341
12.6819 2422161
12.6834 2446981
12.7685 2489821
12.7716 2490501
12.7748 2491181
12.7779 2491861
12.7811 2492541
12.7842 2493221
12.7874 2493901
12.7905 2494581
12.7937 2495261
12.7968 2495941
12.8 2496621
12.8031 2497301
12.8063 2497981
12.8094 2498661
12.8126 2499341
12.8157 2500021
12.8189 2500701
12.822 2501381
12.8252 2502061
12.8284 2502741
12.8315 2503421
12.8347 2504101
12.8378 2504781
12.841 2505461
12.8441 2506141
12.8473 2506821
12.8504 2507501
12.8536 2508181
12.8567 2508861
12.8599 2509541
12.863 2510221
12.8662 2510901
12.8693 2511581
12.8725 2512261
12.8756 2512941
12.8788 2513621
12.8835 2513961
12.8867 2514641
12.8898 2515321
12.893 2516001
12.8961 2516681
12.8993 2517361
12.9024 2518041
12.9056 2518721
12.9087 2519401
12.9119 2520081
12.915 2520761
12.9182 2521441
12.9213 2522121
12.9245 2522801
12.9276 2523481
12.9308 2524161
12.9339 2524841
12.9371 2525521
12.9402 2526201
12.9434 2526881
12.9466 2527561
12.9497 2528241
12.9529 2528921
12.956 2529601
12.9592 2530281
12.9623 2530961
12.9655 2531641
12.9686 2532321
12.9718 2533001
12.9749 2533681
12.9781 2534361
12.9812 2535041
12.9844 2535721
12.9875 2536401
12.9907 2537081
12.9938 2537761
12.997 2538441
13.0001 2539121
13.0033 2539801
13.0064 2540481
13.0096 2541161
13.0127 2541841
13.0159 2542521
13.019 2543201
13.0222 2543881
13.0254 2544561
13.0285 2545241
13.0317 2545921
13.0348 2546601
13.038 2547281
13.0411 2547961
13.0443 2548641
13.0474 2549321
13.0506 2550001
13.0537 2550681
13.0569 2551361
13.06 2552041
13.0632 2552721
13.0663 2553401
13.0695 2554081
13.0726 2554761
13.0758 2555441
13.0789 2556121
13.0821 2556801
13.0852 2557481
13.0884 2558161
13.0915 2558841
13.0947 2559521
13.0978 2560201
13.101 2560881
13.1042 2561561
13.1073 2562241
13.1105 2562921
13.1136 2563601
13.1168 2564281
13.1199 2564961
13.1231 2565641
13.1262 2566321
13.1294 2567001
13.1325 2567681
13.1357 2568361
13.1388 2569041
13.142 2569721
13.1451 2570401
13.1483 2571081
13.1514 2571761
13.1546 2572441
13.1577 2573121
13.1609 2573801
13.164 2574481
13.1672 2575161
13.1703 2575841
13.1735 2576521
13.1766 2577201
13.1798 2577881
13.183 2578561
13.1861 2579241
13.1893 2579921
13.1924 2580601
13.1956 2581281
13.1987 2581961
13.2019 2582641
13.205 2583321
13.2082 2584001
13.2113 2584681
13.2145 2585361
13.2176 2586041
13.2208 2586721
13.2239 2587401
13.2271 2588081
13.2302 2588761
13.2334 2589441
13.2365 2590121
13.2397 2590801
13.2428 2591481
13.246 2592161
13.2491 2592841
13.2523 2593521
13.2554 2594201
13.2586 2594881
13.2618 2595561
13.2649 2596241
13.2681 2596921
13.2712 2597601
13.2744 2598281
13.2775 2598961
13.2807 2599641
13.2838 2600321
13.287 2601001
13.2901 2601681
13.2933 2602361
13.2964 2603041
13.2996 2603721
13.3027 2604401
13.3059 2605081
13.309 2605761
13.3122 2606441
13.3153 2607121
13.3185 2607801
13.3216 2608481
13.3248 2609161
13.3279 2609841
13.3311 2610521
13.3342 2611201
13.3374 2611881
13.3406 2612561
13.3437 2613241
13.3469 2613921
13.35 2614601
13.3532 2615281
13.3563 2615961
13.3595 2616641
13.3626 2617321
13.3658 2618001
13.3689 2618681
13.3721 2619361
13.3752 2620041
13.3784 2620721
13.3815 2621401
13.3847 2622081
13.3878 2622761
13.391 2623441
13.3941 2624121
13.3973 2624801
13.4004 2625481
13.4036 2626161
13.4067 2626841
13.4099 2627521
13.413 2628201
13.4162 2628881
13.4194 2629561
13.4225 2630241
13.4257 2630921
13.4288 2631601
13.432 2632281
13.4351 2632961
13.4383 2633641
13.4414 2634321
13.4446 2635001
13.4477 2635681
13.4509 2636361
13.454 2637041
13.4572 2637721
13.4603 2638401
13.4635 2639081
13.4666 2639761
13.4698 2640441
13.4729 2641121
13.4761 2641801
13.4792 2642481
13.4824 2643161
13.4855 2643841
13.4887 2644521
13.4918 2645201
13.495 2645881
13.4982 2646561
13.5013 2647241
13.5045 2647921
13.5076 2648601
13.5108 2649281
13.5139 2649961
13.5171 2650641
13.5202 2651321
13.5234 2652001
13.5265 2652681
13.5297 2653361
13.5328 2654041
13.536 2654721
13.5391 2655401
13.5423 2656081
13.5454 2656761
13.5486 2657441
13.5517 2658121
13.5549 2658801
13.558 2659481
13.5612 2660161
13.5643 2660841
13.5675 2661521
13.5706 2662201
13.5738 2662881
13.577 2663561
13.5801 2664241
13.5833 2664921
13.5864 2665601
13.5896 2666281
13.5927 2666961
13.5959 2667641
13.599 2668321
13.6022 2669001
13.6053 2669681
13.6085 2670361
13.6116 2671041
13.6148 2671721
13.6179 2672401
13.6211 2673081
13.6242 2673761
13.6274 2674441
13.6305 2675121
13.6337 2675801
13.6368 2676481
13.64 2677161
13.6431 2677841
13.6463 2678521
13.6494 2679201
13.6526 2679881
13.6558 2680561
13.6589 2681241
13.6621 2681921
13.6652 2682601
13.6684 2683281
13.6715 2683961
13.6747 2684641
13.6778 2685321
13.681 2686001
13.6841 2686681
13.6873 2687361
13.6904 2688041
13.6936 2688721
13.6967 2689401
13.6999 2690081
13.703 2690761
13.7062 2691441
13.7093 2692121
13.7125 2692801
13.7156 2693481
13.7188 2694161
13.7219 2694841
13.7251 2695521
13.7282 2696201
13.7314 2696881
13.7346 2697561
13.7377 2698241
13.7409 2698921
13.744 2699601
13.7472 2700281
13.7503 2700961
13.7535 2701641
13.7566 2702321
13.7598 2703001
13.7629 2703681
13.7661 2704361
13.7692 2705041
13.7724 2705721
13.7755 2706401
13.7787 2707081
13.7818 2707761
13.785 2708441
13.7881 2709121
13.7913 2709801
13.7944 2710481
13.7976 2711161
13.8007 2711841
13.8039 2712521
13.807 2713201
13.8102 2713881
13.8134 2714561
13.8165 2715241
13.8197 2715921
13.8228 2716601
13.826 2717281
13.8291 2717961
13.8323 2718641
13.8354 2719321
13.8386 2720001
13.8417 2720681
13.8449 2721361
13.848 2722041
13.8512 2722721
13.8543 2723401
13.8575 2724081
13.8606 2724761
13.8638 2725441
13.8669 2726121
13.8701 2726801
13.8732 2727481
13.8764 2728161
13.8795 2728841
13.8827 2729521
13.8858 2730201
13.889 2730881
13.8922 2731561
13.8953 2732241
13.8985 2732921
13.9016 2733601
13.9048 2734281
13.9079 2734961
13.9111 2735641
13.9142 2736321
13.9174 2737001
13.9205 2737681
13.9237 2738361
13.9268 2739041
13.93 2739721
13.9331 2740401
13.9363 2741081
13.9394 2741761
13.9426 2742441
13.9457 2743121
13.9489 2743801
13.952 2744481
13.9552 2745161
13.9583 2745841
13.9615 2746521
13.9646 2747201
13.9678 2747881
13.971 2748561
13.9741 2749241
13.9773 2749921
13.9804 2750601
13.9836 2751281
13.9867 2751961
13.9899 2752641
13.993 2753321
13.9962 2754001
13.9993 2754681
14.0025 2755361
14.0056 2756041
14.0088 2756721
14.0119 2757401
14.0151 2758081
14.0182 2758761
14.0214 2759441
14.0245 2760121
14.0277 2760801
14.0308 2761481
14.034 2762161
14.0371 2762841
14.0403 2763521
14.0434 2764201
14.0466 2764881
14.0498 2765561
14.0529 2766241
14.0561 2766921
14.0592 2767601
14.0624 2768281
14.0655 2768961
14.0687 2769641
14.0718 2770321
14.075 2771001
14.0781 2771681
14.0813 2772361
14.0844 2773041
14.0876 2773721
14.0907 2774401
14.0939 2775081
14.097 2775761
14.1002 2776441
14.1033 2777121
14.1065 2777801
14.1096 2778481
14.1128 2779161
14.1159 2779841
14.1191 2780521
14.1222 2781201
14.1254 2781881
14.1286 2782561
14.1317 2783241
14.1349 2783921
14.138 2784601
14.1412 2785281
14.1443 2785961
14.1475 2786641
14.1506 2787321
14.1538 2788001
14.1569 2788681
14.1601 2789361
14.1632 2790041
14.1664 2790721
14.1695 2791401
14.1727 2792081
14.1758 2792761
14.179 2793441
14.1821 2794121
14.1853 2794801
14.1884 2795481
14.1916 2796161
14.1947 2796841
14.1979 2797521
14.201 2798201
14.2042 2798881
14.2074 2799561
14.2105 2800241
14.2137 2800921
14.2168 2801601
14.22 2802281
14.2231 2802961
14.2263 2803641
14.2294 2804321
14.2326 2805001
14.2357 2805681
14.2389 2806361
14.242 2807041
14.2452 2807721
14.2483 2808401
14.2515 2809081
14.2546 2809761
14.2578 2810441
14.2609 2811121
14.2641 2811801
14.2672 2812481
14.2704 2813161
14.2735 2813841
14.2767 2814521
14.2798 2815201
14.283 2815881
14.2862 2816561
14.2893 2817241
14.2925 2817921
14.2956 2818601
14.2988 2819281
14.3019 2819961
14.3051 2820641
14.3082 2821321
14.3114 2822001
14.3145 2822681
14.3177 2823361
14.3208 2824041
14.324 2824721
14.3271 2825401
14.3303 2826081
14.3334 2826761
14.3366 2827441
14.3397 2828121
14.3429 2828801
14.346 2829481
14.3492 2830161
14.3523 2830841
14.3555 2831521
14.3586 2832201
14.3618 2832881
14.3649 2833561
14.3681 2834241
14.3713 2834921
14.3744 2835601
14.3776 2836281
14.3807 2836961
14.3839 2837641
14.387 2838321
14.3902 2839001
14.3933 2839681
14.3965 2840361
14.3996 2841041
14.4028 2841721
14.4059 2842401
14.4091 2843081
14.4122 2843761
14.4154 2844441
14.4185 2845121
14.4217 2845801
14.4248 2846481
14.428 2847161
14.4311 2847841
14.4343 2848521
14.4374 2849201
14.4406 2849881
14.4437 2850561
14.4469 2851241
14.4501 2851921
14.4532 2852601
14.4564 2853281
14.4595 2853961
14.4627 2854641
14.4658 2855321
14.469 2856001
14.4721 2856681
14.4753 2857361
14.4784 2858041
14.4816 2858721
14.4847 2859401
14.4879 2860081
14.491 2860761
14.4942 2861441
14.4973 2862121
14.5005 2862801
14.5036 2863481
14.5068 2864161
14.5099 2864841
14.5131 2865521
14.5162 2866201
14.5194 2866881
14.5225 2867561
14.5257 2868241
14.5289 2868921
14.532 2869601
14.5352 2870281
14.5383 2870961
14.5415 2871641
14.5446 2872321
14.5478 2873001
14.5509 2873681
14.5541 2874361
14.5572 2875041
14.5604 2875721
14.5635 2876401
14.5667 2877081
14.5698 2877761
14.573 2878441
14.5761 2879121
14.5793 2879801
14.5824 2880481
14.5856 2881161
14.5887 2881841
14.5919 2882521
14.595 2883201
14.5982 2883881
14.6013 2884561
14.6045 2885241
14.6077 2885921
14.6108 2886601
14.614 2887281
14.6171 2887961
14.6203 2888641
14.6234 2889321
14.6266 2890001
14.6297 2890681
14.6329 2891361
14.636 2892041
14.6392 2892721
14.6423 2893401
14.6455 2894081
14.6486 2894761
14.6518 2895441
14.6549 2896121
14.6581 2896801
14.6612 2897481
14.6644 2898161
14.6675 2898841
14.6707 2899521
14.6738 2900201
14.677 2900881
14.6801 2901561
14.6833 2902241
14.6865 2902921
14.6896 2903601
14.6928 2904281
14.6959 2904961
14.6991 2905641
14.7022 2906321
14.7054 2907001
14.7085 2907681
14.7117 2908361
14.7148 2909041
14.718 2909721
14.7211 2910401
14.7243 2911081
14.7274 2911761
14.7306 2912441
14.7337 2913121
14.7369 2913801
14.74 2914481
14.7432 2915161
14.7463 2915841
14.7495 2916521
14.7526 2917201
14.7558 2917881
14.7589 2918561
14.7621 2919241
14.7653 2919921
14.7684 2920601
14.7716 2921281
14.7747 2921961
14.7779 2922641
14.781 2923321
14.7842 2924001
14.7873 2924681
14.7905 2925361
14.7936 2926041
14.7968 2926721
14.7999 2927401
14.8031 2928081
14.8062 2928761
14.8094 2929441
14.8125 2930121
14.8157 2930801
14.8188 2931481
14.822 2932161
14.8251 2932841
14.8283 2933521
14.8314 2934201
14.8346 2934881
14.8377 2935561
14.8409 2936241
14.8441 2936921
14.8472 2937601
14.8504 2938281
14.8535 2938961
14.8567 2939641
14.8598 2940321
14.863 2941001
14.8661 2941681
14.8693 2942361
14.8724 2943041
14.8756 2943721
14.8787 2944401
14.8819 2945081
14.885 2945761
14.8882 2946441
14.8913 2947121
14.8945 2947801
14.8976 2948481
14.9008 2949161
14.9039 2949841
14.9071 2950521
14.9102 2951201
14.9134 2951881
14.9165 2952561
14.9197 2953241
14.9229 2953921
14.926 2954601
14.9292 2955281
14.9323 2955961
14.9355 2956641
14.9386 2957321
14.9418 2958001
14.9449 2958681
14.9481 2959361
14.9512 2960041
14.9544 2960721
14.9575 2961401
14.9607 2962081
14.9638 2962761
14.967 2963441
14.9701 2964121
14.9733 2964801
14.9764 2965481
14.9796 2966161
14.9827 2966841
14.9859 2967521
14.989 2968201
14.9922 2968881
14.9953 2969561
14.9985 2970241
15.0017 2970921
15.0048 2971601
15.008 2972281
15.0111 2972961
15.0143 2973641
15.0174 2974321
15.0206 2975001
15.0237 2975681
15.0269 2976361
15.03 2977041
15.0332 2977721
15.0363 2978401
15.0395 2979081
15.0426 2979761
15.0458 2980441
15.0489 2981121
15.0521 2981801
15.0552 2982481
15.0584 2983161
15.0615 2983841
15.0647 2984521
15.0678 2985201
15.071 2985881
15.0741 2986561
15.0773 2987241
15.0805 2987921
15.0836 2988601
15.0868 2989281
15.0899 2989961
15.0931 2990641
15.0962 2991321
15.0994 2992001
15.1025 2992681
15.1057 2993361
15.1088 2994041
15.112 2994721
15.1151 2995401
15.1183 2996081
15.1214 2996761
15.1246 2997441
15.1277 2998121
15.1309 2998801
15.134 2999481
15.1372 3000161
15.1403 3000841
15.1435 3001521
15.1466 3002201
15.1498 3002881
15.1529 3003561
15.1561 3004241
15.1593 3004921
15.1624 3005601
15.1656 3006281
15.1687 3006961
15.1719 3007641
15.175 3008321
15.1782 3009001
15.1813 3009681
15.1845 3010361
15.1876 3011041
15.1908 3011721
15.1939 3012401
15.1971 3013081
15.2002 3013761
15.2034 3014441
15.2065 3015121
15.2097 3015801
15.2128 3016481
15.216 3017161
15.2191 3017841
15.2223 3018521
15.2254 3019201
15.2286 3019881
15.2317 3020561
15.2349 3021241
15.2381 3021921
15.2412 3022601
15.2444 3023281
15.2475 3023961
15.2507 3024641
15.2538 3025321
15.257 3026001
15.2601 3026681
15.2633 3027361
15.2664 3028041
15.2696 3028721
15.2727 3029401
15.2759 3030081
15.279 3030761
15.2822 3031441
15.2853 3032121
15.2885 3032801
15.2916 3033481
15.2948 3034161
15.2979 3034841
15.3011 3035521
15.3042 3036201
15.3074 3036881
15.3105 3037561
15.3137 3038241
15.3169 3038921
15.32 3039601
15.3232 3040281
15.3263 3040961
15.3295 3041641
15.3326 3042321
15.3358 3043001
15.3389 3043681
15.3421 3044361
15.3452 3045041
15.3484 3045721
15.3515 3046401
15.3547 3047081
15.3578 3047761
15.361 3048441
15.3641 3049121
15.3673 3049801
15.3704 3050481
15.3736 3051161
15.3767 3051841
15.3799 3052521
15.383 3053201
15.3862 3053881
15.3893 3054561
15.3925 3055241
15.3957 3055921
15.3988 3056601
15.402 3057281
15.4051 3057961
15.4083 3058641
15.4114 3059321
15.4146 3060001
15.4177 3060681
15.4209 3061361
15.424 3062041
15.4272 3062721
15.4303 3063401
15.4335 3064081
15.4366 3064761
15.4398 3065441
15.4429 3066121
15.4461 3066801
15.4492 3067481
15.4524 3068161
15.4555 3068841
15.4587 3069521
15.4618 3070201
15.465 3070881
15.4681 3071561
15.4713 3072241
15.4745 3072921
15.4776 3073601
15.4808 3074281
15.4839 3074961
15.4871 3075641
15.4902 3076321
15.4934 3077001
15.4965 3077681
15.4997 3078361
15.5028 3079041
15.506 3079721
15.5091 3080401
15.5123 3081081
15.5154 3081761
15.5186 3082441
15.5217 3083121
15.5249 3083801
15.528 3084481
15.5312 3085161
15.5343 3085841
15.5375 3086521
15.5406 3087201
15.5438 3087881
15.5469 3088561
15.5501 3089241
15.5533 3089921
15.5564 3090601
15.5596 3091281
15.5627 3091961
15.5659 3092641
15.569 3093321
15.5722 3094001
15.5753 3094681
15.5785 3095361
15.5816 3096041
15.5848 3096721
15.5879 3097401
15.5911 3098081
15.5942 3098761
15.5974 3099441
15.6005 3100121
15.6037 3100801
15.6068 3101481
15.61 3102161
15.6131 3102841
15.6163 3103521
15.6194 3104201
15.6226 3104881
15.6257 3105561
15.6289 3106241
15.6321 3106921
15.6352 3107601
15.6384 3108281
15.6415 3108961
15.6447 3109641
15.6478 3110321
15.651 3111001
15.6541 3111681
15.6573 3112361
15.6604 3113041
15.6636 3113721
15.6667 3114401
15.6699 3115081
15.673 3115761
15.6762 3116441
15.6793 3117121
15.6825 3117801
15.6856 3118481
15.6888 3119161
15.6919 3119841
15.6951 3120521
15.6982 3121201
15.7014 3121881
15.7045 3122561
15.7077 3123241
15.7109 3123921
15.714 3124601
15.7172 3125281
15.7203 3125961
15.7235 3126641
15.7266 3127321
15.7298 3128001
15.7329 3128681
15.7361 3129361
15.7392 3130041
15.7424 3130721
15.7455 3131401
15.7487 3132081
15.7518 3132761
15.755 3133441
15.7581 3134121
15.7613 3134801
15.7644 3135481
15.7676 3136161
15.7707 3136841
15.7739 3137521
15.777 3138201
15.7802 3138881
15.7833 3139561
15.7865 3140241
15.7897 3140921
15.7928 3141601
15.796 3142281
15.7991 3142961
15.8023 3143641
15.8054 3144321
15.8086 3145001
15.8117 3145681
15.8149 3146361
15.818 3147041
15.8212 3147721
15.8243 3148401
15.8275 3149081
15.8306 3149761
15.8338 3150441
15.8369 3151121
15.8401 3151801
15.8432 3152481
15.8464 3153161
15.8495 3153841
15.8527 3154521
15.8558 3155201
15.859 3155881
15.8621 3156561
15.8653 3157241
15.8685 3157921
15.8716 3158601
15.8748 3159281
15.8779 3159961
15.8811 3160641
15.8842 3161321
15.8874 3162001
15.8905 3162681
15.8937 3163361
15.8968 3164041
15.9 3164721
15.9031 3165401
15.9063 3166081
15.9094 3166761
15.9126 3167441
15.9157 3168121
15.9189 3168801
15.922 3169481
15.9252 3170161
15.9283 3170841
15.9315 3171521
15.9346 3172201
15.9378 3172881
15.9409 3173561
15.9441 3174241
15.9473 3174921
15.9504 3175601
15.9536 3176281
15.9567 3176961
15.9599 3177641
15.963 3178321
15.9662 3179001
15.9693 3179681
15.9725 3180361
15.9756 3181041
15.9788 3181721
15.9819 3182401
15.9851 3183081
15.9882 3183761
15.9914 3184441
15.9945 3185121
15.9977 3185801
16.0008 3186481
16.004 3187161
16.0071 3187841
16.0103 3188521
16.0134 3189201
16.0166 3189881
16.0197 3190561
16.0229 3191241
16.0261 3191921
16.0292 3192601
16.0324 3193281
16.0355 3193961
16.0387 3194641
16.0418 3195321
16.045 3196001
16.0481 3196681
16.0513 3197361
16.0544 3198041
16.0576 3198721
16.0607 3199401
16.0639 3200081
16.067 3200761
16.0702 3201441
16.0733 3202121
16.0765 3202801
16.0796 3203481
16.0828 3204161
16.0859 3204841
16.0891 3205521
16.0922 3206201
16.0954 3206881
16.0985 3207561
16.1017 3208241
16.1049 3208921
16.108 3209601
16.1112 3210281
16.1143 3210961
16.1175 3211641
16.1206 3212321
16.1238 3213001
16.1269 3213681
16.1301 3214361
16.1332 3215041
16.1364 3215721
16.1395 3216401
16.1427 3217081
16.1458 3217761
16.149 3218441
16.1521 3219121
16.1553 3219801
16.1584 3220481
16.1616 3221161
16.1647 3221841
16.1679 3222521
16.171 3223201
16.1742 3223881
16.1773 3224561
16.1805 3225241
16.1837 3225921
16.1868 3226601
16.19 3227281
16.1931 3227961
16.1963 3228641
16.1994 3229321
16.2026 3230001
16.2057 3230681
16.2089 3231361
16.212 3232041
16.2152 3232721
16.2183 3233401
16.2215 3234081
16.2246 3234761
16.2278 3235441
16.2309 3236121
16.2341 3236801
16.2372 3237481
16.2404 3238161
16.2435 3238841
16.2467 3239521
16.2498 3240201
16.253 3240881
16.2561 3241561
16.2593 3242241
16.2625 3242921
16.2656 3243601
16.2688 3244281
16.2719 3244961
16.2751 3245641
16.2782 3246321
16.2814 3247001
16.2845 3247681
16.2877 3248361
16.2908 3249041
16.294 3249721
16.2971 3250401
16.3003 3251081
16.3034 3251761
16.3066 3252441
16.3097 3253121
16.3129 3253801
16.316 3254481
16.3192 3255161
16.3223 3255841
16.3255 3256521
16.3286 3257201
16.3318 3257881
16.3349 3258561
16.3381 3259241
16.3413 3259921
16.3444 3260601
16.3476 3261281
16.3507 3261961
16.3539 3262641
16.357 3263321
16.3602 3264001
16.3633 3264681
16.3665 3265361
16.3696 3266041
16.3728 3266721
16.3759 3267401
16.3791 3268081
16.3822 3268761
16.3854 3269441
16.3885 3270121
16.3917 3270801
16.3948 3271481
16.398 3272161
16.4011 3272841
16.4043 3273521
16.4074 3274201
16.4106 3274881
16.4137 3275561
16.4169 3276241
16.4201 3276921
16.4232 3277601
16.4264 3278281
16.4295 3278961
16.4327 3279641
16.4358 3280321
16.439 3281001
16.4421 3281681
16.4453 3282361
16.4484 3283041
16.4516 3283721
16.4547 3284401
16.4579 3285081
16.461 3285761
16.4642 3286441
16.4673 3287121
16.4705 3287801
16.4736 3288481
16.4768 3289161
16.4799 3289841
16.4831 3290521
16.4862 3291201
16.4894 3291881
16.4925 3292561
16.4957 3293241
16.4989 3293921
16.502 3294601
16.5052 3295281
16.5083 3295961
16.5115 3296641
16.5146 3297321
16.5178 3298001
16.5209 3298681
16.5241 3299361
16.5272 3300041
16.5304 3300721
16.5335 3301401
16.5367 3302081
16.5398 3302761
16.543 3303441
16.5461 3304121
16.5493 3304801
16.5524 3305481
16.5556 3306161
16.5587 3306841
16.5619 3307521
16.565 3308201
16.5682 3308881
16.5713 3309561
16.5745 3310241
16.5777 3310921
16.5808 3311601
16.584 3312281
16.5871 3312961
16.5903 3313641
16.5934 3314321
16.5966 3315001
16.5997 3315681
16.6029 3316361
16.606 3317041
16.6092 3317721
16.6123 3318401
16.6155 3319081
16.6186 3319761
16.6218 3320441
16.6249 3321121
16.6281 3321801
16.6312 3322481
16.6344 3323161
16.6375 3323841
16.6407 3324521
16.6438 3325201
16.647 3325881
16.6501 3326561
16.6533 3327241
16.6565 3327921
16.6596 3328601
16.6628 3329281
16.6659 3329961
16.6691 3330641
16.6722 3331321
16.6754 3332001
16.6785 3332681
16.6817 3333361
16.6848 3334041
16.688 3334721
16.6911 3335401
16.6943 3336081
16.6974 3336761
16.7006 3337441
16.7037 3338121
16.7069 3338801
16.71 3339481
16.7132 3340161
16.7163 3340841
16.7195 3341521
16.7226 3342201
16.7258 3342881
16.7289 3343561
16.7321 3344241
16.7353 3344921
16.7384 3345601
16.7416 3346281
16.7447 3346961
16.7479 3347641
16.751 3348321
16.7542 3349001
16.7573 3349681
16.7605 3350361
16.7636 3351041
16.7668 3351721
16.7699 3352401
16.7731 3353081
16.7762 3353761
16.7794 3354441
16.7825 3355121
16.7857 3355801
16.7888 3356481
16.792 3357161
16.7951 3357841
16.7983 3358521
16.8014 3359201
16.8046 3359881
16.8077 3360561
16.8109 3361241
16.8141 3361921
16.8172 3362601
16.8204 3363281
16.8235 3363961
16.8267 3364641
16.8298 3365321
16.833 3366001
16.8361 3366681
16.8393 3367361
16.8424 3368041
16.8456 3368721
16.8487 3369401
16.8519 3370081
16.855 3370761
16.8582 3371441
16.8613 3372121
16.8645 3372801
16.8676 3373481
16.8708 3374161
16.8739 3374841
16.8771 3375521
16.8802 3376201
16.8834 3376881
16.8865 3377561
16.8897 3378241
16.8929 3378921
16.896 3379601
16.8992 3380281
16.9023 3380961
16.9055 3381641
16.9086 3382321
16.9118 3383001
16.9149 3383681
16.9181 3384361
16.9212 3385041
16.9244 3385721
16.9275 3386401
16.9307 3387081
16.9338 3387761
16.937 3388441
16.9401 3389121
16.9433 3389801
16.9464 3390481
16.9496 3391161
16.9527 3391841
16.9559 3392521
16.959 3393201
16.9622 3393881
16.9653 3394561
16.9685 3395241
16.9717 3395921
16.9748 3396601
16.978 3397281
16.9811 3397961
16.9843 3398641
16.9874 3399321
16.9906 3400001
16.9937 3400681
16.9969 3401361
17 3402041
17.0032 3402721
17.0063 3403401
17.0095 3404081
17.0126 3404761
17.0158 3405441
17.0189 3406121
17.0221 3406801
17.0252 3407481
17.0284 3408161
17.0315 3408841
17.0347 3409521
17.0378 3410201
17.041 3410881
17.0441 3411561
17.0473 3412241
17.0505 3412921
17.0536 3413601
17.0568 3414281
17.0599 3414961
17.0631 3415641
17.0662 3416321
17.0694 3417001
17.0725 3417681
17.0757 3418361
17.0788 3419041
17.082 3419721
17.0851 3420401
17.0883 3421081
17.0914 3421761
17.0946 3422441
17.0977 3423121
17.1009 3423801
17.104 3424481
17.1072 3425161
17.1103 3425841
17.1135 3426521
17.1166 3427201
17.1198 3427881
17.1229 3428561
17.1261 3429241
17.1293 3429921
17.1324 3430601
17.1356 3431281
17.1387 3431961
17.1419 3432641
17.145 3433321
17.1482 3434001
17.1513 3434681
17.1545 3435361
17.1576 3436041
17.1608 3436721
17.1639 3437401
17.1671 3438081
17.1702 3438761
17.1734 3439441
17.1765 3440121
17.1797 3440801
17.1828 3441481
17.186 3442161
17.1891 3442841
17.1923 3443521
17.1954 3444201
17.1986 3444881
17.2017 3445561
17.2049 3446241
17.2081 3446921
17.2112 3447601
17.2144 3448281
17.2175 3448961
17.2207 3449641
17.2238 3450321
17.227 3451001
17.2301 3451681
17.2333 3452361
17.2364 3453041
17.2396 3453721
17.2427 3454401
17.2459 3455081
17.249 3455761
17.2522 3456441
17.2553 3457121
17.2585 3457801
17.2616 3458481
17.2648 3459161
17.2679 3459841
17.2711 3460521
17.2742 3461201
17.2774 3461881
17.2805 3462561
17.2837 3463241
17.2869 3463921
17.29 3464601
17.2932 3465281
17.2963 3465961
17.2995 3466641
17.3026 3467321
17.3058 3468001
17.3089 3468681
17.3121 3469361
17.3152 3470041
17.3184 3470721
17.3215 3471401
17.3247 3472081
17.3278 3472761
17.331 3473441
17.3341 3474121
17.3373 3474801
17.3404 3475481
17.3436 3476161
17.3467 3476841
17.3499 3477521
17.353 3478201
17.3562 3478881
17.3593 3479561
17.3625 3480241
17.3657 3480921
17.3688 3481601
17.372 3482281
17.3751 3482961
17.3783 3483641
17.3814 3484321
17.3846 3485001
17.3877 3485681
17.3909 3486361
17.394 3487041
17.3972 3487721
17.4003 3488401
17.4035 3489081
17.4066 3489761
17.4098 3490441
17.4129 3491121
17.4161 3491801
17.4192 3492481
17.4224 3493161
17.4255 3493841
17.4287 3494521
17.4318 3495201
17.435 3495881
17.4381 3496561
17.4413 3497241
17.4445 3497921
17.4476 3498601
17.4508 3499281
17.4539 3499961
17.4571 3500641
17.4602 3501321
17.4634 3502001
17.4665 3502681
17.4697 3503361
17.4728 3504041
17.476 3504721
17.4791 3505401
17.4823 3506081
17.4854 3506761
17.4886 3507441
17.4917 3508121
17.4949 3508801
17.498 3509481
17.5012 3510161
17.5043 3510841
17.5075 3511521
17.5106 3512201
17.5138 3512881
17.5169 3513561
17.5201 3514241
17.5233 3514921
17.5264 3515601
17.5296 3516281
17.5327 3516961
17.5359 3517641
17.539 3518321
17.5422 3519001
17.5453 3519681
17.5485 3520361
17.5516 3521041
17.5548 3521721
17.5579 3522401
17.5611 3523081
17.5642 3523761
17.5674 3524441
17.5705 3525121
17.5737 3525801
17.5768 3526481
17.58 3527161
17.5831 3527841
17.5863 3528521
17.5894 3529201
17.5926 3529881
17.5957 3530561
17.5989 3531241
17.6021 3531921
17.6052 3532601
17.6084 3533281
17.6115 3533961
17.6147 3534641
17.6178 3535321
17.621 3536001
17.6241 3536681
17.6273 3537361
17.6304 3538041
17.6336 3538721
17.6367 3539401
17.6399 3540081
17.643 3540761
17.6462 3541441
17.6493 3542121
17.6525 3542801
17.6556 3543481
17.6588 3544161
17.6619 3544841
17.6651 3545521
17.6682 3546201
17.6714 3546881
17.6745 3547561
17.6777 3548241
17.6809 3548921
17.684 3549601
17.6872 3550281
17.6903 3550961
17.6935 3551641
17.6966 3552321
17.6998 3553001
17.7029 3553681
17.7061 3554361
17.7092 3555041
17.7124 3555721
17.7155 3556401
17.7187 3557081
17.7218 3557761
17.725 3558441
17.7281 3559121
17.7313 3559801
17.7344 3560481
17.7376 3561161
17.7407 3561841
17.7439 3562521
17.747 3563201
17.7502 3563881
17.7533 3564561
17.7565 3565241
17.7597 3565921
17.7628 3566601
17.766 3567281
17.7691 3567961
17.7723 3568641
17.7754 3569321
17.7786 3570001
17.7817 3570681
17.7849 3571361
17.788 3572041
17.7912 3572721
17.7943 3573401
17.7975 3574081
17.8006 3574761
17.8038 3575441
17.8069 3576121
17.8101 3576801
17.8132 3577481
17.8164 3578161
17.8195 3578841
17.8227 3579521
17.8258 3580201
17.829 3580881
17.8321 3581561
17.8353 3582241
17.8385 3582921
17.8416 3583601
17.8448 3584281
17.8479 3584961
17.8511 3585641
17.8542 3586321
17.8574 3587001
17.8605 3587681
17.8637 3588361
17.8668 3589041
17.87 3589721
17.8731 3590401
17.8763 3591081
17.8794 3591761
17.8826 3592441
17.8857 3593121
17.8889 3593801
17.892 3594481
17.8952 3595161
17.8983 3595841
17.9015 3596521
17.9046 3597201
17.9078 3597881
17.9109 3598561
17.9141 3599241
17.9173 3599921
17.9204 3600601
17.9236 3601281
17.9267 3601961
17.9299 3602641
17.933 3603321
17.9362 3604001
17.9393 3604681
17.9425 3605361
17.9456 3606041
17.9488 3606721
17.9519 3607401
17.9551 3608081
17.9582 3608761
17.9614 3609441
17.9645 3610121
17.9677 3610801
17.9708 3611481
17.974 3612161
17.9771 3612841
17.9803 3613521
17.9834 3614201
17.9866 3614881
17.9897 3615561
17.9929 3616241
17.9961 3616921
17.9992 3617601
18.0024 3618281
18.0055 3618961
18.0087 3619641
18.0118 3620321
18.015 3621001
18.0181 3621681
18.0213 3622361
18.0244 3623041
18.0276 3623721
18.0307 3624401
18.0339 3625081
18.037 3625761
18.0402 3626441
18.0433 3627121
18.0465 3627801
18.0496 3628481
18.0528 3629161
18.0559 3629841
18.0591 3630521
18.0622 3631201
18.0654 3631881
18.0685 3632561
18.0717 3633241
18.0749 3633921
18.078 3634601
18.0812 3635281
18.0843 3635961
18.0875 3636641
18.0906 3637321
18.0938 3638001
18.0969 3638681
18.1001 3639361
18.1032 3640041
18.1064 3640721
18.1095 3641401
18.1127 3642081
18.1158 3642761
18.119 3643441
18.1221 3644121
18.1253 3644801
18.1284 3645481
18.1316 3646161
18.1347 3646841
18.1379 3647521
18.141 3648201
18.1442 3648881
18.1473 3649561
18.1505 3650241
18.1537 3650921
18.1568 3651601
18.16 3652281
18.1631 3652961
18.1663 3653641
18.1694 3654321
18.1726 3655001
18.1757 3655681
18.1789 3656361
18.182 3657041
18.1852 3657721
18.1883 3658401
18.1915 3659081
18.1946 3659761
18.1978 3660441
18.2009 3661121
18.2041 3661801
18.2072 3662481
18.2104 3663161
18.2135 3663841
18.2167 3664521
18.2198 3665201
18.223 3665881
18.2261 3666561
18.2293 3667241
18.2325 3667921
18.2356 3668601
18.2388 3669281
18.2419 3669961
18.2451 3670641
18.2482 3671321
18.2514 3672001
18.2545 3672681
18.2577 3673361
18.2608 3674041
18.264 3674721
18.2671 3675401
18.2703 3676081
18.2734 3676761
18.2766 3677441
18.2797 3678121
18.2829 3678801
18.286 3679481
18.2892 3680161
18.2923 3680841
18.2955 3681521
18.2986 3682201
18.3018 3682881
18.3049 3683561
18.3081 3684241
18.3113 3684921
18.3144 3685601
18.3176 3686281
18.3207 3686961
18.3239 3687641
18.327 3688321
18.3302 3689001
18.3333 3689681
18.3365 3690361
18.3396 3691041
18.3428 3691721
18.3459 3692401
18.3491 3693081
18.3522 3693761
18.3554 3694441
18.3585 3695121
18.3617 3695801
18.3648 3696481
18.368 3697161
18.3711 3697841
18.3743 3698521
18.3774 3699201
18.3806 3699881
18.3837 3700561
18.3869 3701241
18.3901 3701921
18.3932 3702601
18.3964 3703281
18.3995 3703961
18.4027 3704641
18.4058 3705321
18.409 3706001
18.4121 3706681
18.4153 3707361
18.4184 3708041
18.4216 3708721
18.4247 3709401
18.4279 3710081
18.431 3710761
18.4342 3711441
18.4373 3712121
18.4405 3712801
18.4436 3713481
18.4468 3714161
18.4499 3714841
18.4531 3715521
18.4562 3716201
18.4594 3716881
18.4625 3717561
18.4657 3718241
18.4689 3718921
18.472 3719601
18.4752 3720281
18.4783 3720961
18.4815 3721641
18.4846 3722321
18.4878 3723001
18.4909 3723681
18.4941 3724361
18.4972 3725041
18.5004 3725721
18.5035 3726401
18.5067 3727081
18.5098 3727761
18.513 3728441
18.5161 3729121
18.5193 3729801
18.5224 3730481
18.5256 3731161
18.5287 3731841
18.5319 3732521
18.535 3733201
18.5382 3733881
18.5413 3734561
18.5445 3735241
18.5477 3735921
18.5508 3736601
18.554 3737281
18.5571 3737961
18.5603 3738641
18.5634 3739321
18.5666 3740001
18.5697 3740681
18.5729 3741361
18.576 3742041
18.5792 3742721
18.5823 3743401
18.5855 3744081
18.5886 3744761
18.5918 3745441
18.5949 3746121
18.5981 3746801
18.6012 3747481
18.6044 3748161
18.6075 3748841
18.6107 3749521
18.6138 3750201
18.617 3750881
18.6201 3751561
18.6233 3752241
18.6265 3752921
18.6296 3753601
18.6328 3754281
18.6359 3754961
18.6391 3755641
18.6422 3756321
18.6454 3757001
18.6485 3757681
18.6517 3758361
18.6548 3759041
18.658 3759721
18.6611 3760401
18.6643 3761081
18.6674 3761761
18.6706 3762441
18.6737 3763121
18.6769 3763801
18.68 3764481
18.6832 3765161
18.6863 3765841
18.6895 3766521
18.6926 3767201
18.6958 3767881
18.6989 3768561
18.7021 3769241
18.7053 3769921
18.7084 3770601
18.7116 3771281
18.7147 3771961
18.7179 3772641
18.721 3773321
18.7242 3774001
18.7273 3774681
18.7305 3775361
18.7336 3776041
18.7368 3776721
18.7399 3777401
18.7431 3778081
18.7462 3778761
18.7494 3779441
18.7525 3780121
18.7557 3780801
18.7588 3781481
18.762 3782161
18.7651 3782841
18.7683 3783521
18.7714 3784201
18.7746 3784881
18.7777 3785561
18.7809 3786241
18.7841 3786921
18.7872 3787601
18.7904 3788281
18.7935 3788961
18.7967 3789641
18.7998 3790321
18.803 3791001
18.8061 3791681
18.8093 3792361
18.8124 3793041
18.8156 3793721
18.8187 3794401
18.8219 3795081
18.825 3795761
18.8282 3796441
18.8313 3797121
18.8345 3797801
18.8376 3798481
18.8408 3799161
18.8439 3799841
18.8471 3800521
18.8502 3801201
18.8534 3801881
18.8565 3802561
18.8597 3803241
18.8629 3803921
18.866 3804601
18.8692 3805281
18.8723 3805961
18.8755 3806641
18.8786 3807321
18.8818 3808001
18.8849 3808681
18.8881 3809361
18.8912 3810041
18.8944 3810721
18.8975 3811401
18.9007 3812081
18.9038 3812761
18.907 3813441
18.9101 3814121
18.9133 3814801
18.9164 3815481
18.9196 3816161
18.9227 3816841
18.9259 3817521
18.929 3818201
18.9322 3818881
18.9353 3819561
18.9385 3820241
18.9417 3820921
18.9448 3821601
18.948 3822281
18.9511 3822961
18.9543 3823641
18.9574 3824321
18.9606 3825001
18.9637 3825681
18.9669 3826361
18.97 3827041
18.9732 3827721
18.9763 3828401
18.9795 3829081
18.9826 3829761
18.9858 3830441
18.9889 3831121
18.9921 3831801
18.9952 3832481
18.9984 3833161
19.0015 3833841
19.0047 3834521
19.0078 3835201
19.011 3835881
19.0141 3836561
19.0173 3837241
19.0205 3837921
19.0236 3838601
19.0268 3839281
19.0299 3839961
19.0331 3840641
19.0362 3841321
19.0394 3842001
19.0425 3842681
19.0457 3843361
19.0488 3844041
19.052 3844721
19.0551 3845401
19.0583 3846081
19.0614 3846761
19.0646 3847441
19.0677 3848121
19.0709 3848801
19.074 3849481
19.0772 3850161
19.0803 3850841
19.0835 3851521
19.0866 3852201
19.0898 3852881
19.0929 3853561
19.0961 3854241
19.0993 3854921
19.1024 3855601
19.1056 3856281
19.1087 3856961
19.1119 3857641
19.115 3858321
19.1182 3859001
19.1213 3859681
19.1245 3860361
19.1276 3861041
19.1308 3861721
19.1339 3862401
19.1371 3863081
19.1402 3863761
19.1434 3864441
19.1465 3865121
19.1497 3865801
19.1528 3866481
19.156 3867161
19.1591 3867841
19.1623 3868521
19.1654 3869201
19.1686 3869881
19.1717 3870561
19.1749 3871241
19.1781 3871921
19.1812 3872601
19.1844 3873281
19.1875 3873961
19.1907 3874641
19.1938 3875321
19.197 3876001
19.2001 3876681
19.2033 3877361
19.2064 3878041
19.2096 3878721
19.2127 3879401
19.2159 3880081
19.219 3880761
19.2222 3881441
19.2253 3882121
19.2285 3882801
19.2316 3883481
19.2348 3884161
19.2379 3884841
19.2411 3885521
19.2442 3886201
19.2474 3886881
19.2505 3887561
19.2537 3888241
19.2569 3888921
19.26 3889601
19.2632 3890281
19.2663 3890961
19.2695 3891641
19.2726 3892321
19.2758 3893001
19.2789 3893681
19.2821 3894361
19.2852 3895041
19.2884 3895721
19.2915 3896401
19.2947 3897081
19.2978 3897761
19.301 3898441
19.3041 3899121
19.3073 3899801
19.3104 3900481
19.3136 3901161
19.3167 3901841
19.3199 3902521
19.323 3903201
19.3262 3903881
19.3293 3904561
19.3325 3905241
19.3357 3905921
19.3388 3906601
19.342 3907281
19.3451 3907961
19.3483 3908641
19.3514 3909321
19.3546 3910001
19.3577 3910681
19.3609 3911361
19.364 3912041
19.3672 3912721
19.3703 3913401
19.3735 3914081
19.3766 3914761
19.3798 3915441
19.3829 3916121
19.3861 3916801
19.3892 3917481
19.3924 3918161
19.3955 3918841
19.3987 3919521
19.4018 3920201
19.405 3920881
19.4081 3921561
19.4113 3922241
19.4145 3922921
19.4176 3923601
19.4208 3924281
19.4239 3924961
19.4271 3925641
19.4302 3926321
19.4334 3927001
19.4365 3927681
19.4397 3928361
19.4428 3929041
19.446 3929721
19.4491 3930401
19.4523 3931081
19.4554 3931761
19.4586 3932441
19.4617 3933121
19.4649 3933801
19.468 3934481
19.4712 3935161
19.4743 3935841
19.4775 3936521
19.4806 3937201
19.4838 3937881
19.4869 3938561
19.4901 3939241
19.4933 3939921
19.4964 3940601
19.4996 3941281
19.5027 3941961
19.5059 3942641
19.509 3943321
19.5122 3944001
19.5153 3944681
19.5185 3945361
19.5216 3946041
19.5248 3946721
19.5279 3947401
19.5311 3948081
19.5342 3948761
19.5374 3949441
19.5405 3950121
19.5437 3950801
19.5468 3951481
19.55 3952161
19.5531 3952841
19.5563 3953521
19.5594 3954201
19.5626 3954881
19.5657 3955561
19.5689 3956241
19.5721 3956921
19.5752 3957601
19.5784 3958281
19.5815 3958961
19.5847 3959641
19.5878 3960321
19.591 3961001
19.5941 3961681
19.5973 3962361
19.6004 3963041
19.6036 3963721
19.6067 3964401
19.6099 3965081
19.613 3965761
19.6162 3966441
19.6193 3967121
19.6225 3967801
19.6256 3968481
19.6288 3969161
19.6319 3969841
19.6351 3970521
19.6382 3971201
19.6414 3971881
19.6445 3972561
19.6477 3973241
19.6509 3973921
19.654 3974601
19.6572 3975281
19.6603 3975961
19.6635 3976641
19.6666 3977321
19.6698 3978001
19.6729 3978681
19.6761 3979361
19.6792 3980041
19.6824 3980721
19.6855 3981401
19.6887 3982081
19.6918 3982761
19.695 3983441
19.6981 3984121
19.7013 3984801
19.7044 3985481
19.7076 3986161
19.7107 3986841
19.7139 3987521
19.717 3988201
19.7202 3988881
19.7233 3989561
19.7265 3990241
19.7297 3990921
19.7328 3991601
19.736 3992281
19.7391 3992961
19.7423 3993641
19.7454 3994321
19.7486 3995001
19.7517 3995681
19.7549 3996361
19.758 3997041
19.7612 3997721
19.7643 3998401
19.7675 3999081
19.7706 3999761
19.7738 4000441
19.7769 4001121
19.7801 4001801
19.7832 4002481
19.7864 4003161
19.7895 4003841
19.7927 4004521
19.7958 4005201
19.799 4005881
19.8021 4006561
19.8053 4007241
19.8085 4007921
19.8116 4008601
19.8148 4009281
19.8179 4009961
19.8211 4010641
19.8242 4011321
19.8274 4012001
19.8305 4012681
19.8337 4013361
19.8368 4014041
19.84 4014721
19.8431 4015401
19.8463 4016081
19.8494 4016761
19.8526 4017441
19.8557 4018121
19.8589 4018801
19.862 4019481
19.8652 4020161
19.8683 4020841
19.8715 4021521
19.8746 4022201
19.8778 4022881
19.8809 4023561
19.8841 4024241
19.8873 4024921
19.8904 4025601
19.8936 4026281
19.8967 4026961
19.8999 4027641
19.903 4028321
19.9062 4029001
19.9093 4029681
19.9125 4030361
19.9156 4031041
19.9188 4031721
19.9219 4032401
19.9251 4033081
19.9282 4033761
19.9314 4034441
19.9345 4035121
19.9377 4035801
19.9408 4036481
19.944 4037161
19.9471 4037841
19.9503 4038521
19.9534 4039201
19.9566 4039881
19.9597 4040561
19.9629 4041241
19.9661 4041921
19.9692 4042601
19.9724 4043281
19.9755 4043961
19.9787 4044641
19.9818 4045321
19.985 4046001
19.9881 4046681
19.9913 4047361
19.9944 4048041
19.9976 4048721
20.0007 4049401
20.0039 4050081
20.007 4050761
20.0102 4051441
20.0133 4052121
20.0165 4052801
20.0196 4053481
20.0228 4054161
20.0259 4054841
20.0291 4055521
20.0322 4056201
20.0354 4056881
20.0385 4057561
20.0417 4058241
20.0449 4058921
20.048 4059601
20.0512 4060281
20.0543 4060961
20.0575 4061641
20.0606 4062321
20.0638 4063001
20.0669 4063681
20.0701 4064361
20.0732 4065041
20.0764 4065721
20.0795 4066401
20.0827 4067081
20.0858 4067761
20.089 4068441
20.0921 4069121
20.0953 4069801
20.0984 4070481
