0.0905768 1
0.18279 341
0.276537 1021
0.370283 1701
0.462454 2381
0.465606 3061
0.5562 3741
0.559352 4421
0.562504 5101
0.649946 5781
0.653098 6461
0.65625 7141
0.659402 7821
0.742117 8501
0.745269 9181
0.748421 9861
0.751573 10541
0.754725 11221
0.757877 11901
0.834287 12581
0.837439 13261
0.840591 13941
0.843743 14621
0.846895 15301
0.850047 15981
0.853199 16661
0.856351 17341
0.859503 18021
0.926458 18701
0.92961 19381
0.932762 20061
0.935914 20741
0.939066 21421
0.942218 22101
0.94537 22781
0.948522 23461
0.951674 24141
0.954826 24821
0.957978 25501
0.96113 26181
0.964282 26861
0.967434 27541
1.0202 28221
1.02336 28901
1.02651 29581
1.02966 30261
1.03281 30941
1.03596 31621
1.03912 32301
1.04227 32981
1.04542 33661
1.04857 34341
1.05172 35021
1.05488 35701
1.05803 36381
1.06118 37061
1.06433 37741
1.06748 38421
1.07064 39101
1.07379 39781
1.07694 40461
1.08009 41141
1.08324 41821
1.11395 42501
1.1171 43181
1.12025 43861
1.12341 44541
1.12656 45221
1.12971 45901
1.13286 46581
1.13601 47261
1.13917 47941
1.14232 48621
1.14547 49301
1.14862 49981
1.15177 50661
1.15493 51341
1.15808 52021
1.16123 52701
1.16438 53381
1.16753 54061
1.17069 54741
1.17384 55421
1.17699 56101
1.18014 56781
1.18329 57461
1.18645 58141
1.1896 58821
1.19275 59501
1.1959 60181
1.19905 60861
1.20221 61541
1.20536 62221
1.20851 62901
1.21166 63581
1.21481 64261
1.21797 64941
1.22112 65621
1.22427 66301
1.22742 66981
1.23057 67661
1.23373 68341
1.23688 69021
1.24003 69701
1.24318 70381
1.24633 71061
1.24949 71741
1.25264 72421
1.25579 73101
1.25894 73781
1.26209 74461
1.26525 75141
1.2684 75821
1.27155 76501
1.2747 77181
1.27785 77861
1.28101 78541
1.28416 79221
1.28731 79901
1.29046 80581
1.29361 81261
1.29677 81941
1.29992 82621
1.30307 83301
1.30622 83981
1.30937 84661
1.31253 85341
1.31568 86021
1.31883 86701
1.32198 87381
1.32513 88061
1.32829 88741
1.33144 89421
1.33459 90101
1.33774 90781
1.34089 91461
1.34405 92141
1.3472 92821
1.35035 93501
1.3535 94181
1.35665 94861
1.35981 95541
1.36296 96221
1.36611 96901
1.36926 97581
1.37241 98261
1.37557 98941
1.37872 99621
1.38187 100301
1.38502 100981
1.38817 101661
1.39133 102341
1.39448 103021
1.39763 103701
1.40078 104381
1.40393 105061
1.40709 105741
1.41024 106421
1.41339 107101
1.41654 107781
1.41969 108461
1.42285 109141
1.426 109821
1.42915 110501
1.4323 111181
1.43545 111861
1.43861 112541
1.44176 113221
1.44491 113901
1.44806 114581
1.45121 115261
1.45437 115941
1.45752 116621
1.46067 117301
1.46382 117981
1.46697 118661
1.47013 119341
1.47328 120021
1.47643 120701
1.47958 121381
1.48273 122061
1.48589 122741
1.48904 123421
1.49219 124101
1.49534 124781
1.49849 125461
1.50165 126141
1.5048 126821
1.50795 127501
1.5111 128181
1.51425 128861
1.51741 129541
1.52056 130221
1.52371 130901
1.52686 131581
1.53001 132261
1.53317 132941
1.53632 133621
1.53947 134301
1.54262 134981
1.54577 135661
1.54893 136341
1.55208 137021
1.55523 137701
1.55838 138381
1.56153 139061
1.56469 139741
1.56784 140421
1.57099 141101
1.57414 141781
1.57729 142461
1.58045 143141
1.5836 143821
1.58675 144501
1.5899 145181
1.59305 145861
1.59621 146541
1.59936 147221
1.60251 147901
1.60566 148581
1.60881 149261
1.61197 149941
1.61512 150621
1.61827 151301
1.62142 151981
1.62457 152661
1.62773 153341
1.63088 154021
1.63403 154701
1.63718 155381
1.64033 156061
1.64349 156741
1.64664 157421
1.64979 158101
1.65294 158781
1.65609 159461
1.65925 160141
1.6624 160821
1.66555 161501
1.6687 162181
1.67185 162861
1.67501 163541
1.67816 164221
1.68131 164901
1.68446 165581
1.68761 166261
1.69077 166941
1.69392 167621
1.69707 168301
1.70022 168981
1.70337 169661
1.70653 170341
1.70968 171021
1.71283 171701
1.71598 172381
1.71913 173061
1.72229 173741
1.72544 174421
1.72859 175101
1.73174 175781
1.73489 176461
1.73805 177141
1.7412 177821
1.74435 178501
1.7475 179181
1.75065 179861
1.75381 180541
1.75696 181221
1.76011 181901
1.76326 182581
1.76641 183261
1.76957 183941
1.77272 184621
1.77587 185301
1.77902 185981
1.78217 186661
1.78533 187341
1.78848 188021
1.79163 188701
1.79478 189381
1.79793 190061
1.80109 190741
1.80424 191421
1.80739 192101
1.81054 192781
1.81369 193461
1.81685 194141
1.82 194821
1.82315 195501
1.8263 196181
1.82945 196861
1.83261 197541
1.83576 198221
1.83891 198901
1.84206 199581
1.84521 200261
1.84837 200941
1.85152 201621
1.85467 202301
1.85782 202981
1.86097 203661
1.86413 204341
1.86728 205021
1.87043 205701
1.87358 206381
1.87673 207061
1.87989 207741
1.88304 208421
1.88619 209101
1.88934 209781
1.89249 210461
1.89565 211141
1.8988 211821
1.90195 212501
1.9051 213181
1.90825 213861
1.91141 214541
1.91456 215221
1.91771 215901
1.92086 216581
1.92401 217261
1.92717 217941
2.26927 218961
2.27085 219981
2.27242 221001
2.274 222021
2.27558 223041
2.27715 224061
2.27873 225081
2.2803 226101
2.28188 227121
2.28346 228141
2.28503 229161
2.28661 230181
2.28818 231201
2.28976 232221
2.29134 233241
2.29291 234261
2.29449 235281
2.29606 236301
2.29764 237321
2.29922 238341
2.30079 239361
2.30237 240381
2.30394 241401
2.30552 242421
2.3071 243441
2.30867 244461
2.31025 245481
2.31182 246501
2.3134 247521
2.31498 248541
2.31655 249561
2.31813 250581
2.3197 251601
2.32128 252621
2.32286 253641
2.32443 254661
2.32601 255681
2.32758 256701
2.32916 257721
2.33074 258741
2.33231 259761
2.33389 260781
2.33546 261801
2.33704 262821
2.33862 263841
2.34019 264861
2.34177 265881
2.34334 266901
2.34492 267921
2.3465 268941
2.34807 269961
2.34965 270981
2.35122 272001
2.3528 273021
2.35438 274041
2.35595 275061
2.35753 276081
2.3591 277101
2.36068 278121
2.36226 279141
2.36383 280161
2.36541 281181
2.36698 282201
2.36856 283221
2.37014 284241
2.37171 285261
2.37329 286281
2.37486 287301
2.37644 288321
2.37802 289341
2.37959 290361
2.38117 291381
2.38274 292401
2.38432 293421
2.3859 294441
2.38747 295461
2.38905 296481
2.39062 297501
2.3922 298521
2.39378 299541
2.39535 300561
2.39693 301581
2.40166 302601
2.40638 303621
2.41111 304641
2.41584 305661
2.42057 306681
2.4253 307701
2.43002 308721
2.43475 309741
2.43948 310761
2.44421 311781
2.44894 312801
2.45366 313821
2.45839 314841
2.46312 315861
2.46785 316881
2.47258 317901
2.4773 318921
2.48203 319941
2.48676 320961
2.49149 321981
2.49622 323001
2.50094 324021
2.50567 325041
2.51036 326061
2.51505 327081
2.73565 364481
2.94695 364821
2.94853 365161
2.9501 365501
2.95168 365841
2.95326 366181
2.95483 366521
2.95641 366861
2.95798 367201
2.95956 367541
2.96114 367881
2.96271 368221
2.96429 368561
2.96586 368901
2.96744 369241
2.96902 369581
2.97059 369921
2.97217 370261
2.97374 370601
2.97532 370941
2.9769 371281
2.97847 371621
2.98005 371961
2.98162 372301
2.9832 372641
2.98478 372981
2.98635 373321
2.98793 373661
2.9895 374341
2.99108 375361
2.99266 376381
2.99423 377401
2.99581 378421
2.99738 379441
2.99896 380461
3.00054 381481
3.00211 382501
3.00369 383521
3.00526 384541
3.00684 385561
3.00842 386581
3.00999 387601
3.01157 388621
3.01314 389641
3.01472 390661
3.0163 391681
3.01787 392701
3.01945 393721
3.02102 394741
3.0226 395761
3.02418 396781
3.02571 397801
3.02725 398821
3.02879 419221
3.03194 419901
3.03509 420581
3.03825 421261
3.0414 421941
3.04455 422621
3.0477 423301
3.05085 423981
3.05401 424661
3.05716 425341
3.06031 426021
3.06346 426701
3.06661 427381
3.06977 428061
3.07449 428401
3.07765 428741
3.0808 429081
3.08395 429421
3.0871 429761
3.09025 430101
3.09341 430441
3.09656 430781
3.09971 431121
3.10286 431461
3.10601 431801
3.10917 432141
3.11232 432481
3.11547 432821
3.11862 433161
3.12177 433501
3.12493 433841
3.12808 434181
3.13123 434521
3.13438 434861
3.13753 435201
3.14069 435541
3.14384 435881
3.14699 436221
3.15014 436561
3.15329 436901
3.15645 437241
3.1596 437581
3.16275 437921
3.1659 438261
3.16905 438601
3.17221 438941
3.17536 439281
3.17851 439621
3.18166 439961
3.18481 440301
3.18797 440641
3.19112 440981
3.19427 441321
3.19742 441661
3.20057 442001
3.20373 442341
3.20688 442681
3.21003 443021
3.21318 443361
3.21633 443701
3.21949 444041
3.22264 444381
3.22579 444721
3.22894 445061
3.23209 445401
3.23525 446081
3.2384 446761
3.24155 447441
3.2447 448121
3.24785 448801
3.25101 449481
3.25416 450161
3.25731 450841
3.26046 451521
3.26361 452201
3.26677 452881
3.26992 453561
3.27307 454241
3.27622 454921
3.27937 455601
3.28252 456281
3.28568 456961
3.28883 457641
3.29198 458321
3.29513 459001
3.29828 459681
3.30144 460361
3.30459 461041
3.30774 461721
3.31089 462401
3.31404 463081
3.3172 463761
3.32035 464441
3.3235 465121
3.32665 465801
3.3298 466481
3.33296 467161
3.33611 467841
3.33926 468521
3.34241 469201
3.34556 469881
3.34872 470561
3.35187 471241
3.35502 471921
3.35817 472601
3.36132 473281
3.36448 473961
3.36763 474641
3.37078 475321
3.37393 476001
3.37708 476681
3.38024 477361
3.38339 478041
3.38654 478721
3.38969 479401
3.39284 480081
3.396 480761
3.39915 481441
3.4023 482121
3.40545 482801
3.4086 483481
3.41176 484161
3.41491 484841
3.41806 485521
3.42121 486201
3.42436 486881
3.42752 487561
3.43067 488241
3.43382 488921
3.43697 489601
3.44012 490281
3.44328 490961
3.44643 491641
3.44958 492321
3.45273 493001
3.45588 493681
3.45904 494361
3.46219 495041
3.46534 495721
3.46849 496401
3.47164 497081
3.4748 497761
3.47795 498441
3.4811 499121
3.48425 499801
3.4874 500481
3.49056 501161
3.49371 501841
3.49686 502521
3.50001 503201
3.50316 503881
3.50632 504561
3.50947 505241
3.51262 505921
3.51577 506601
3.51892 507281
3.52208 507961
3.52523 508641
3.52838 509321
3.53153 510001
3.53468 510681
3.53784 511361
3.54099 512041
3.54414 512721
3.54729 513401
3.55044 514081
3.5536 514761
3.55675 515441
3.5599 516121
3.56305 516801
3.5662 517481
3.56936 518161
3.57251 518841
3.57566 519521
3.57881 520201
3.58196 520881
3.58512 521561
3.58827 522241
3.59142 522921
3.59457 523601
3.59772 524281
3.60088 524961
3.60403 525641
3.60718 526321
3.61033 527001
3.61348 527681
3.61664 528361
3.61979 529041
3.62294 529721
3.62609 530401
3.62924 531081
3.6324 531761
3.63555 532441
3.6387 533121
3.64185 533801
3.645 534481
3.64816 535161
3.65131 535841
3.65446 536521
3.65761 537201
3.66076 537881
3.66392 538561
3.66707 539241
3.67022 539921
3.67337 540601
3.67652 541281
3.67968 541961
3.68283 542641
3.68598 543321
3.68913 544001
3.69228 544681
3.69544 545361
3.69859 546041
3.70174 546721
3.70489 547401
3.70804 548081
3.7112 548761
3.71435 549441
3.7175 550121
3.72065 550801
3.7238 551481
3.72696 552161
3.73011 552841
3.73326 553521
3.73641 554201
3.73956 554881
3.74272 555561
3.74587 556241
3.74902 556921
3.75217 557601
3.75532 558281
3.75848 558961
3.76163 559641
3.76478 560321
3.76793 561001
3.77108 561681
3.77424 562361
3.77739 563041
3.78054 563721
3.78369 564401
3.78684 565081
3.79 565761
3.79315 566441
3.7963 567121
3.79945 567801
3.8026 568481
3.80576 569161
3.80891 569841
3.81206 570521
3.81521 571201
3.81836 571881
3.82152 572561
3.82467 573241
3.82782 573921
3.83097 574601
3.83412 575281
3.83728 575961
3.84043 576641
3.84358 577321
3.84673 578001
3.84988 578681
3.85304 579361
3.85619 580041
3.85934 580721
3.86249 581401
3.86564 582081
3.8688 582761
3.87195 583441
3.8751 584121
3.87825 584801
3.8814 585481
3.88456 586161
3.88771 586841
3.89086 587521
3.89401 588201
3.89716 588881
3.90032 589561
3.90347 590241
3.90662 590921
3.90977 591601
3.91292 592281
3.91608 592961
3.91923 593641
3.92238 594321
3.92553 595001
3.92868 595681
3.93184 596361
3.93499 597041
3.93814 597721
3.94129 598401
3.94444 599081
3.9476 599761
3.95075 600441
3.9539 601121
3.95705 601801
3.9602 602481
3.96336 603161
3.96651 603841
3.96966 604521
3.97281 605201
3.97596 605881
3.97912 606561
3.98227 607241
3.98542 607921
3.98857 608601
3.99172 609281
3.99488 609961
3.99803 610641
4.00118 611321
4.00433 612001
4.00748 612681
4.01064 613361
4.01379 614041
4.01694 614721
4.02009 615401
4.02324 616081
4.0264 616761
4.02955 617441
4.0327 618121
4.03585 618801
4.039 619481
4.04216 620161
4.04531 620841
4.04846 621521
4.05161 622201
4.05476 622881
4.05792 623561
4.06107 624241
4.06422 624921
4.06737 625601
4.07052 626281
4.07368 626961
4.07683 627641
4.07998 628321
4.08313 629001
4.08628 629681
4.08944 630361
4.09259 631041
4.09574 631721
4.09889 632401
4.10204 633081
4.1052 633761
4.10835 634441
4.1115 635121
4.11465 635801
4.1178 636481
4.12096 637161
4.12411 637841
4.12726 638521
4.13041 639201
4.13356 639881
4.13672 640561
4.13987 641241
4.14302 641921
4.14617 642601
4.14932 643281
4.15248 643961
4.15563 644641
4.15878 645321
4.16193 646001
4.16508 646681
4.16824 647361
4.17139 648041
4.17454 648721
4.17769 649401
4.18084 650081
4.184 650761
4.18715 651441
4.1903 652121
4.19345 652801
4.1966 653481
4.19976 654161
4.20291 654841
4.20606 655521
4.20921 656201
4.21236 656881
4.21552 657561
4.21867 658241
4.22182 658921
4.22497 659601
4.22812 660281
4.23128 660961
4.23443 661641
4.23758 662321
4.24073 663001
4.24388 663681
4.24704 664361
4.25019 665041
4.25334 665721
4.25649 666401
4.25964 667081
4.2628 667761
4.26595 668441
4.2691 669121
4.27225 669801
4.2754 670481
4.27856 671161
4.28171 671841
4.28486 672521
4.28801 673201
4.29116 673881
4.29432 674561
4.29747 675241
4.30062 675921
4.30377 676601
4.30692 677281
4.31008 677961
4.31323 678641
4.31638 679321
4.31953 680001
4.32268 680681
4.32584 681361
4.32899 682041
4.33214 682721
4.33529 683401
4.33844 684081
4.3416 684761
4.34475 685441
4.3479 686121
4.35105 686801
4.3542 687481
4.35736 688161
4.36051 688841
4.36366 689521
4.36681 690201
4.36996 690881
4.37312 691561
4.37627 692241
4.37942 692921
4.38257 693601
4.38572 694281
4.38888 694961
4.39203 695641
4.39518 696321
4.39833 697001
4.40148 697681
4.40464 698361
4.40779 699041
4.41094 699721
4.41409 700401
4.41724 701081
4.4204 701761
4.42355 702441
4.4267 703121
4.42985 703801
4.433 704481
4.43616 705161
4.43931 705841
4.44246 706521
4.44561 707201
4.44876 707881
4.45192 708561
4.45507 709241
4.45822 709921
4.46137 710601
4.46452 711281
4.46768 711961
4.47083 712641
4.47398 713321
4.47713 714001
4.48028 714681
4.48344 715361
4.48659 716041
4.48974 716721
4.49289 717401
4.49604 718081
4.4992 718761
4.50235 719441
4.5055 720121
4.50865 720801
4.5118 721481
4.51496 722161
4.51811 722841
4.52126 723521
4.52441 724201
4.52756 724881
4.53072 725561
4.53387 726241
4.53702 726921
4.54017 727601
4.54332 728281
4.54648 728961
4.54963 729641
4.55278 730321
4.55593 731001
4.55908 731681
4.56224 732361
4.56539 733041
4.56854 733721
4.57169 734401
4.57484 735081
4.578 735761
4.58115 736441
4.5843 737121
4.58745 737801
4.5906 738481
4.59376 739161
4.59691 739841
4.60006 740521
4.60321 741201
4.60636 741881
4.60952 742561
4.61267 743241
4.61582 743921
4.61897 744601
4.62212 745281
4.62528 745961
4.62843 746641
4.63158 747321
4.63473 748001
4.63788 748681
4.64104 749361
4.64419 750041
4.64734 750721
4.65049 751401
4.65364 752081
4.6568 752761
4.65995 753441
4.6631 754121
4.66625 754801
4.6694 755481
4.67256 756161
4.67571 756841
4.67886 757521
4.68201 758201
4.68516 758881
4.68832 759561
4.69147 760241
4.69462 760921
4.69777 761601
4.70092 762281
4.70408 762961
4.70723 763641
4.71038 764321
4.71353 765001
4.71668 765681
4.71984 766361
4.72299 767041
4.72614 767721
4.72929 768401
4.73244 769081
4.7356 769761
4.73875 770441
4.7419 771121
4.74505 771801
4.7482 772481
4.75136 773161
4.75451 773841
4.75766 774521
4.76081 775201
4.76396 775881
4.76712 776561
4.77027 777241
4.77342 777921
4.77657 778601
4.77972 779281
4.78288 779961
4.78603 780641
4.78918 781321
4.79233 782001
4.79548 782681
4.79864 783361
4.80179 784041
4.80494 784721
4.80809 785401
4.81124 786081
4.8144 786761
4.81755 787441
4.8207 788121
4.82385 788801
4.827 789481
4.83016 790161
4.83331 790841
4.83646 791521
4.83961 792201
4.84276 792881
4.84592 793561
4.84907 794241
4.85222 794921
4.85537 795601
4.85852 796281
4.86168 796961
4.86483 797641
4.86798 798321
4.87113 799001
4.87428 799681
4.87744 800361
4.88059 801041
4.88374 801721
4.88689 802401
4.89004 803081
4.8932 803761
4.89635 804441
4.8995 805121
4.90265 805801
4.9058 806481
4.90896 807161
4.91211 807841
4.91526 808521
4.91841 809201
4.92156 809881
4.92472 810561
4.92787 811241
4.93102 811921
4.93417 812601
4.93732 813281
4.94048 813961
4.94363 814641
4.94678 815321
4.94993 816001
4.95308 816681
4.95624 817361
4.95939 818041
4.96254 818721
4.96569 819401
4.96884 820081
4.972 820761
4.97515 821441
4.9783 822121
4.98145 822801
4.9846 823481
4.98776 824161
4.99091 824841
4.99406 825521
4.99721 826201
5.00036 826881
5.00352 827561
5.00667 828241
5.00982 828921
5.01297 829601
5.01612 830281
5.01928 830961
5.02243 831641
5.02558 832321
5.02873 833001
5.03188 833681
5.03504 834361
5.03819 835041
5.04134 835721
5.04449 836401
5.04764 837081
5.0508 837761
5.05395 838441
5.0571 839121
5.06025 839801
5.0634 840481
5.06656 841161
5.06971 841841
5.07286 842521
5.07601 843201
5.07916 843881
5.08232 844561
5.08547 845241
5.08862 845921
5.09177 846601
5.09492 847281
5.09808 847961
5.10123 848641
5.10438 849321
5.10753 850001
5.11068 850681
5.11384 851361
5.11699 852041
5.12014 852721
5.12329 853401
5.12644 854081
5.1296 854761
5.13275 855441
5.1359 856121
5.13905 856801
5.1422 857481
5.14536 858161
5.14851 858841
5.15166 859521
5.15481 860201
5.15796 860881
5.16112 861561
5.16427 862241
5.16742 862921
5.17057 863601
5.17372 864281
5.17688 864961
5.18003 865641
5.18318 866321
5.18633 867001
5.18948 867681
5.19264 868361
5.19579 869041
5.19894 869721
5.20209 870401
5.20524 871081
5.2084 871761
5.21155 872441
5.2147 873121
5.21785 873801
5.221 874481
5.22416 875161
5.22731 875841
5.23046 876521
5.23361 877201
5.23676 877881
5.23992 878561
5.24307 879241
5.24622 879921
5.24937 880601
5.25252 881281
5.25568 881961
5.25883 882641
5.26198 883321
5.26513 884001
5.26828 884681
5.27144 885361
5.27459 886041
5.27774 886721
5.28089 887401
5.28404 888081
5.2872 888761
5.29035 889441
5.2935 890121
5.29665 890801
5.2998 891481
5.30296 892161
5.30611 892841
5.30926 893521
5.31241 894201
5.31556 894881
5.31872 895561
5.32187 896241
5.32502 896921
5.32817 897601
5.33132 898281
5.33448 898961
5.33763 899641
5.34078 900321
5.34393 901001
5.34708 901681
5.35024 902361
5.35339 903041
5.35654 903721
5.35969 904401
5.36284 905081
5.366 905761
5.36915 906441
5.3723 907121
5.37545 907801
5.3786 908481
5.38176 909161
5.38491 909841
5.38806 910521
5.39121 911201
5.39436 911881
5.39752 912561
5.40067 913241
5.40382 913921
5.40697 914601
5.41012 915281
5.41328 915961
5.41643 916641
5.41958 917321
5.42273 918001
5.42588 918681
5.42904 919361
5.43219 920041
5.43534 920721
5.43849 921401
5.44164 922081
5.4448 922761
5.44795 923441
5.4511 924121
5.45425 924801
5.4574 925481
5.46056 926161
5.46371 926841
5.46686 927521
5.47001 928201
5.47316 928881
5.47632 929561
5.47947 930241
5.48262 930921
5.48577 931601
5.48892 932281
5.49208 932961
5.49523 933641
5.49838 934321
5.50153 935001
5.50468 935681
5.50784 936361
5.51099 937041
5.51414 937721
5.51729 938401
5.52044 939081
5.5236 939761
5.52675 940441
5.5299 941121
5.53305 941801
5.5362 942481
5.53936 943161
5.54251 943841
5.54566 944521
5.54881 945201
5.55196 945881
5.55512 946561
5.55827 947241
5.56142 947921
5.56457 948601
5.56772 949281
5.57088 949961
5.57403 950641
5.57718 951321
5.58033 952001
5.58348 952681
5.58664 953361
5.58979 954041
5.59294 954721
5.59609 955401
5.59924 956081
5.6024 956761
5.60555 957441
5.6087 958121
5.61185 958801
5.615 959481
5.61816 960161
5.62131 960841
5.62446 961521
5.62761 962201
5.63076 962881
5.63392 963561
5.63707 964241
5.64022 964921
5.64337 965601
5.64652 966281
5.64968 966961
5.65283 967641
5.65598 968321
5.65913 969001
5.66228 969681
5.66544 970361
5.66859 971041
5.67174 971721
5.67489 972401
5.67804 973081
5.6812 973761
5.68435 974441
5.6875 975121
5.69065 975801
5.6938 976481
5.69696 977161
5.70011 977841
5.70326 978521
5.70641 979201
5.70956 979881
5.71272 980561
5.71587 981241
5.71902 981921
5.72217 982601
5.72532 983281
5.72848 983961
5.73163 984641
5.73478 985321
5.73793 986001
5.74108 986681
5.74424 987361
5.74739 988041
5.75054 988721
5.75369 989401
5.75684 990081
5.76 990761
5.76315 991441
5.7663 992121
5.76945 992801
5.7726 993481
5.77576 994161
5.77891 994841
5.78206 995521
5.78521 996201
5.78836 996881
5.79152 997561
5.79467 998241
5.79782 998921
5.80097 999601
5.80412 1000281
5.80728 1000961
5.81043 1001641
5.81358 1002321
5.81673 1003001
5.81988 1003681
5.82304 1004361
5.82619 1005041
5.82934 1005721
5.83249 1006401
5.83564 1007081
5.8388 1007761
5.84195 1008441
5.8451 1009121
5.84825 1009801
5.8514 1010481
5.85456 1011161
5.85771 1011841
5.86086 1012521
5.86401 1013201
5.86716 1013881
5.87032 1014561
5.87347 1015241
5.87662 1015921
5.87977 1016601
5.88292 1017281
5.88608 1017961
5.88923 1018641
5.89238 1019321
5.89553 1020001
5.89868 1020681
5.90184 1021361
5.90499 1022041
5.90814 1022721
5.91129 1023401
5.91444 1024081
5.9176 1024761
5.92075 1025441
5.9239 1026121
5.92705 1026801
5.9302 1027481
5.93336 1028161
5.93651 1028841
5.93966 1029521
5.94281 1030201
5.94596 1030881
5.94912 1031561
5.95227 1032241
5.95542 1032921
5.95857 1033601
5.96172 1034281
5.96488 1034961
5.96803 1035641
5.97118 1036321
5.97433 1037001
5.97748 1037681
5.98064 1038361
5.98379 1039041
5.98694 1039721
5.99009 1040401
5.99324 1041081
5.9964 1041761
5.99955 1042441
6.0027 1043121
6.00585 1043801
6.009 1044481
6.01216 1045161
6.01531 1045841
6.01846 1046521
6.02161 1047201
6.02476 1047881
6.02792 1048561
6.03107 1049241
6.03422 1049921
6.03737 1050601
6.04052 1051281
6.04368 1051961
6.04683 1052641
6.04998 1053321
6.05313 1054001
6.05628 1054681
6.05944 1055361
6.06259 1056041
6.06574 1056721
6.06889 1057401
6.07204 1058081
6.0752 1058761
6.07835 1059441
6.0815 1060121
6.08465 1060801
6.0878 1061481
6.09096 1062161
6.09411 1062841
6.09726 1063521
6.10041 1064201
6.10356 1064881
6.10672 1065561
6.10987 1066241
6.11302 1066921
6.11617 1067601
6.11932 1068281
6.12248 1068961
6.12563 1069641
6.12878 1070321
6.13193 1071001
6.13508 1071681
6.13824 1072361
6.14139 1073041
6.14454 1073721
6.14769 1074401
6.15084 1075081
6.154 1075761
6.15715 1076441
6.1603 1077121
6.16345 1077801
6.1666 1078481
6.16976 1079161
6.17291 1079841
6.17606 1080521
6.17921 1081201
6.18236 1081881
6.18552 1082561
6.18867 1083241
6.19182 1083921
6.19497 1084601
6.19812 1085281
6.20128 1085961
6.20443 1086641
6.20758 1087321
6.21073 1088001
6.21388 1088681
6.21704 1089361
6.22019 1090041
6.22334 1090721
6.22649 1091401
6.22964 1092081
6.2328 1092761
6.23595 1093441
6.2391 1094121
6.24225 1094801
6.2454 1095481
6.24856 1096161
6.25171 1096841
6.25486 1097521
6.25801 1098201
6.26116 1098881
6.26432 1099561
6.26747 1100241
6.27062 1100921
6.27377 1101601
6.27692 1102281
6.28008 1102961
6.28323 1103641
6.28638 1104321
6.28953 1105001
6.29268 1105681
6.29584 1106361
6.29899 1107041
6.30214 1107721
6.30529 1108401
6.30844 1109081
6.3116 1109761
6.31475 1110441
6.3179 1111121
6.32105 1111801
6.3242 1112481
6.32736 1113161
6.33051 1113841
6.33366 1114521
6.33681 1115201
6.33996 1115881
6.34312 1116561
6.34627 1117241
6.34942 1117921
6.35257 1118601
6.35572 1119281
6.35888 1119961
6.36203 1120641
6.36518 1121321
6.36833 1122001
6.37148 1122681
6.37464 1123361
6.37779 1124041
6.38094 1124721
6.38409 1125401
6.38724 1126081
6.3904 1126761
6.39355 1127441
6.3967 1128121
6.39985 1128801
6.403 1129481
6.40616 1130161
6.40931 1130841
6.41246 1131521
6.41561 1132201
6.41876 1132881
6.42192 1133561
6.42507 1134241
6.42822 1134921
6.43137 1135601
6.43452 1136281
6.43767 1136961
6.44083 1137641
6.44398 1138321
6.44713 1139001
6.45028 1139681
6.45343 1140361
6.45659 1141041
6.45974 1141721
6.46289 1142401
6.46604 1143081
6.46919 1143761
6.47235 1144441
6.4755 1145121
6.47865 1145801
6.4818 1146481
6.48495 1147161
6.48811 1147841
6.49126 1148521
6.49441 1149201
6.49756 1149881
6.50071 1150561
6.50387 1151241
6.50702 1151921
6.51017 1152601
6.51332 1153281
6.51647 1153961
6.51963 1154641
6.52278 1155321
6.52593 1156001
6.52908 1156681
6.53223 1157361
6.53539 1158041
6.53854 1158721
6.54169 1159401
6.54484 1160081
6.54799 1160761
6.55115 1161441
6.5543 1162121
6.55745 1162801
6.5606 1163481
6.56375 1164161
6.56691 1164841
6.57006 1165521
6.57321 1166201
6.57636 1166881
6.57951 1167561
6.58267 1168241
6.58582 1168921
6.58897 1169601
6.59212 1170281
6.59527 1170961
6.59843 1171641
6.60158 1172321
6.60473 1173001
6.60788 1173681
6.61103 1174361
6.61419 1175041
6.61734 1175721
6.62049 1176401
6.62364 1177081
6.62679 1177761
6.62995 1178441
6.6331 1179121
6.63625 1179801
6.6394 1180481
6.64255 1181161
6.64571 1181841
6.64886 1182521
6.65201 1183201
6.65516 1183881
6.65831 1184561
6.66147 1185241
6.66462 1185921
6.66777 1186601
6.67092 1187281
6.67407 1187961
6.67723 1188641
6.68038 1189321
6.68353 1190001
6.68668 1190681
6.68983 1191361
6.69299 1192041
6.69614 1192721
6.69929 1193401
6.70244 1194081
6.70559 1194761
6.70875 1195441
6.7119 1196121
6.71505 1196801
6.7182 1197481
6.72135 1198161
6.72451 1198841
6.72766 1199521
6.73081 1200201
6.73396 1200881
6.73711 1201561
6.74027 1202241
6.74342 1202921
6.74657 1203601
6.74972 1204281
6.75287 1204961
6.75603 1205641
6.75918 1206321
6.76233 1207001
6.76548 1207681
6.76863 1208361
6.77179 1209041
6.77494 1209721
6.77809 1210401
6.78124 1211081
6.78439 1211761
6.78755 1212441
6.7907 1213121
6.79385 1213801
6.797 1214481
6.80015 1215161
6.80331 1215841
6.80646 1216521
6.80961 1217201
6.81276 1217881
6.81591 1218561
6.81907 1219241
6.82222 1219921
6.82537 1220601
6.82852 1221281
6.83167 1221961
6.83483 1222641
6.83798 1223321
6.84113 1224001
6.84428 1224681
6.84743 1225361
6.85059 1226041
6.85374 1226721
6.85689 1227401
6.86004 1228081
6.86319 1228761
6.86635 1229441
6.8695 1230121
6.87265 1230801
6.8758 1231481
6.87895 1232161
6.88211 1232841
6.88526 1233521
6.88841 1234201
6.89156 1234881
6.89471 1235561
6.89787 1236241
6.90102 1236921
6.90417 1237601
6.90732 1238281
6.91047 1238961
6.91363 1239641
6.91678 1240321
6.91993 1241001
6.92308 1241681
6.92623 1242361
6.92939 1243041
6.93254 1243721
6.93569 1244401
6.93884 1245081
6.94199 1245761
6.94515 1246441
6.9483 1247121
6.95145 1247801
6.9546 1248481
6.95775 1249161
6.96091 1249841
6.96406 1250521
6.96721 1251201
6.97036 1251881
6.97351 1252561
6.97667 1253241
6.97982 1253921
6.98297 1254601
6.98612 1255281
6.98927 1255961
6.99243 1256641
6.99558 1257321
6.99873 1258001
7.00188 1258681
7.00503 1259361
7.00819 1260041
7.01134 1260721
7.01449 1261401
7.01764 1262081
7.02079 1262761
7.02395 1263441
7.0271 1264121
7.03025 1264801
7.0334 1265481
7.03655 1266161
7.03971 1266841
7.04286 1267521
7.04601 1268201
7.04916 1268881
7.05231 1269561
7.05547 1270241
7.05862 1270921
7.06177 1271601
7.06492 1272281
7.06807 1272961
7.07123 1273641
7.07438 1274321
7.07753 1275001
7.08068 1275681
7.08383 1276361
7.08699 1277041
7.09014 1277721
7.09329 1278401
7.09644 1279081
7.09959 1279761
7.10275 1280441
7.1059 1281121
7.10905 1281801
7.1122 1282481
7.11535 1283161
7.11851 1283841
7.12166 1284521
7.12481 1285201
7.12796 1285881
7.13111 1286561
7.13427 1287241
7.13742 1287921
7.14057 1288601
7.14372 1289281
7.14687 1289961
7.15003 1290641
7.15318 1291321
7.15633 1292001
7.15948 1292681
7.16263 1293361
7.16579 1294041
7.16894 1294721
7.17209 1295401
7.17524 1296081
7.17839 1296761
7.18155 1297441
7.1847 1298121
7.18785 1298801
7.191 1299481
7.19415 1300161
7.19731 1300841
7.20046 1301521
7.20361 1302201
7.20676 1302881
7.20991 1303561
7.21307 1304241
7.21622 1304921
7.21937 1305601
7.22252 1306281
7.22567 1306961
7.22883 1307641
7.23198 1308321
7.23513 1309001
7.23828 1309681
7.24143 1310361
7.24459 1311041
7.24774 1311721
7.25089 1312401
7.25404 1313081
7.25719 1313761
7.26035 1314441
7.2635 1315121
7.26665 1315801
7.2698 1316481
7.27295 1317161
7.27611 1317841
7.27926 1318521
7.28241 1319201
7.28556 1319881
7.28871 1320561
7.29187 1321241
7.29502 1321921
7.29817 1322601
7.30132 1323281
7.30447 1323961
7.30763 1324641
7.31078 1325321
7.31393 1326001
7.31708 1326681
7.32023 1327361
7.32339 1328041
7.32654 1328721
7.32969 1329401
7.33284 1330081
7.33599 1330761
7.33915 1331441
7.3423 1332121
7.34545 1332801
7.3486 1333481
7.35175 1334161
7.35491 1334841
7.35806 1335521
7.36121 1336201
7.36436 1336881
7.36751 1337561
7.37067 1338241
7.37382 1338921
7.37697 1339601
7.38012 1340281
7.38327 1340961
7.38643 1341641
7.38958 1342321
7.39273 1343001
7.39588 1343681
7.39903 1344361
7.40219 1345041
7.40534 1345721
7.40849 1346401
7.41164 1347081
7.41479 1347761
7.41795 1348441
7.4211 1349121
7.42425 1349801
7.4274 1350481
7.43055 1351161
7.43371 1351841
7.43686 1352521
7.44001 1353201
7.44316 1353881
7.44631 1354561
7.44947 1355241
7.45262 1355921
7.45577 1356601
7.45892 1357281
7.46207 1357961
7.46523 1358641
7.46838 1359321
7.47153 1360001
7.47468 1360681
7.47783 1361361
7.48099 1362041
7.48414 1362721
7.48729 1363401
7.49044 1364081
7.49359 1364761
7.49675 1365441
7.4999 1366121
7.50305 1366801
7.5062 1367481
7.50935 1368161
7.51251 1368841
7.51566 1369521
7.51881 1370201
7.52196 1370881
7.52511 1371561
7.52827 1372241
7.53142 1372921
7.53457 1373601
7.53772 1374281
7.54087 1374961
7.54403 1375641
7.54718 1376321
7.55033 1377001
7.55348 1377681
7.55663 1378361
7.55979 1379041
7.56294 1379721
7.56609 1380401
7.56924 1381081
7.57239 1381761
7.57555 1382441
7.5787 1383121
7.58185 1383801
7.585 1384481
7.58815 1385161
7.59131 1385841
7.59446 1386521
7.59761 1387201
7.60076 1387881
7.60391 1388561
7.60707 1389241
7.61022 1389921
7.61337 1390601
7.61652 1391281
7.61967 1391961
7.62283 1392641
7.62598 1393321
7.62913 1394001
7.63228 1394681
7.63543 1395361
7.63859 1396041
7.64174 1396721
7.64489 1397401
7.64804 1398081
7.65119 1398761
7.65435 1399441
7.6575 1400121
7.66065 1400801
7.6638 1401481
7.66695 1402161
7.67011 1402841
7.67326 1403521
7.67641 1404201
7.67956 1404881
7.68271 1405561
7.68587 1406241
7.68902 1406921
7.69217 1407601
7.69532 1408281
7.69847 1408961
7.70163 1409641
7.70478 1410321
7.70793 1411001
7.71108 1411681
7.71423 1412361
7.71739 1413041
7.72054 1413721
7.72369 1414401
7.72684 1415081
7.72999 1415761
7.73315 1416441
7.7363 1417121
7.73945 1417801
7.7426 1418481
7.74575 1419161
7.74891 1419841
7.75206 1420521
7.75521 1421201
7.75836 1421881
7.76151 1422561
7.76467 1423241
7.76782 1423921
7.77097 1424601
7.77412 1425281
7.77727 1425961
7.78043 1426641
7.78358 1427321
7.78673 1428001
7.78988 1428681
7.79303 1429361
7.79619 1430041
7.79934 1430721
7.80249 1431401
7.80564 1432081
7.80879 1432761
7.81195 1433441
7.8151 1434121
7.81825 1434801
7.8214 1435481
7.82455 1436161
7.82771 1436841
7.83086 1437521
7.83401 1438201
7.83716 1438881
7.84031 1439561
7.84347 1440241
7.84662 1440921
7.84977 1441601
7.85292 1442281
7.85607 1442961
7.85923 1443641
7.86238 1444321
7.86553 1445001
7.86868 1445681
7.87183 1446361
7.87499 1447041
7.87814 1447721
7.88129 1448401
7.88444 1449081
7.88759 1449761
7.89075 1450441
7.8939 1451121
7.89705 1451801
7.9002 1452481
7.90335 1453161
7.90651 1453841
7.90966 1454521
7.91281 1455201
7.91596 1455881
7.91911 1456561
7.92227 1457241
7.92542 1457921
7.92857 1458601
7.93172 1459281
7.93487 1459961
7.93803 1460641
7.94118 1461321
7.94433 1462001
7.94748 1462681
7.95063 1463361
7.95379 1464041
7.95694 1464721
7.96009 1465401
7.96324 1466081
7.96639 1466761
7.96955 1467441
7.9727 1468121
7.97585 1468801
7.979 1469481
7.98215 1470161
7.98531 1470841
7.98846 1471521
7.99161 1472201
7.99476 1472881
7.99791 1473561
8.00107 1474241
8.00422 1474921
8.00737 1475601
8.01052 1476281
8.01367 1476961
8.01683 1477641
8.01998 1478321
8.02313 1479001
8.02628 1479681
8.02943 1480361
8.03259 1481041
8.03574 1481721
8.03889 1482401
8.04204 1483081
8.04519 1483761
8.04835 1484441
8.0515 1485121
8.05465 1485801
8.0578 1486481
8.06095 1487161
8.06411 1487841
8.06726 1488521
8.07041 1489201
8.07356 1489881
8.07671 1490561
8.07987 1491241
8.08302 1491921
8.08617 1492601
8.08932 1493281
8.09247 1493961
8.09563 1494641
8.09878 1495321
8.10193 1496001
8.10508 1496681
8.10823 1497361
8.11139 1498041
8.11454 1498721
8.11769 1499401
8.12084 1500081
8.12399 1500761
8.12715 1501441
8.1303 1502121
8.13345 1502801
8.1366 1503481
8.13975 1504161
8.14291 1504841
8.14606 1505521
8.14921 1506201
8.15236 1506881
8.15551 1507561
8.15867 1508241
8.16182 1508921
8.16497 1509601
8.16812 1510281
8.17127 1510961
8.17443 1511641
8.17758 1512321
8.18073 1513001
8.18388 1513681
8.18703 1514361
8.19019 1515041
8.19334 1515721
8.19649 1516401
8.19964 1517081
8.20279 1517761
8.20595 1518441
8.2091 1519121
8.21225 1519801
8.2154 1520481
8.21855 1521161
8.22171 1521841
8.22486 1522521
8.22801 1523201
8.23116 1523881
8.23431 1524561
8.23747 1525241
8.24062 1525921
8.24377 1526601
8.24692 1527281
8.25007 1527961
8.25323 1528641
8.25638 1529321
8.25953 1530001
8.26268 1530681
8.26583 1531361
8.26899 1532041
8.27214 1532721
8.27529 1533401
8.27844 1534081
8.28159 1534761
8.28475 1535441
8.2879 1536121
8.29105 1536801
8.2942 1537481
8.29735 1538161
8.30051 1538841
8.30366 1539521
8.30681 1540201
8.30996 1540881
8.31311 1541561
8.31627 1542241
8.31942 1542921
8.32257 1543601
8.32572 1544281
8.32887 1544961
8.33203 1545641
8.33518 1546321
8.33833 1547001
8.34148 1547681
8.34463 1548361
8.34779 1549041
8.35094 1549721
8.35409 1550401
8.35724 1551081
8.36039 1551761
8.36355 1552441
8.3667 1553121
8.36985 1553801
8.373 1554481
8.37615 1555161
8.37931 1555841
8.38246 1556521
8.38561 1557201
8.38876 1557881
8.39191 1558561
8.39507 1559241
8.39822 1559921
8.40137 1560601
8.40452 1561281
8.40767 1561961
8.41083 1562641
8.41398 1563321
8.41713 1564001
8.42028 1564681
8.42343 1565361
8.42659 1566041
8.42974 1566721
8.43289 1567401
8.43604 1568081
8.43919 1568761
8.44235 1569441
8.4455 1570121
8.44865 1570801
8.4518 1571481
8.45495 1572161
8.45811 1572841
8.46126 1573521
8.46441 1574201
8.46756 1574881
8.47071 1575561
8.47387 1576241
8.47702 1576921
8.48017 1577601
8.48332 1578281
8.48647 1578961
8.48963 1579641
8.49278 1580321
8.49593 1581001
8.49908 1581681
8.50223 1582361
8.50539 1583041
8.50854 1583721
8.51169 1584401
8.51484 1585081
8.51799 1585761
8.52115 1586441
8.5243 1587121
8.52745 1587801
8.5306 1588481
8.53375 1589161
8.53691 1589841
8.54006 1590521
8.54321 1591201
8.54636 1591881
8.54951 1592561
8.55267 1593241
8.55582 1593921
8.55897 1594601
8.56212 1595281
8.56527 1595961
8.56843 1596641
8.57158 1597321
8.57473 1598001
8.57788 1598681
8.58103 1599361
8.58419 1600041
8.58734 1600721
8.59049 1601401
8.59364 1602081
8.59679 1602761
8.59995 1603441
8.6031 1604121
8.60625 1604801
8.6094 1605481
8.61255 1606161
8.61571 1606841
8.61886 1607521
8.62201 1608201
8.62516 1608881
8.62831 1609561
8.63147 1610241
8.63462 1610921
8.63777 1611601
8.64092 1612281
8.64407 1612961
8.64723 1613641
8.65038 1614321
8.65353 1615001
8.65668 1615681
8.65983 1616361
8.66299 1617041
8.66614 1617721
8.66929 1618401
8.67244 1619081
8.67559 1619761
8.67875 1620441
8.6819 1621121
8.68505 1621801
8.6882 1622481
8.69135 1623161
8.69451 1623841
8.69766 1624521
8.70081 1625201
8.70396 1625881
8.70711 1626561
8.71027 1627241
8.71342 1627921
8.71657 1628601
8.71972 1629281
8.72287 1629961
8.72603 1630641
8.72918 1631321
8.73233 1632001
8.73548 1632681
8.73863 1633361
8.74179 1634041
8.74494 1634721
8.74809 1635401
8.75124 1636081
8.75439 1636761
8.75755 1637441
8.7607 1638121
8.76385 1638801
8.767 1639481
8.77015 1640161
8.77331 1640841
8.77646 1641521
8.77961 1642201
8.78276 1642881
8.78591 1643561
8.78907 1644241
8.79222 1644921
8.79537 1645601
8.79852 1646281
8.80167 1646961
8.80483 1647641
8.80798 1648321
8.81113 1649001
8.81428 1649681
8.81743 1650361
8.82059 1651041
8.82374 1651721
8.82689 1652401
8.83004 1653081
8.83319 1653761
8.83635 1654441
8.8395 1655121
8.84265 1655801
8.8458 1656481
8.84895 1657161
8.85211 1657841
8.85526 1658521
8.85841 1659201
8.86156 1659881
8.86471 1660561
8.86787 1661241
8.87102 1661921
8.87417 1662601
8.87732 1663281
8.88047 1663961
8.88363 1664641
8.88678 1665321
8.88993 1666001
8.89308 1666681
8.89623 1667361
8.89939 1668041
8.90254 1668721
8.90569 1669401
9.2478 1673821
9.24937 1678241
9.25095 1682661
9.25252 1687081
9.2541 1691501
9.25568 1695921
9.25725 1700341
9.25883 1704761
9.2604 1709181
9.26198 1713601
9.26671 1717341
9.28404 1721761
9.30453 1726181
9.32502 1730601
9.34551 1734341
9.36284 1738761
9.38329 1743181
9.40374 1746921
9.42104 1780581
9.42419 1781261
9.42735 1781941
9.43207 1782281
9.43523 1782621
9.43838 1782961
9.44153 1783301
9.44468 1783641
9.44783 1783981
9.45099 1784321
9.45414 1784661
9.45729 1785001
9.46044 1785681
9.46359 1786021
9.46675 1786701
9.4699 1787381
9.47305 1788061
9.4762 1788741
9.47935 1789421
9.48251 1789761
9.48566 1790441
9.48881 1791121
9.49196 1791801
9.49511 1792481
9.49827 1793161
9.50142 1793841
9.50457 1794181
9.50772 1794861
9.51087 1795541
9.51403 1796221
9.51718 1796901
9.52033 1797581
9.52348 1798261
9.52663 1798601
9.52979 1799281
9.53294 1799961
9.53609 1800641
9.53924 1801321
9.54239 1802001
9.54555 1802681
9.5487 1803021
9.55185 1803701
9.555 1804381
9.55815 1805061
9.56131 1805741
9.56446 1806421
9.56761 1806761
9.57076 1807441
9.57391 1808121
9.57706 1808801
9.58022 1809481
9.58337 1810161
9.58652 1810841
9.58967 1811181
9.59282 1811861
9.59598 1812541
9.59913 1813221
9.60228 1813901
9.60543 1814581
9.60858 1815261
9.61174 1815601
9.61489 1816281
9.61804 1816961
9.62119 1817641
9.62434 1818321
9.6275 1819001
9.63065 1819681
9.6338 1820361
9.63695 1821041
9.6401 1821721
9.64326 1822401
9.64641 1823081
9.64956 1823761
9.65271 1824441
9.65586 1825121
9.65902 1825801
9.66217 1826481
9.66532 1827161
9.66847 1827841
9.67162 1828521
9.67478 1829201
9.67793 1829881
9.68108 1830561
9.68423 1831241
9.68738 1831921
9.69054 1832601
9.69369 1833281
9.69684 1833961
9.69999 1834641
9.70314 1835321
9.7063 1836001
9.70945 1836681
9.7126 1837361
9.71575 1838041
9.7189 1838721
9.72206 1839401
9.72521 1840081
9.72836 1840761
9.73151 1841441
9.73466 1842121
9.73782 1842801
9.74097 1843481
9.74412 1844161
9.74727 1844841
9.75042 1845521
9.75358 1846201
9.75673 1846881
9.75988 1847561
9.76303 1848241
9.76618 1848921
9.76934 1849601
9.77249 1850281
9.77564 1850961
9.77879 1851641
9.78194 1852321
9.7851 1853001
9.78825 1853681
9.7914 1854361
9.79455 1855041
9.7977 1855721
9.80086 1856401
9.80401 1857081
9.80716 1857761
9.81031 1858441
9.81346 1859121
9.81662 1859801
9.81977 1860481
9.82292 1861161
9.82607 1861841
9.82922 1862521
9.83238 1863201
9.83553 1863881
9.83868 1864561
9.84183 1865241
9.84498 1865921
9.84814 1866601
9.85129 1867281
9.85444 1867961
9.85759 1868641
9.86074 1869321
9.8639 1870001
9.86705 1870681
9.8702 1871361
9.87335 1872041
9.8765 1872721
9.87966 1873401
9.88281 1874081
9.88596 1874761
9.88911 1875441
9.89226 1876121
9.89542 1876801
9.89857 1877481
9.90172 1878161
9.90487 1878841
9.90802 1879521
9.91118 1880201
9.91433 1880881
9.91748 1881561
9.92063 1882241
9.92378 1882921
9.92694 1883601
9.93009 1884281
9.93324 1884961
9.93639 1885641
9.93954 1886321
9.9427 1887001
9.94585 1887681
9.949 1888361
9.95215 1889041
9.9553 1889721
9.95846 1890401
9.96161 1891081
9.96476 1891761
9.96791 1892441
9.97106 1893121
9.97422 1893801
9.97737 1894481
9.98052 1895161
9.98367 1895841
9.98682 1896521
9.98998 1897201
9.99313 1897881
9.99628 1898561
9.99943 1899241
10.0026 1899921
10.0057 1900601
10.0089 1901281
10.012 1901961
10.0152 1902641
10.0183 1903321
10.0215 1904001
10.0246 1904681
10.0278 1905361
10.031 1906041
10.0341 1906721
10.0373 1907401
10.0404 1908081
10.0436 1908761
10.0467 1909441
10.0499 1910121
10.053 1910801
10.0562 1911481
10.0593 1912161
10.0625 1912841
10.0656 1913521
10.0688 1914201
10.0719 1914881
10.0751 1915561
10.0782 1916241
10.0814 1916921
10.0845 1917601
10.0877 1918281
10.0908 1918961
10.094 1919641
10.0971 1920321
10.1003 1921001
10.1034 1921681
10.1066 1922361
10.1098 1923041
10.1129 1923721
10.1161 1924401
10.1192 1925081
10.1224 1925761
10.1255 1926441
10.1287 1927121
10.1318 1927801
10.135 1928481
10.1381 1929161
10.1413 1929841
10.1444 1930521
10.1476 1931201
10.1507 1931881
10.1539 1932561
10.157 1933241
10.1602 1933921
10.1633 1934601
10.1665 1935281
10.1696 1935961
10.1728 1936641
10.1759 1937321
10.1791 1938001
10.1822 1938681
10.1854 1939361
10.1886 1940041
10.1917 1940721
10.1949 1941401
10.198 1942081
10.2012 1942761
10.2043 1943441
10.2075 1944121
10.2106 1944801
10.2138 1945481
10.2169 1946161
10.2201 1946841
10.2232 1947521
10.2264 1948201
10.2295 1948881
10.2327 1949561
10.2358 1950241
10.239 1950921
10.2421 1951601
10.2453 1952281
10.2484 1952961
10.2516 1953641
10.2547 1954321
10.2579 1955001
10.261 1955681
10.2642 1956361
10.2674 1957041
10.2705 1957721
10.2737 1958401
10.2768 1959081
10.28 1959761
10.2831 1960441
10.2863 1961121
10.2894 1961801
10.2926 1962481
10.2957 1963161
10.2989 1963841
10.302 1964521
10.3052 1965201
10.3083 1965881
10.3115 1966561
10.3146 1967241
10.3178 1967921
10.3209 1968601
10.3241 1969281
10.3272 1969961
10.3304 1970641
10.3335 1971321
10.3367 1972001
10.3398 1972681
10.343 1973361
10.3462 1974041
10.3493 1974721
10.3525 1975401
10.3556 1976081
10.3588 1976761
10.3619 1977441
10.3651 1978121
10.3682 1978801
10.3714 1979481
10.3745 1980161
10.3777 1980841
10.3808 1981521
10.384 1982201
10.3871 1982881
10.3903 1983561
10.3934 1984241
10.3966 1984921
10.3997 1985601
10.4029 1986281
10.406 1986961
10.4092 1987641
10.4123 1988321
10.4155 1989001
10.4186 1989681
10.4218 1990361
10.425 1991041
10.4281 1991721
10.4313 1992401
10.4344 1993081
10.4376 1993761
10.4407 1994441
10.4439 1995121
10.447 1995801
10.4502 1996481
10.4533 1997161
10.4565 1997841
10.4596 1998521
10.4628 1999201
10.4659 1999881
10.4691 2000561
10.4722 2001241
10.4754 2001921
10.4785 2002601
10.4817 2003281
10.4848 2003961
10.488 2004641
10.4911 2005321
10.4943 2006001
10.4974 2006681
10.5006 2007361
10.5038 2008041
10.5069 2008721
10.5101 2009401
10.5132 2010081
10.5164 2010761
10.5195 2011441
10.5227 2012121
10.5258 2012801
10.529 2013481
10.5321 2014161
10.5353 2014841
10.5384 2015521
10.5416 2016201
10.5447 2016881
10.5479 2017561
10.551 2018241
10.5542 2018921
10.5573 2019601
10.5605 2020281
10.5636 2020961
10.5668 2021641
10.5699 2022321
10.5731 2023001
10.5762 2023681
10.5794 2024361
10.5826 2025041
10.5857 2025721
10.5889 2026401
10.592 2027081
10.5952 2027761
10.5983 2028441
10.6015 2029121
10.6046 2029801
10.6078 2030481
10.6109 2031161
10.6141 2031841
10.6172 2032521
10.6204 2033201
10.6235 2033881
10.6267 2034561
10.6298 2035241
10.633 2035921
10.6361 2036601
10.6393 2037281
10.6424 2037961
10.6456 2038641
10.6487 2039321
10.6519 2040001
10.655 2040681
10.6582 2041361
10.6614 2042041
10.6645 2042721
10.6677 2043401
10.6708 2044081
10.674 2044761
10.6771 2045441
10.6803 2046121
10.6834 2046801
10.6866 2047481
10.6897 2048161
10.6929 2048841
10.696 2049521
10.6992 2050201
10.7023 2050881
10.7055 2051561
10.7086 2052241
10.7118 2052921
10.7149 2053601
10.7181 2054281
10.7212 2054961
10.7244 2055641
10.7275 2056321
10.7307 2057001
10.7338 2057681
10.737 2058361
10.7402 2059041
10.7433 2059721
10.7465 2060401
10.7496 2061081
10.7528 2061761
10.7559 2062441
10.7591 2063121
10.7622 2063801
10.7654 2064481
10.7685 2065161
10.7717 2065841
10.7748 2066521
10.778 2067201
10.7811 2067881
10.7843 2068561
10.7874 2069241
10.7906 2069921
10.7937 2070601
10.7969 2071281
10.8 2071961
10.8032 2072641
10.8063 2073321
10.8095 2074001
10.8126 2074681
10.8158 2075361
10.819 2076041
10.8221 2076721
10.8253 2077401
10.8284 2078081
10.8316 2078761
10.8347 2079441
10.8379 2080121
10.841 2080801
10.8442 2081481
10.8473 2082161
10.8505 2082841
10.8536 2083521
10.8568 2084201
10.8599 2084881
10.8631 2085561
10.8662 2086241
10.8694 2086921
10.8725 2087601
10.8757 2088281
10.8788 2088961
10.882 2089641
10.8851 2090321
10.8883 2091001
10.8914 2091681
10.8946 2092361
10.8978 2093041
10.9009 2093721
10.9041 2094401
10.9072 2095081
10.9104 2095761
10.9135 2096441
10.9167 2097121
10.9198 2097801
10.923 2098481
10.9261 2099161
10.9293 2099841
10.9324 2100521
10.9356 2101201
10.9387 2101881
10.9419 2102561
10.945 2103241
10.9482 2103921
10.9513 2104601
10.9545 2105281
10.9576 2105961
10.9608 2106641
10.9639 2107321
10.9671 2108001
10.9702 2108681
10.9734 2109361
10.9766 2110041
10.9797 2110721
10.9829 2111401
10.986 2112081
10.9892 2112761
10.9923 2113441
10.9955 2114121
10.9986 2114801
11.0018 2115481
11.0049 2116161
11.0081 2116841
11.0112 2117521
11.0144 2118201
11.0175 2118881
11.0207 2119561
11.0238 2120241
11.027 2120921
11.0301 2121601
11.0333 2122281
11.0364 2122961
11.0396 2123641
11.0427 2124321
11.0459 2125001
11.049 2125681
11.0522 2126361
11.0554 2127041
11.0585 2127721
11.0617 2128401
11.0648 2129081
11.068 2129761
11.0711 2130441
11.0743 2131121
11.0774 2131801
11.0806 2132481
11.0837 2133161
11.0869 2133841
11.09 2134521
11.0932 2135201
11.0963 2135881
11.0995 2136561
11.1026 2137241
11.1058 2137921
11.1089 2138601
11.1121 2139281
11.1152 2139961
11.1184 2140641
11.1215 2141321
11.1247 2142001
11.1278 2142681
11.131 2143361
11.1342 2144041
11.1373 2144721
11.1405 2145401
11.1436 2146081
11.1468 2146761
11.1499 2147441
11.1531 2148121
11.1562 2148801
11.1594 2149481
11.1625 2150161
11.1657 2150841
11.1688 2151521
11.172 2152201
11.1751 2152881
11.1783 2153561
11.1814 2154241
11.1846 2154921
11.1877 2155601
11.1909 2156281
11.194 2156961
11.1972 2157641
11.2003 2158321
11.2035 2159001
11.2066 2159681
11.2098 2160361
11.213 2161041
11.2161 2161721
11.2193 2162401
11.2224 2163081
11.2256 2163761
11.2287 2164441
11.2319 2165121
11.235 2165801
11.2382 2166481
11.2413 2167161
11.2445 2167841
11.2476 2168521
11.2508 2169201
11.2539 2169881
11.2571 2170561
11.2602 2171241
11.2634 2171921
11.2665 2172601
11.2697 2173281
11.2728 2173961
11.276 2174641
11.2791 2175321
11.2823 2176001
11.2854 2176681
11.2886 2177361
11.2918 2178041
11.2949 2178721
11.2981 2179401
11.3012 2180081
11.3044 2180761
11.3075 2181441
11.3107 2182121
11.3138 2182801
11.317 2183481
11.3201 2184161
11.3233 2184841
11.3264 2185521
11.3296 2186201
11.3327 2186881
11.3359 2187561
11.339 2188241
11.3422 2188921
11.3453 2189601
11.3485 2190281
11.3516 2190961
11.3548 2191641
11.3579 2192321
11.3611 2193001
11.3642 2193681
11.3674 2194361
11.3706 2195041
11.3737 2195721
11.3769 2196401
11.38 2197081
11.3832 2197761
11.3863 2198441
11.3895 2199121
11.3926 2199801
11.3958 2200481
11.3989 2201161
11.4021 2201841
11.4052 2202521
11.4084 2203201
11.4115 2203881
11.4147 2204561
11.4178 2205241
11.421 2205921
11.4241 2206601
11.4273 2207281
11.4304 2207961
11.4336 2208641
11.4367 2209321
11.4399 2210001
11.443 2210681
11.4462 2211361
11.4494 2212041
11.4525 2212721
11.4557 2213401
11.4588 2214081
11.462 2214761
11.4651 2215441
11.4683 2216121
11.4714 2216801
11.4746 2217481
11.4777 2218161
11.4809 2218841
11.484 2219521
11.4872 2220201
11.4903 2220881
11.4935 2221561
11.4966 2222241
11.4998 2222921
11.5029 2223601
11.5061 2224281
11.5092 2224961
11.5124 2225641
11.5155 2226321
11.5187 2227001
11.5218 2227681
11.525 2228361
11.5282 2229041
11.5313 2229721
11.5345 2230401
11.5376 2231081
11.5408 2231761
11.5439 2232441
11.5471 2233121
11.5502 2233801
11.5534 2234481
11.5565 2235161
11.5597 2235841
11.5628 2236521
11.566 2237201
11.5691 2237881
11.5723 2238561
11.5754 2239241
11.5786 2239921
11.5817 2240601
11.5849 2241281
11.588 2241961
11.5912 2242641
11.5943 2243321
11.5975 2244001
11.6006 2244681
11.6038 2245361
11.607 2246041
11.6101 2246721
11.6133 2247401
11.6164 2248081
11.6196 2248761
11.6227 2249441
11.6259 2250121
11.629 2250801
11.6322 2251481
11.6353 2252161
11.6385 2252841
11.6416 2253521
11.6448 2254201
11.6479 2254881
11.6511 2255561
11.6542 2256241
11.6574 2256921
11.6605 2257601
11.6637 2258281
11.6668 2258961
11.67 2259641
11.6731 2260321
11.6763 2261001
11.6794 2261681
11.6826 2262361
11.6858 2263041
11.6889 2263721
11.6921 2264401
11.6952 2265081
11.6984 2265761
11.7015 2266441
11.7047 2267121
11.7078 2267801
11.711 2268481
11.7141 2269161
11.7173 2269841
11.7204 2270521
11.7236 2271201
11.7267 2271881
11.7299 2272561
11.733 2273241
11.7362 2273921
11.7393 2274601
11.7425 2275281
11.7456 2275961
11.7488 2276641
11.7519 2277321
11.7551 2278001
11.7582 2278681
11.7614 2279361
11.7646 2280041
11.7677 2280721
11.7709 2281401
11.774 2282081
11.7772 2282761
11.7803 2283441
11.7835 2284121
11.7866 2284801
11.7898 2285481
11.7929 2286161
11.7961 2286841
11.7992 2287521
11.8024 2288201
11.8055 2288881
11.8087 2289561
11.8118 2290241
11.815 2290921
11.8181 2291601
11.8213 2292281
11.8244 2292961
11.8276 2293641
11.8307 2294321
11.8339 2295001
11.837 2295681
11.8402 2296361
11.8434 2297041
11.8465 2297721
11.8497 2298401
11.8528 2299081
11.856 2299761
11.8591 2300441
11.8623 2301121
11.8654 2301801
11.8686 2302481
11.8717 2303161
11.8749 2303841
11.878 2304521
11.8812 2305201
11.8843 2305881
11.8875 2306561
11.8906 2307241
11.8938 2307921
11.8969 2308601
11.9001 2309281
11.9032 2309961
11.9064 2310641
11.9095 2311321
11.9127 2312001
11.9158 2312681
11.919 2313361
11.9222 2314041
11.9253 2314721
11.9285 2315401
11.9316 2316081
11.9348 2316761
11.9379 2317441
11.9411 2318121
11.9442 2318801
11.9474 2319481
11.9505 2320161
11.9537 2320841
11.9568 2321521
11.96 2322201
11.9631 2322881
11.9663 2323561
11.9694 2324241
11.9726 2324921
11.9757 2325601
11.9789 2326281
11.982 2326961
11.9852 2327641
11.9883 2328321
11.9915 2329001
11.9946 2329681
11.9978 2330361
12.001 2331041
12.0041 2331721
12.0073 2332401
12.0104 2333081
12.0136 2333761
12.0167 2334441
12.0199 2335121
12.023 2335801
12.0262 2336481
12.0293 2337161
12.0325 2337841
12.0356 2338521
12.0388 2339201
12.0419 2339881
12.0451 2340561
12.0482 2341241
12.0514 2341921
12.0545 2342601
12.0577 2343281
12.0608 2343961
12.064 2344641
12.0671 2345321
12.0703 2346001
12.0734 2346681
12.0766 2347361
12.0798 2348041
12.0829 2348721
12.0861 2349401
12.0892 2350081
12.0924 2350761
12.0955 2351441
12.0987 2352121
12.1018 2352801
12.105 2353481
12.1081 2354161
12.1113 2354841
12.1144 2355521
12.1176 2356201
12.1207 2356881
12.1239 2357561
12.127 2358241
12.1302 2358921
12.1333 2359601
12.1365 2360281
12.1396 2360961
12.1428 2361641
12.1459 2362321
12.1491 2363001
12.1522 2363681
12.1554 2364361
12.1586 2365041
12.1617 2365721
12.1649 2366401
12.168 2367081
12.1712 2367761
12.1743 2368441
12.1775 2369121
12.1806 2369801
12.1838 2370481
12.1869 2371161
12.1901 2371841
12.1932 2372521
12.1964 2373201
12.1995 2373881
12.2027 2374561
12.2058 2375241
12.209 2375921
12.2121 2376601
12.2153 2377281
12.2184 2377961
12.2216 2378641
12.2247 2379321
12.2279 2380001
12.231 2380681
12.2342 2381361
12.2374 2382041
12.2405 2382721
12.2437 2383401
12.2468 2384081
12.25 2384761
12.2531 2385441
12.2563 2386121
12.2594 2386801
12.2626 2387481
12.2657 2388161
12.2689 2388841
12.272 2389521
12.2752 2390201
12.2783 2390881
12.2815 2391561
12.2846 2392241
12.2878 2392921
12.2909 2393601
12.2941 2394281
12.2972 2394961
12.3004 2395641
12.3035 2396321
12.3067 2397001
12.3098 2397681
12.313 2398361
12.3162 2399041
12.3193 2399721
12.3225 2400401
12.3256 2401081
12.3288 2401761
12.3319 2402441
12.3351 2403121
12.3382 2403801
12.3414 2404481
12.3445 2405161
12.3477 2405841
12.3508 2406521
12.354 2407201
12.3571 2407881
12.3603 2408561
12.3634 2409241
12.3666 2409921
12.3697 2410601
12.3729 2411281
12.376 2411961
12.3792 2412641
12.3823 2413321
12.3855 2414001
12.3886 2414681
12.3918 2415361
12.395 2416041
12.3981 2416721
12.4013 2417401
12.4044 2418081
12.4076 2418761
12.4107 2419441
12.4139 2420121
12.417 2420801
12.4202 2421481
12.4233 2422161
12.4265 2422841
12.4296 2423521
12.4328 2424201
12.4359 2424881
12.4391 2425561
12.4422 2426241
12.4454 2426921
12.4485 2427601
12.4517 2428281
12.4548 2428961
12.458 2429641
12.4611 2430321
12.4643 2431001
12.4674 2431681
12.4706 2432361
12.4738 2433041
12.4769 2433721
12.4801 2434401
12.4832 2435081
12.4864 2435761
12.4895 2436441
12.4927 2437121
12.4958 2437801
12.499 2438481
12.5021 2439161
12.5053 2439841
12.5084 2440521
12.5116 2441201
12.5147 2441881
12.5179 2442561
12.521 2443241
12.5242 2443921
12.5273 2444601
12.5305 2445281
12.5336 2445961
12.5368 2446641
12.5399 2447321
12.5431 2448001
12.5462 2448681
12.5494 2449361
12.5526 2450041
12.5557 2450721
12.5589 2451401
12.562 2452081
12.5652 2452761
12.5683 2453441
12.5715 2454121
12.5746 2454801
12.5778 2455481
12.5809 2456161
12.5841 2456841
12.5872 2457521
12.5904 2458201
12.5935 2458881
12.5967 2459561
12.5998 2460241
12.603 2460921
12.6061 2461601
12.6093 2462281
12.6124 2462961
12.6156 2463641
12.6187 2464321
12.6219 2465001
12.625 2465681
12.6282 2466361
12.6314 2467041
12.6345 2467721
12.6377 2468401
12.6408 2469081
12.644 2469761
12.6471 2470441
12.6503 2471121
12.6534 2471801
12.6566 2472481
12.6597 2473161
12.6629 2473841
12.666 2474521
12.6692 2475201
12.6723 2475881
12.6755 2476561
12.6786 2477241
12.6818 2477921
12.6849 2478601
12.6881 2479281
12.6912 2479961
12.6944 2480641
12.6975 2481321
12.7007 2482001
12.7038 2482681
12.707 2483361
12.7102 2484041
12.7133 2484721
12.7165 2485401
12.7196 2486081
12.7228 2486761
12.7259 2487441
12.7291 2488121
12.7322 2488801
12.7354 2489481
12.7385 2490161
12.7417 2490841
12.7448 2491521
12.748 2492201
12.7511 2492881
12.7543 2493561
12.7574 2494241
12.7606 2494921
12.7637 2495601
12.7669 2496281
12.77 2496961
12.7732 2497641
12.7763 2498321
12.7795 2499001
12.7826 2499681
12.7858 2500361
12.789 2501041
12.7921 2501721
12.7953 2502401
12.7984 2503081
12.8016 2503761
12.8047 2504441
12.8079 2505121
12.811 2505801
12.8142 2506481
12.8173 2507161
12.8205 2507841
12.8236 2508521
12.8268 2509201
12.8299 2509881
12.8331 2510561
12.8362 2511241
12.8394 2511921
12.8425 2512601
12.8457 2513281
12.8488 2513961
12.852 2514641
12.8551 2515321
12.8583 2516001
12.8614 2516681
12.8646 2517361
12.8678 2518041
12.8709 2518721
12.8741 2519401
12.8772 2520081
12.8804 2520761
12.8835 2521441
12.8867 2522121
12.8898 2522801
12.893 2523481
12.8961 2524161
12.8993 2524841
12.9024 2525521
12.9056 2526201
12.9087 2526881
12.9119 2527561
12.915 2528241
12.9182 2528921
12.9213 2529601
12.9245 2530281
12.9276 2530961
12.9308 2531641
12.9339 2532321
12.9371 2533001
12.9402 2533681
12.9434 2534361
12.9466 2535041
12.9497 2535721
12.9529 2536401
12.956 2537081
12.9592 2537761
12.9623 2538441
12.9655 2539121
12.9686 2539801
12.9718 2540481
12.9749 2541161
12.9781 2541841
12.9812 2542521
12.9844 2543201
12.9875 2543881
12.9907 2544561
12.9938 2545241
12.997 2545921
13.0001 2546601
13.0033 2547281
13.0064 2547961
13.0096 2548641
13.0127 2549321
13.0159 2550001
13.019 2550681
13.0222 2551361
13.0254 2552041
13.0285 2552721
13.0317 2553401
13.0348 2554081
13.038 2554761
13.0411 2555441
13.0443 2556121
13.0474 2556801
13.0506 2557481
13.0537 2558161
13.0569 2558841
13.06 2559521
13.0632 2560201
13.0663 2560881
13.0695 2561561
13.0726 2562241
13.0758 2562921
13.0789 2563601
13.0821 2564281
13.0852 2564961
13.0884 2565641
13.0915 2566321
13.0947 2567001
13.0978 2567681
13.101 2568361
13.1042 2569041
13.1073 2569721
13.1105 2570401
13.1136 2571081
13.1168 2571761
13.1199 2572441
13.1231 2573121
13.1262 2573801
13.1294 2574481
13.1325 2575161
13.1357 2575841
13.1388 2576521
13.142 2577201
13.1451 2577881
13.1483 2578561
13.1514 2579241
13.1546 2579921
13.1577 2580601
13.1609 2581281
13.164 2581961
13.1672 2582641
13.1703 2583321
13.1735 2584001
13.1766 2584681
13.1798 2585361
13.183 2586041
13.1861 2586721
13.1893 2587401
13.1924 2588081
13.1956 2588761
13.1987 2589441
13.2019 2590121
13.205 2590801
13.2082 2591481
13.2113 2592161
13.2145 2592841
13.2176 2593521
13.2208 2594201
13.2239 2594881
13.2271 2595561
13.2302 2596241
13.2334 2596921
13.2365 2597601
13.2397 2598281
13.2428 2598961
13.246 2599641
13.2491 2600321
13.2523 2601001
13.2554 2601681
13.2586 2602361
13.2618 2603041
13.2649 2603721
13.2681 2604401
13.2712 2605081
13.2744 2605761
13.2775 2606441
13.2807 2607121
13.2838 2607801
13.287 2608481
13.2901 2609161
13.2933 2609841
13.2964 2610521
13.2996 2611201
13.3027 2611881
13.3059 2612561
13.309 2613241
13.3122 2613921
13.3153 2614601
13.3185 2615281
13.3216 2615961
13.3248 2616641
13.3279 2617321
13.3311 2618001
13.3342 2618681
13.3374 2619361
13.3406 2620041
13.3437 2620721
13.3469 2621401
13.35 2622081
13.3532 2622761
13.3563 2623441
13.3595 2624121
13.3626 2624801
13.3658 2625481
13.3689 2626161
13.3721 2626841
13.3752 2627521
13.3784 2628201
13.3815 2628881
13.3847 2629561
13.3878 2630241
13.391 2630921
13.3941 2631601
13.3973 2632281
13.4004 2632961
13.4036 2633641
13.4067 2634321
13.4099 2635001
13.413 2635681
13.4162 2636361
13.4194 2637041
13.4225 2637721
13.4257 2638401
13.4288 2639081
13.432 2639761
13.4351 2640441
13.4383 2641121
13.4414 2641801
13.4446 2642481
13.4477 2643161
13.4509 2643841
13.454 2644521
13.4572 2645201
13.4603 2645881
13.4635 2646561
13.4666 2647241
13.4698 2647921
13.4729 2648601
13.4761 2649281
13.4792 2649961
13.4824 2650641
13.4855 2651321
13.4887 2652001
13.4918 2652681
13.495 2653361
13.4982 2654041
13.5013 2654721
13.5045 2655401
13.5076 2656081
13.5108 2656761
13.5139 2657441
13.5171 2658121
13.5202 2658801
13.5234 2659481
13.5265 2660161
13.5297 2660841
13.5328 2661521
13.536 2662201
13.5391 2662881
13.5423 2663561
13.5454 2664241
13.5486 2664921
13.5517 2665601
13.5549 2666281
13.558 2666961
13.5612 2667641
13.5643 2668321
13.5675 2669001
13.5706 2669681
13.5738 2670361
13.577 2671041
13.5801 2671721
13.5833 2672401
13.5864 2673081
13.5896 2673761
13.5927 2674441
13.5959 2675121
13.599 2675801
13.6022 2676481
13.6053 2677161
13.6085 2677841
13.6116 2678521
13.6148 2679201
13.6179 2679881
13.6211 2680561
13.6242 2681241
13.6274 2681921
13.6305 2682601
13.6337 2683281
13.6368 2683961
13.64 2684641
13.6431 2685321
13.6463 2686001
13.6494 2686681
13.6526 2687361
13.6558 2688041
13.6589 2688721
13.6621 2689401
13.6652 2690081
13.6684 2690761
13.6715 2691441
13.6747 2692121
13.6778 2692801
13.681 2693481
13.6841 2694161
13.6873 2694841
13.6904 2695521
13.6936 2696201
13.6967 2696881
13.6999 2697561
13.703 2698241
13.7062 2698921
13.7093 2699601
13.7125 2700281
13.7156 2700961
13.7188 2701641
13.7219 2702321
13.7251 2703001
13.7282 2703681
13.7314 2704361
13.7346 2705041
13.7377 2705721
13.7409 2706401
13.744 2707081
13.7472 2707761
13.7503 2708441
13.7535 2709121
13.7566 2709801
13.7598 2710481
13.7629 2711161
13.7661 2711841
13.7692 2712521
13.7724 2713201
13.7755 2713881
13.7787 2714561
13.7818 2715241
13.785 2715921
13.7881 2716601
13.7913 2717281
13.7944 2717961
13.7976 2718641
13.8007 2719321
13.8039 2720001
13.807 2720681
13.8102 2721361
13.8134 2722041
13.8165 2722721
13.8197 2723401
13.8228 2724081
13.826 2724761
13.8291 2725441
13.8323 2726121
13.8354 2726801
13.8386 2727481
13.8417 2728161
13.8449 2728841
13.848 2729521
13.8512 2730201
13.8543 2730881
13.8575 2731561
13.8606 2732241
13.8638 2732921
13.8669 2733601
13.8701 2734281
13.8732 2734961
13.8764 2735641
13.8795 2736321
13.8827 2737001
13.8858 2737681
13.889 2738361
13.8922 2739041
13.8953 2739721
13.8985 2740401
13.9016 2741081
13.9048 2741761
13.9079 2742441
13.9111 2743121
13.9142 2743801
13.9174 2744481
13.9205 2745161
13.9237 2745841
13.9268 2746521
13.93 2747201
13.9331 2747881
13.9363 2748561
13.9394 2749241
13.9426 2749921
13.9457 2750601
13.9489 2751281
13.952 2751961
13.9552 2752641
13.9583 2753321
13.9615 2754001
13.9646 2754681
13.9678 2755361
13.971 2756041
13.9741 2756721
13.9773 2757401
13.9804 2758081
13.9836 2758761
13.9867 2759441
13.9899 2760121
13.993 2760801
13.9962 2761481
13.9993 2762161
14.0025 2762841
14.0056 2763521
14.0088 2764201
14.0119 2764881
14.0151 2765561
14.0182 2766241
14.0214 2766921
14.0245 2767601
14.0277 2768281
14.0308 2768961
14.034 2769641
14.0371 2770321
14.0403 2771001
14.0434 2771681
14.0466 2772361
14.0498 2773041
14.0529 2773721
14.0561 2774401
14.0592 2775081
14.0624 2775761
14.0655 2776441
14.0687 2777121
14.0718 2777801
14.075 2778481
14.0781 2779161
14.0813 2779841
14.0844 2780521
14.0876 2781201
14.0907 2781881
14.0939 2782561
14.097 2783241
14.1002 2783921
14.1033 2784601
14.1065 2785281
14.1096 2785961
14.1128 2786641
14.1159 2787321
14.1191 2788001
14.1222 2788681
14.1254 2789361
14.1286 2790041
14.1317 2790721
14.1349 2791401
14.138 2792081
14.1412 2792761
14.1443 2793441
14.1475 2794121
14.1506 2794801
14.1538 2795481
14.1569 2796161
14.1601 2796841
14.1632 2797521
14.1664 2798201
14.1695 2798881
14.1727 2799561
14.1758 2800241
14.179 2800921
14.1821 2801601
14.1853 2802281
14.1884 2802961
14.1916 2803641
14.1947 2804321
14.1979 2805001
14.201 2805681
14.2042 2806361
14.2074 2807041
14.2105 2807721
14.2137 2808401
14.2168 2809081
14.22 2809761
14.2231 2810441
14.2263 2811121
14.2294 2811801
14.2326 2812481
14.2357 2813161
14.2389 2813841
14.242 2814521
14.2452 2815201
14.2483 2815881
14.2515 2816561
14.2546 2817241
14.2578 2817921
14.2609 2818601
14.2641 2819281
14.2672 2819961
14.2704 2820641
14.2735 2821321
14.2767 2822001
14.2798 2822681
14.283 2823361
14.2862 2824041
14.2893 2824721
14.2925 2825401
14.2956 2826081
14.2988 2826761
14.3019 2827441
14.3051 2828121
14.3082 2828801
14.3114 2829481
14.3145 2830161
14.3177 2830841
14.3208 2831521
14.324 2832201
14.3271 2832881
14.3303 2833561
14.3334 2834241
14.3366 2834921
14.3397 2835601
14.3429 2836281
14.346 2836961
14.3492 2837641
14.3523 2838321
14.3555 2839001
14.3586 2839681
14.3618 2840361
14.3649 2841041
14.3681 2841721
14.3713 2842401
14.3744 2843081
14.3776 2843761
14.3807 2844441
14.3839 2845121
14.387 2845801
14.3902 2846481
14.3933 2847161
14.3965 2847841
14.3996 2848521
14.4028 2849201
14.4059 2849881
14.4091 2850561
14.4122 2851241
14.4154 2851921
14.4185 2852601
14.4217 2853281
14.4248 2853961
14.7669 2859061
14.7685 2864161
14.7701 2869261
14.7717 2874361
14.7732 2879461
14.7748 2884561
14.7764 2889661
14.778 2894761
14.7796 2899181
14.7937 2904281
14.8174 2909381
14.841 2913801
14.8615 2918901
14.8851 2924001
14.9087 2928421
14.9292 2962761
14.9323 2963441
14.9355 2964121
14.9386 2964801
14.9418 2965481
14.9449 2966161
14.9496 2966501
14.9528 2966841
14.9559 2967181
14.9591 2967521
14.9623 2967861
14.9654 2968201
14.9686 2968541
14.9717 2968881
14.9749 2969561
14.978 2970241
14.9812 2970921
14.9843 2971601
14.9875 2971941
14.9906 2972621
14.9938 2973301
14.9969 2973981
15.0001 2974661
15.0032 2975341
15.0064 2976021
15.0095 2976701
15.0127 2977041
15.0158 2977721
15.019 2978401
15.0221 2979081
15.0253 2979761
15.0284 2980441
15.0316 2981121
15.0347 2981801
15.0379 2982141
15.0411 2982821
15.0442 2983501
15.0474 2984181
15.0505 2984861
15.0537 2985541
15.0568 2986221
15.06 2986561
15.0631 2987241
15.0663 2987921
15.0694 2988601
15.0726 2989281
15.0757 2989961
15.0789 2990641
15.082 2991321
15.0852 2991661
15.0883 2992341
15.0915 2993021
15.0946 2993701
15.0978 2994381
15.1009 2995061
15.1041 2995741
15.1072 2996421
15.1104 2996761
15.1135 2997441
15.1167 2998121
15.1199 2998801
15.123 2999481
15.1262 3000161
15.1293 3000841
15.1325 3001521
15.1356 3002201
15.1388 3002881
15.1419 3003561
15.1451 3004241
15.1482 3004921
15.1514 3005601
15.1545 3006281
15.1577 3006961
15.1608 3007641
15.164 3008321
15.1671 3009001
15.1703 3009681
15.1734 3010361
15.1766 3011041
15.1797 3011721
15.1829 3012401
15.186 3013081
15.1892 3013761
15.1923 3014441
15.1955 3015121
15.1987 3015801
15.2018 3016481
15.205 3017161
15.2081 3017841
15.2113 3018521
15.2144 3019201
15.2176 3019881
15.2207 3020561
15.2239 3021241
15.227 3021921
15.2302 3022601
15.2333 3023281
15.2365 3023961
15.2396 3024641
15.2428 3025321
15.2459 3026001
15.2491 3026681
15.2522 3027361
15.2554 3028041
15.2585 3028721
15.2617 3029401
15.2648 3030081
15.268 3030761
15.2711 3031441
15.2743 3032121
15.2775 3032801
15.2806 3033481
15.2838 3034161
15.2869 3034841
15.2901 3035521
15.2932 3036201
15.2964 3036881
15.2995 3037561
15.3027 3038241
15.3058 3038921
15.309 3039601
15.3121 3040281
15.3153 3040961
15.3184 3041641
15.3216 3042321
15.3247 3043001
15.3279 3043681
15.331 3044361
15.3342 3045041
15.3373 3045721
15.3405 3046401
15.3436 3047081
15.3468 3047761
15.3499 3048441
15.3531 3049121
15.3563 3049801
15.3594 3050481
15.3626 3051161
15.3657 3051841
15.3689 3052521
15.372 3053201
15.3752 3053881
15.3783 3054561
15.3815 3055241
15.3846 3055921
15.3878 3056601
15.3909 3057281
15.3941 3057961
15.3972 3058641
15.4004 3059321
15.4035 3060001
15.4067 3060681
15.4098 3061361
15.413 3062041
15.4161 3062721
15.4193 3063401
15.4224 3064081
15.4256 3064761
15.4287 3065441
15.4319 3066121
15.4351 3066801
15.4382 3067481
15.4414 3068161
15.4445 3068841
15.4477 3069521
15.4508 3070201
15.454 3070881
15.4571 3071561
15.4603 3072241
15.4634 3072921
15.4666 3073601
15.4697 3074281
15.4729 3074961
15.476 3075641
15.4792 3076321
15.4823 3077001
15.4855 3077681
15.4886 3078361
15.4918 3079041
15.4949 3079721
15.4981 3080401
15.5012 3081081
15.5044 3081761
15.5075 3082441
15.5107 3083121
15.5139 3083801
15.517 3084481
15.5202 3085161
15.5233 3085841
15.5265 3086521
15.5296 3087201
15.5328 3087881
15.5359 3088561
15.5391 3089241
15.5422 3089921
15.5454 3090601
15.5485 3091281
15.5517 3091961
15.5548 3092641
15.558 3093321
15.5611 3094001
15.5643 3094681
15.5674 3095361
15.5706 3096041
15.5737 3096721
15.5769 3097401
15.58 3098081
15.5832 3098761
15.5863 3099441
15.5895 3100121
15.5927 3100801
15.5958 3101481
15.599 3102161
15.6021 3102841
15.6053 3103521
15.6084 3104201
15.6116 3104881
15.6147 3105561
15.6179 3106241
15.621 3106921
15.6242 3107601
15.6273 3108281
15.6305 3108961
15.6336 3109641
15.6368 3110321
15.6399 3111001
15.6431 3111681
15.6462 3112361
15.6494 3113041
15.6525 3113721
15.6557 3114401
15.6588 3115081
15.662 3115761
15.6651 3116441
15.6683 3117121
15.6715 3117801
15.6746 3118481
15.6778 3119161
15.6809 3119841
15.6841 3120521
15.6872 3121201
15.6904 3121881
15.6935 3122561
15.6967 3123241
15.6998 3123921
15.703 3124601
15.7061 3125281
15.7093 3125961
15.7124 3126641
15.7156 3127321
15.7187 3128001
15.7219 3128681
15.725 3129361
15.7282 3130041
15.7313 3130721
15.7345 3131401
15.7376 3132081
15.7408 3132761
15.7439 3133441
15.7471 3134121
15.7503 3134801
15.7534 3135481
15.7566 3136161
15.7597 3136841
15.7629 3137521
15.766 3138201
15.7692 3138881
15.7723 3139561
15.7755 3140241
15.7786 3140921
15.7818 3141601
15.7849 3142281
15.7881 3142961
15.7912 3143641
15.7944 3144321
15.7975 3145001
15.8007 3145681
15.8038 3146361
15.807 3147041
15.8101 3147721
15.8133 3148401
15.8164 3149081
15.8196 3149761
15.8227 3150441
15.8259 3151121
15.8291 3151801
15.8322 3152481
15.8354 3153161
15.8385 3153841
15.8417 3154521
15.8448 3155201
15.848 3155881
15.8511 3156561
15.8543 3157241
15.8574 3157921
15.8606 3158601
15.8637 3159281
15.8669 3159961
15.87 3160641
15.8732 3161321
15.8763 3162001
15.8795 3162681
15.8826 3163361
15.8858 3164041
15.8889 3164721
15.8921 3165401
15.8952 3166081
15.8984 3166761
15.9015 3167441
15.9047 3168121
15.9079 3168801
15.911 3169481
15.9142 3170161
15.9173 3170841
15.9205 3171521
15.9236 3172201
15.9268 3172881
15.9299 3173561
15.9331 3174241
15.9362 3174921
15.9394 3175601
15.9425 3176281
15.9457 3176961
15.9488 3177641
15.952 3178321
15.9551 3179001
15.9583 3179681
15.9614 3180361
15.9646 3181041
15.9677 3181721
15.9709 3182401
15.974 3183081
15.9772 3183761
15.9803 3184441
15.9835 3185121
15.9867 3185801
15.9898 3186481
15.993 3187161
15.9961 3187841
15.9993 3188521
16.0024 3189201
16.0056 3189881
16.0087 3190561
16.0119 3191241
16.015 3191921
16.0182 3192601
16.0213 3193281
16.0245 3193961
16.0276 3194641
16.0308 3195321
16.0339 3196001
16.0371 3196681
16.0402 3197361
16.0434 3198041
16.0465 3198721
16.0497 3199401
16.0528 3200081
16.056 3200761
16.0591 3201441
16.0623 3202121
16.0655 3202801
16.0686 3203481
16.0718 3204161
16.0749 3204841
16.0781 3205521
16.0812 3206201
16.0844 3206881
16.0875 3207561
16.0907 3208241
16.0938 3208921
16.097 3209601
16.1001 3210281
16.1033 3210961
16.1064 3211641
16.1096 3212321
16.1127 3213001
16.1159 3213681
16.119 3214361
16.1222 3215041
16.1253 3215721
16.1285 3216401
16.1316 3217081
16.1348 3217761
16.1379 3218441
16.1411 3219121
16.1443 3219801
16.1474 3220481
16.1506 3221161
16.1537 3221841
16.1569 3222521
16.16 3223201
16.1632 3223881
16.1663 3224561
16.1695 3225241
16.1726 3225921
16.1758 3226601
16.1789 3227281
16.1821 3227961
16.1852 3228641
16.1884 3229321
16.1915 3230001
16.1947 3230681
16.1978 3231361
16.201 3232041
16.2041 3232721
16.2073 3233401
16.2104 3234081
16.2136 3234761
16.2167 3235441
16.2199 3236121
16.2231 3236801
16.2262 3237481
16.2294 3238161
16.2325 3238841
16.2357 3239521
16.2388 3240201
16.242 3240881
16.2451 3241561
16.2483 3242241
16.2514 3242921
16.2546 3243601
16.2577 3244281
16.2609 3244961
16.264 3245641
16.2672 3246321
16.2703 3247001
16.2735 3247681
16.2766 3248361
16.2798 3249041
16.2829 3249721
16.2861 3250401
16.2892 3251081
16.2924 3251761
16.2955 3252441
16.2987 3253121
16.3019 3253801
16.305 3254481
16.3082 3255161
16.3113 3255841
16.3145 3256521
16.3176 3257201
16.3208 3257881
16.3239 3258561
16.3271 3259241
16.3302 3259921
16.3334 3260601
16.3365 3261281
16.3397 3261961
16.3428 3262641
16.346 3263321
16.3491 3264001
16.3523 3264681
16.3554 3265361
16.3586 3266041
16.3617 3266721
16.3649 3267401
16.368 3268081
16.3712 3268761
16.3743 3269441
16.3775 3270121
16.3807 3270801
16.3838 3271481
16.387 3272161
16.3901 3272841
16.3933 3273521
16.3964 3274201
16.3996 3274881
16.4027 3275561
16.4059 3276241
16.409 3276921
16.4122 3277601
16.4153 3278281
16.4185 3278961
16.4216 3279641
16.4248 3280321
16.4279 3281001
16.4311 3281681
16.4342 3282361
16.4374 3283041
16.4405 3283721
16.4437 3284401
16.4468 3285081
16.45 3285761
16.4531 3286441
16.4563 3287121
16.4595 3287801
16.4626 3288481
16.4658 3289161
16.4689 3289841
16.4721 3290521
16.4752 3291201
16.4784 3291881
16.4815 3292561
16.4847 3293241
16.4878 3293921
16.491 3294601
16.4941 3295281
16.4973 3295961
16.5004 3296641
16.5036 3297321
16.5067 3298001
16.5099 3298681
16.513 3299361
16.5162 3300041
16.5193 3300721
16.5225 3301401
16.5256 3302081
16.5288 3302761
16.5319 3303441
16.5351 3304121
16.5383 3304801
16.5414 3305481
16.5446 3306161
16.5477 3306841
16.5509 3307521
16.554 3308201
16.5572 3308881
16.5603 3309561
16.5635 3310241
16.5666 3310921
16.5698 3311601
16.5729 3312281
16.5761 3312961
16.5792 3313641
16.5824 3314321
16.5855 3315001
16.5887 3315681
16.5918 3316361
16.595 3317041
16.5981 3317721
16.6013 3318401
16.6044 3319081
16.6076 3319761
16.6107 3320441
16.6139 3321121
16.6171 3321801
16.6202 3322481
16.6234 3323161
16.6265 3323841
16.6297 3324521
16.6328 3325201
16.636 3325881
16.6391 3326561
16.6423 3327241
16.6454 3327921
16.6486 3328601
16.6517 3329281
16.6549 3329961
16.658 3330641
16.6612 3331321
16.6643 3332001
16.6675 3332681
16.6706 3333361
16.6738 3334041
16.6769 3334721
16.6801 3335401
16.6832 3336081
16.6864 3336761
16.6895 3337441
16.6927 3338121
16.6959 3338801
16.699 3339481
16.7022 3340161
16.7053 3340841
16.7085 3341521
16.7116 3342201
16.7148 3342881
16.7179 3343561
16.7211 3344241
16.7242 3344921
16.7274 3345601
16.7305 3346281
16.7337 3346961
16.7368 3347641
16.74 3348321
16.7431 3349001
16.7463 3349681
16.7494 3350361
16.7526 3351041
16.7557 3351721
16.7589 3352401
16.762 3353081
16.7652 3353761
16.7683 3354441
16.7715 3355121
16.7747 3355801
16.7778 3356481
16.781 3357161
16.7841 3357841
16.7873 3358521
16.7904 3359201
16.7936 3359881
16.7967 3360561
16.7999 3361241
16.803 3361921
16.8062 3362601
16.8093 3363281
16.8125 3363961
16.8156 3364641
16.8188 3365321
16.8219 3366001
16.8251 3366681
16.8282 3367361
16.8314 3368041
16.8345 3368721
16.8377 3369401
16.8408 3370081
16.844 3370761
16.8471 3371441
16.8503 3372121
16.8535 3372801
16.8566 3373481
16.8598 3374161
16.8629 3374841
16.8661 3375521
16.8692 3376201
16.8724 3376881
16.8755 3377561
16.8787 3378241
16.8818 3378921
16.885 3379601
16.8881 3380281
16.8913 3380961
16.8944 3381641
16.8976 3382321
16.9007 3383001
16.9039 3383681
16.907 3384361
16.9102 3385041
16.9133 3385721
16.9165 3386401
16.9196 3387081
16.9228 3387761
16.9259 3388441
16.9291 3389121
16.9323 3389801
16.9354 3390481
16.9386 3391161
16.9417 3391841
16.9449 3392521
16.948 3393201
16.9512 3393881
16.9543 3394561
16.9575 3395241
16.9606 3395921
16.9638 3396601
16.9669 3397281
16.9701 3397961
16.9732 3398641
16.9764 3399321
16.9795 3400001
16.9827 3400681
16.9858 3401361
16.989 3402041
16.9921 3402721
16.9953 3403401
16.9984 3404081
17.0016 3404761
17.0047 3405441
17.0079 3406121
17.0111 3406801
17.0142 3407481
17.0174 3408161
17.0205 3408841
17.0237 3409521
17.0268 3410201
17.03 3410881
17.0331 3411561
17.0363 3412241
17.0394 3412921
17.0426 3413601
17.0457 3414281
17.0489 3414961
17.052 3415641
17.0552 3416321
17.0583 3417001
17.0615 3417681
17.0646 3418361
17.0678 3419041
17.0709 3419721
17.0741 3420401
17.0772 3421081
17.0804 3421761
17.0835 3422441
17.0867 3423121
17.0899 3423801
17.093 3424481
17.0962 3425161
17.0993 3425841
17.1025 3426521
17.1056 3427201
17.1088 3427881
17.1119 3428561
17.1151 3429241
17.1182 3429921
17.1214 3430601
17.1245 3431281
17.1277 3431961
17.1308 3432641
17.134 3433321
17.1371 3434001
17.1403 3434681
17.1434 3435361
17.1466 3436041
17.1497 3436721
17.1529 3437401
17.156 3438081
17.1592 3438761
17.1623 3439441
17.1655 3440121
17.1687 3440801
17.1718 3441481
17.175 3442161
17.1781 3442841
17.1813 3443521
17.1844 3444201
17.1876 3444881
17.1907 3445561
17.1939 3446241
17.197 3446921
17.2002 3447601
17.2033 3448281
17.2065 3448961
17.2096 3449641
17.2128 3450321
17.2159 3451001
17.2191 3451681
17.2222 3452361
17.2254 3453041
17.2285 3453721
17.2317 3454401
17.2348 3455081
17.238 3455761
17.2411 3456441
17.2443 3457121
17.2475 3457801
17.2506 3458481
17.2538 3459161
17.2569 3459841
17.2601 3460521
17.2632 3461201
17.2664 3461881
17.2695 3462561
17.2727 3463241
17.2758 3463921
17.279 3464601
17.2821 3465281
17.2853 3465961
17.2884 3466641
17.2916 3467321
17.2947 3468001
17.2979 3468681
17.301 3469361
17.3042 3470041
17.3073 3470721
17.3105 3471401
17.3136 3472081
17.3168 3472761
17.3199 3473441
17.3231 3474121
17.3263 3474801
17.3294 3475481
17.3326 3476161
17.3357 3476841
17.3389 3477521
17.342 3478201
17.3452 3478881
17.3483 3479561
17.3515 3480241
17.3546 3480921
17.3578 3481601
17.3609 3482281
17.3641 3482961
17.3672 3483641
17.3704 3484321
17.3735 3485001
17.3767 3485681
17.3798 3486361
17.383 3487041
17.3861 3487721
17.3893 3488401
17.3924 3489081
17.3956 3489761
17.3987 3490441
17.4019 3491121
17.4051 3491801
17.4082 3492481
17.4114 3493161
17.4145 3493841
17.4177 3494521
17.4208 3495201
17.424 3495881
17.4271 3496561
17.4303 3497241
17.4334 3497921
17.4366 3498601
17.4397 3499281
17.4429 3499961
17.446 3500641
17.4492 3501321
17.4523 3502001
17.4555 3502681
17.4586 3503361
17.4618 3504041
17.4649 3504721
17.4681 3505401
17.4712 3506081
17.4744 3506761
17.4775 3507441
17.4807 3508121
17.4839 3508801
17.487 3509481
17.4902 3510161
17.4933 3510841
17.4965 3511521
17.4996 3512201
17.5028 3512881
17.5059 3513561
17.5091 3514241
17.5122 3514921
17.5154 3515601
17.5185 3516281
17.5217 3516961
17.5248 3517641
17.528 3518321
17.5311 3519001
17.5343 3519681
17.5374 3520361
17.5406 3521041
17.5437 3521721
17.5469 3522401
17.55 3523081
17.5532 3523761
17.5563 3524441
17.5595 3525121
17.5627 3525801
17.5658 3526481
17.569 3527161
17.5721 3527841
17.5753 3528521
17.5784 3529201
17.5816 3529881
17.5847 3530561
17.5879 3531241
17.591 3531921
17.5942 3532601
17.5973 3533281
17.6005 3533961
17.6036 3534641
17.6068 3535321
17.6099 3536001
17.6131 3536681
17.6162 3537361
17.6194 3538041
17.6225 3538721
17.6257 3539401
17.6288 3540081
17.632 3540761
17.6351 3541441
17.6383 3542121
17.6415 3542801
17.6446 3543481
17.6478 3544161
17.6509 3544841
17.6541 3545521
17.6572 3546201
17.6604 3546881
17.6635 3547561
17.6667 3548241
17.6698 3548921
17.673 3549601
17.6761 3550281
17.6793 3550961
17.6824 3551641
17.6856 3552321
17.6887 3553001
17.6919 3553681
17.695 3554361
17.6982 3555041
17.7013 3555721
17.7045 3556401
17.7076 3557081
17.7108 3557761
17.7139 3558441
17.7171 3559121
17.7203 3559801
17.7234 3560481
17.7266 3561161
17.7297 3561841
17.7329 3562521
17.736 3563201
17.7392 3563881
17.7423 3564561
17.7455 3565241
17.7486 3565921
17.7518 3566601
17.7549 3567281
17.7581 3567961
17.7612 3568641
17.7644 3569321
17.7675 3570001
17.7707 3570681
17.7738 3571361
17.777 3572041
17.7801 3572721
17.7833 3573401
17.7864 3574081
17.7896 3574761
17.7927 3575441
17.7959 3576121
17.7991 3576801
17.8022 3577481
17.8054 3578161
17.8085 3578841
17.8117 3579521
17.8148 3580201
17.818 3580881
17.8211 3581561
17.8243 3582241
17.8274 3582921
17.8306 3583601
17.8337 3584281
17.8369 3584961
17.84 3585641
17.8432 3586321
17.8463 3587001
17.8495 3587681
17.8526 3588361
17.8558 3589041
17.8589 3589721
17.8621 3590401
17.8652 3591081
17.8684 3591761
17.8715 3592441
17.8747 3593121
17.8779 3593801
17.881 3594481
17.8842 3595161
17.8873 3595841
17.8905 3596521
17.8936 3597201
17.8968 3597881
17.8999 3598561
17.9031 3599241
17.9062 3599921
17.9094 3600601
17.9125 3601281
17.9157 3601961
17.9188 3602641
17.922 3603321
17.9251 3604001
17.9283 3604681
17.9314 3605361
17.9346 3606041
17.9377 3606721
17.9409 3607401
17.944 3608081
17.9472 3608761
17.9503 3609441
17.9535 3610121
17.9567 3610801
17.9598 3611481
17.963 3612161
17.9661 3612841
17.9693 3613521
17.9724 3614201
17.9756 3614881
17.9787 3615561
17.9819 3616241
17.985 3616921
17.9882 3617601
17.9913 3618281
17.9945 3618961
17.9976 3619641
18.0008 3620321
18.0039 3621001
18.0071 3621681
18.0102 3622361
18.0134 3623041
18.0165 3623721
18.0197 3624401
18.0228 3625081
18.026 3625761
18.0291 3626441
18.0323 3627121
18.0355 3627801
18.0386 3628481
18.0418 3629161
18.0449 3629841
18.0481 3630521
18.0512 3631201
18.0544 3631881
18.0575 3632561
18.0607 3633241
18.0638 3633921
18.067 3634601
18.0701 3635281
18.0733 3635961
18.0764 3636641
18.0796 3637321
18.0827 3638001
18.0859 3638681
18.089 3639361
18.0922 3640041
18.0953 3640721
18.0985 3641401
18.1016 3642081
18.1048 3642761
18.1079 3643441
18.1111 3644121
18.1143 3644801
18.1174 3645481
18.1206 3646161
18.1237 3646841
18.1269 3647521
18.13 3648201
18.1332 3648881
18.1363 3649561
18.1395 3650241
18.1426 3650921
18.1458 3651601
18.1489 3652281
18.1521 3652961
18.1552 3653641
18.1584 3654321
18.1615 3655001
18.1647 3655681
18.1678 3656361
18.171 3657041
18.1741 3657721
18.1773 3658401
18.1804 3659081
18.1836 3659761
18.1867 3660441
18.1899 3661121
18.1931 3661801
18.1962 3662481
18.1994 3663161
18.2025 3663841
18.2057 3664521
18.2088 3665201
18.212 3665881
18.2151 3666561
18.2183 3667241
18.2214 3667921
18.2246 3668601
18.2277 3669281
18.2309 3669961
18.234 3670641
18.2372 3671321
18.2403 3672001
18.2435 3672681
18.2466 3673361
18.2498 3674041
18.2529 3674721
18.2561 3675401
18.2592 3676081
18.2624 3676761
18.2655 3677441
18.2687 3678121
18.2719 3678801
18.275 3679481
18.2782 3680161
18.2813 3680841
18.2845 3681521
18.2876 3682201
18.2908 3682881
18.2939 3683561
18.2971 3684241
18.3002 3684921
18.3034 3685601
18.3065 3686281
18.3097 3686961
18.3128 3687641
18.316 3688321
18.3191 3689001
18.3223 3689681
18.3254 3690361
18.3286 3691041
18.3317 3691721
18.3349 3692401
18.338 3693081
18.3412 3693761
18.3443 3694441
18.3475 3695121
18.3507 3695801
18.3538 3696481
18.357 3697161
18.3601 3697841
18.3633 3698521
18.3664 3699201
18.3696 3699881
18.3727 3700561
18.3759 3701241
18.379 3701921
18.3822 3702601
18.3853 3703281
18.3885 3703961
18.3916 3704641
18.3948 3705321
18.3979 3706001
18.4011 3706681
18.4042 3707361
18.4074 3708041
18.4105 3708721
18.4137 3709401
18.4168 3710081
18.42 3710761
18.4231 3711441
18.4263 3712121
18.4295 3712801
18.4326 3713481
18.4358 3714161
18.4389 3714841
18.4421 3715521
18.4452 3716201
18.4484 3716881
18.4515 3717561
18.4547 3718241
18.4578 3718921
18.461 3719601
18.4641 3720281
18.4673 3720961
18.4704 3721641
18.4736 3722321
18.4767 3723001
18.4799 3723681
18.483 3724361
18.4862 3725041
18.4893 3725721
18.4925 3726401
18.4956 3727081
18.4988 3727761
18.5019 3728441
18.5051 3729121
18.5083 3729801
18.5114 3730481
18.5146 3731161
18.5177 3731841
18.5209 3732521
18.524 3733201
18.5272 3733881
18.5303 3734561
18.5335 3735241
18.5366 3735921
18.5398 3736601
18.5429 3737281
18.5461 3737961
18.5492 3738641
18.5524 3739321
18.5555 3740001
18.5587 3740681
18.5618 3741361
18.565 3742041
18.5681 3742721
18.5713 3743401
18.5744 3744081
18.5776 3744761
18.5807 3745441
18.5839 3746121
18.5871 3746801
18.5902 3747481
18.5934 3748161
18.5965 3748841
18.5997 3749521
18.6028 3750201
18.606 3750881
18.6091 3751561
18.6123 3752241
18.6154 3752921
18.6186 3753601
18.6217 3754281
18.6249 3754961
18.628 3755641
18.6312 3756321
18.6343 3757001
18.6375 3757681
18.6406 3758361
18.6438 3759041
18.6469 3759721
18.6501 3760401
18.6532 3761081
18.6564 3761761
18.6595 3762441
18.6627 3763121
18.6659 3763801
18.669 3764481
18.6722 3765161
18.6753 3765841
18.6785 3766521
18.6816 3767201
18.6848 3767881
18.6879 3768561
18.6911 3769241
18.6942 3769921
18.6974 3770601
18.7005 3771281
18.7037 3771961
18.7068 3772641
18.71 3773321
18.7131 3774001
18.7163 3774681
18.7194 3775361
18.7226 3776041
18.7257 3776721
18.7289 3777401
18.732 3778081
18.7352 3778761
18.7383 3779441
18.7415 3780121
18.7447 3780801
18.7478 3781481
18.751 3782161
18.7541 3782841
18.7573 3783521
18.7604 3784201
18.7636 3784881
18.7667 3785561
18.7699 3786241
18.773 3786921
18.7762 3787601
18.7793 3788281
18.7825 3788961
18.7856 3789641
18.7888 3790321
18.7919 3791001
18.7951 3791681
18.7982 3792361
18.8014 3793041
18.8045 3793721
18.8077 3794401
18.8108 3795081
18.814 3795761
18.8171 3796441
18.8203 3797121
18.8235 3797801
18.8266 3798481
18.8298 3799161
18.8329 3799841
18.8361 3800521
18.8392 3801201
18.8424 3801881
18.8455 3802561
18.8487 3803241
18.8518 3803921
18.855 3804601
18.8581 3805281
18.8613 3805961
18.8644 3806641
18.8676 3807321
18.8707 3808001
18.8739 3808681
18.877 3809361
18.8802 3810041
18.8833 3810721
18.8865 3811401
18.8896 3812081
18.8928 3812761
18.8959 3813441
18.8991 3814121
18.9023 3814801
18.9054 3815481
18.9086 3816161
18.9117 3816841
18.9149 3817521
18.918 3818201
18.9212 3818881
18.9243 3819561
18.9275 3820241
18.9306 3820921
18.9338 3821601
18.9369 3822281
18.9401 3822961
18.9432 3823641
18.9464 3824321
18.9495 3825001
18.9527 3825681
18.9558 3826361
18.959 3827041
18.9621 3827721
18.9653 3828401
18.9684 3829081
18.9716 3829761
18.9747 3830441
18.9779 3831121
18.9811 3831801
18.9842 3832481
18.9874 3833161
18.9905 3833841
18.9937 3834521
18.9968 3835201
19 3835881
19.0031 3836561
19.0063 3837241
19.0094 3837921
19.0126 3838601
19.0157 3839281
19.0189 3839961
19.022 3840641
19.0252 3841321
19.0283 3842001
19.0315 3842681
19.0346 3843361
19.0378 3844041
19.0409 3844721
19.0441 3845401
19.0472 3846081
19.0504 3846761
19.0535 3847441
19.0567 3848121
19.0599 3848801
19.063 3849481
19.0662 3850161
19.0693 3850841
19.0725 3851521
19.0756 3852201
19.0788 3852881
19.0819 3853561
19.0851 3854241
19.0882 3854921
19.0914 3855601
19.0945 3856281
19.0977 3856961
19.1008 3857641
19.104 3858321
19.1071 3859001
19.1103 3859681
19.1134 3860361
19.1166 3861041
19.1197 3861721
19.1229 3862401
19.126 3863081
19.1292 3863761
19.1323 3864441
19.1355 3865121
19.1387 3865801
19.1418 3866481
19.145 3867161
19.1481 3867841
19.1513 3868521
19.1544 3869201
19.1576 3869881
19.1607 3870561
19.1639 3871241
19.167 3871921
19.1702 3872601
19.1733 3873281
19.1765 3873961
19.1796 3874641
19.1828 3875321
19.1859 3876001
19.1891 3876681
19.1922 3877361
19.1954 3878041
19.1985 3878721
19.2017 3879401
19.2048 3880081
19.208 3880761
19.2111 3881441
19.2143 3882121
19.2175 3882801
19.2206 3883481
19.2238 3884161
19.2269 3884841
19.2301 3885521
19.2332 3886201
19.2364 3886881
19.2395 3887561
19.2427 3888241
19.2458 3888921
19.249 3889601
19.2521 3890281
19.2553 3890961
19.2584 3891641
19.2616 3892321
19.2647 3893001
19.2679 3893681
19.271 3894361
19.2742 3895041
19.2773 3895721
19.2805 3896401
19.2836 3897081
19.2868 3897761
19.2899 3898441
19.2931 3899121
19.2963 3899801
19.2994 3900481
19.3026 3901161
19.3057 3901841
19.3089 3902521
19.312 3903201
19.3152 3903881
19.3183 3904561
19.3215 3905241
19.3246 3905921
19.3278 3906601
19.3309 3907281
19.3341 3907961
19.3372 3908641
19.3404 3909321
19.3435 3910001
19.3467 3910681
19.3498 3911361
19.353 3912041
19.3561 3912721
19.3593 3913401
19.3624 3914081
19.3656 3914761
19.3687 3915441
19.3719 3916121
19.3751 3916801
19.3782 3917481
19.3814 3918161
19.3845 3918841
19.3877 3919521
19.3908 3920201
19.394 3920881
19.3971 3921561
19.4003 3922241
19.4034 3922921
19.4066 3923601
19.4097 3924281
19.4129 3924961
19.416 3925641
19.4192 3926321
19.4223 3927001
19.4255 3927681
19.4286 3928361
19.4318 3929041
19.4349 3929721
19.4381 3930401
19.4412 3931081
19.4444 3931761
19.4475 3932441
19.4507 3933121
19.4539 3933801
19.457 3934481
19.4602 3935161
19.4633 3935841
19.4665 3936521
19.4696 3937201
19.4728 3937881
19.4759 3938561
19.4791 3939241
19.4822 3939921
19.4854 3940601
19.4885 3941281
19.4917 3941961
19.4948 3942641
19.498 3943321
19.5011 3944001
19.5043 3944681
19.5074 3945361
19.5106 3946041
19.5137 3946721
19.5169 3947401
19.52 3948081
19.5232 3948761
19.5263 3949441
19.5295 3950121
19.5327 3950801
19.5358 3951481
19.539 3952161
19.5421 3952841
19.5453 3953521
19.5484 3954201
19.5516 3954881
19.5547 3955561
19.5579 3956241
19.561 3956921
19.5642 3957601
19.5673 3958281
19.5705 3958961
19.5736 3959641
19.5768 3960321
19.5799 3961001
19.5831 3961681
19.5862 3962361
19.5894 3963041
19.5925 3963721
19.5957 3964401
19.5988 3965081
19.602 3965761
19.6051 3966441
19.6083 3967121
19.6115 3967801
19.6146 3968481
19.6178 3969161
19.6209 3969841
19.6241 3970521
19.6272 3971201
19.6304 3971881
19.6335 3972561
19.6367 3973241
19.6398 3973921
19.643 3974601
19.6461 3975281
19.6493 3975961
19.6524 3976641
19.6556 3977321
19.6587 3978001
19.6619 3978681
19.665 3979361
19.6682 3980041
19.6713 3980721
19.6745 3981401
19.6776 3982081
19.6808 3982761
19.6839 3983441
19.6871 3984121
19.6903 3984801
19.6934 3985481
19.6966 3986161
19.6997 3986841
19.7029 3987521
19.706 3988201
19.7092 3988881
19.7123 3989561
19.7155 3990241
19.7186 3990921
19.7218 3991601
19.7249 3992281
19.7281 3992961
19.7312 3993641
19.7344 3994321
19.7375 3995001
19.7407 3995681
19.7438 3996361
19.747 3997041
19.7501 3997721
19.7533 3998401
19.7564 3999081
19.7596 3999761
19.7627 4000441
19.7659 4001121
19.7691 4001801
19.7722 4002481
19.7754 4003161
19.7785 4003841
19.7817 4004521
19.7848 4005201
19.788 4005881
19.7911 4006561
19.7943 4007241
19.7974 4007921
19.8006 4008601
19.8037 4009281
19.8069 4009961
19.81 4010641
19.8132 4011321
19.8163 4012001
19.8195 4012681
19.8226 4013361
19.8258 4014041
19.8289 4014721
19.8321 4015401
19.8352 4016081
19.8384 4016761
19.8415 4017441
19.8447 4018121
19.8479 4018801
19.851 4019481
19.8542 4020161
19.8573 4020841
19.8605 4021521
19.8636 4022201
19.8668 4022881
19.8699 4023561
19.8731 4024241
19.8762 4024921
19.8794 4025601
19.8825 4026281
19.8857 4026961
19.8888 4027641
19.892 4028321
19.8951 4029001
19.8983 4029681
19.9014 4030361
19.9046 4031041
19.9077 4031721
19.9109 4032401
19.914 4033081
19.9172 4033761
19.9203 4034441
19.9235 4035121
19.9267 4035801
19.9298 4036481
19.933 4037161
19.9361 4037841
19.9393 4038521
19.9424 4039201
19.9456 4039881
19.9487 4040561
19.9519 4041241
19.955 4041921
19.9582 4042601
19.9613 4043281
19.9645 4043961
19.9676 4044641
19.9708 4045321
19.9739 4046001
