0.0 0
0.0905768 0.09
0.18279 0.09025
0.276537 0.0907188
0.370283 0.0911289
0.462454 0.102988
0.465606 0.101989
0.5562 0.100991
0.559352 0.100492
0.562504 0.100055
0.649946 0.0991734
0.653098 0.0989017
0.65625 0.098664
0.659402 0.098456
0.742117 0.108649
0.745269 0.107068
0.748421 0.105559
0.751573 0.104614
0.754725 0.103788
0.757877 0.103064
0.834287 0.112056
0.837439 0.109924
0.840591 0.108059
0.843743 0.106801
0.846895 0.105701
0.850047 0.104864
0.853199 0.104506
0.856351 0.104192
0.859503 0.103918
0.926458 0.112054
0.92961 0.109922
0.932762 0.108057
0.935914 0.1068
0.939066 0.105825
0.942218 0.104972
0.94537 0.1046
0.948522 0.104275
0.951674 0.103866
0.954826 0.103882
0.957978 0.103897
0.96113 0.104035
0.964282 0.104531
0.967434 0.104964
1.0202 0.103594
1.02336 0.10277
1.02651 0.102048
1.02966 0.101417
1.03281 0.10124
1.03596 0.101085
1.03912 0.100949
1.04227 0.101206
1.04542 0.10143
1.04857 0.101626
1.05172 0.102173
1.05488 0.102651
1.05803 0.103195
1.06118 0.104046
1.06433 0.10479
1.06748 0.105441
1.07064 0.106386
1.07379 0.107088
1.07694 0.107702
1.08009 0.108739
1.08324 0.109647
1.11395 0.107566
1.1171 0.106245
1.12025 0.105089
1.12341 0.104078
1.12656 0.103569
1.12971 0.103122
1.13286 0.102732
1.13601 0.102891
1.13917 0.103029
1.14232 0.103026
1.14547 0.103397
1.14862 0.103723
1.15177 0.104007
1.15493 0.104631
1.15808 0.105303
1.16123 0.10589
1.16438 0.106779
1.16753 0.107556
1.17069 0.108112
1.17384 0.108973
1.17699 0.109726
1.18014 0.11051
1.18329 0.111572
1.18645 0.1125
1.1896 0.113313
1.19275 0.114399
1.1959 0.115349
1.19905 0.116305
1.20221 0.117517
1.20536 0.118452
1.20851 0.119271
1.21166 0.120362
1.21481 0.117942
1.21797 0.115699
1.22112 0.114237
1.22427 0.112957
1.22742 0.111837
1.23057 0.111233
1.23373 0.110704
1.23688 0.110241
1.24003 0.110336
1.24318 0.110419
1.24633 0.110366
1.24949 0.110696
1.25264 0.110984
1.25579 0.111236
1.25894 0.111831
1.26209 0.112477
1.26525 0.113043
1.2684 0.113912
1.27155 0.114673
1.2747 0.115339
1.27785 0.116297
1.28101 0.117135
1.28416 0.117868
1.28731 0.118884
1.29046 0.119774
1.29361 0.120552
1.29677 0.121608
1.29992 0.122532
1.30307 0.123466
1.30622 0.124657
1.30937 0.1257
1.31253 0.126488
1.31568 0.127552
1.31883 0.128483
1.32198 0.129297
1.32513 0.13051
1.32829 0.131571
1.33144 0.1325
1.33459 0.133688
1.33774 0.134727
1.34089 0.135511
1.34405 0.136697
1.3472 0.137735
1.35035 0.138643
1.3535 0.139813
1.35665 0.140836
1.35981 0.141732
1.36296 0.14289
1.36611 0.144029
1.36926 0.145025
1.37241 0.146272
1.37557 0.147238
1.37872 0.148083
1.38187 0.149198
1.38502 0.150298
1.38817 0.151261
1.39133 0.152478
1.39448 0.153543
1.39763 0.154476
1.40078 0.155666
1.40393 0.156583
1.40709 0.15751
1.41024 0.158696
1.41339 0.159734
1.41654 0.160642
1.41969 0.161812
1.42285 0.162836
1.426 0.163731
1.42915 0.165015
1.4323 0.166138
1.43545 0.166996
1.43861 0.168121
1.44176 0.169106
1.44491 0.169968
1.44806 0.171222
1.45121 0.172319
1.45437 0.173279
1.45752 0.174494
1.46067 0.175558
1.46382 0.176363
1.46697 0.177442
1.47013 0.178512
1.47328 0.179448
1.47643 0.180642
1.47958 0.181687
1.48273 0.182601
1.48589 0.183776
1.48904 0.184929
1.49219 0.185938
1.49534 0.187196
1.49849 0.188171
1.50165 0.189025
1.5048 0.190147
1.50795 0.191128
1.5111 0.192112
1.51425 0.193348
1.51741 0.19443
1.52056 0.195376
1.52371 0.196579
1.52686 0.197632
1.53001 0.198553
1.53317 0.199734
1.53632 0.200767
1.53947 0.201671
1.54262 0.202837
1.54577 0.203858
1.54893 0.20475
1.55208 0.206032
1.55523 0.207153
1.55838 0.208009
1.56153 0.209132
1.56469 0.210116
1.56784 0.210976
1.57099 0.212104
1.57414 0.213216
1.57729 0.214189
1.58045 0.215416
1.5836 0.216489
1.58675 0.217428
1.5899 0.218624
1.59305 0.219671
1.59621 0.220587
1.59936 0.221764
1.60251 0.222793
1.60566 0.223694
1.60881 0.224857
1.61197 0.225875
1.61512 0.226891
1.61827 0.228154
1.62142 0.229135
1.62457 0.229993
1.62773 0.231119
1.63088 0.232104
1.63403 0.233091
1.63718 0.23433
1.64033 0.235414
1.64349 0.236362
1.64664 0.237567
1.64979 0.238621
1.65294 0.239418
1.65609 0.240616
1.65925 0.241664
1.6624 0.242581
1.66555 0.243758
1.6687 0.244789
1.67185 0.24569
1.67501 0.246979
1.67816 0.248106
1.68131 0.249093
1.68446 0.250331
1.68761 0.25129
1.69077 0.252129
1.69392 0.253238
1.69707 0.254333
1.70022 0.255291
1.70337 0.256505
1.70653 0.257567
1.70968 0.258496
1.71283 0.259684
1.71598 0.260598
1.71913 0.261524
1.72229 0.262708
1.72544 0.263745
1.72859 0.264652
1.73174 0.26582
1.73489 0.266843
1.73805 0.267862
1.7412 0.26913
1.74435 0.270238
1.7475 0.271084
1.75065 0.272198
1.75381 0.273173
1.75696 0.274027
1.76011 0.275273
1.76326 0.276364
1.76641 0.277319
1.76957 0.278529
1.77272 0.279588
1.77587 0.280389
1.77902 0.281591
1.78217 0.282642
1.78533 0.283562
1.78848 0.284741
1.79163 0.285774
1.79478 0.286677
1.79793 0.287842
1.80109 0.288987
1.80424 0.289989
1.80739 0.29124
1.81054 0.29221
1.81369 0.293059
1.81685 0.294176
1.82 0.295154
1.82315 0.296135
1.8263 0.297368
1.82945 0.298447
1.83261 0.299391
1.83576 0.300592
1.83891 0.301518
1.84206 0.302454
1.84521 0.303647
1.84837 0.304691
1.85152 0.305605
1.85467 0.306779
1.85782 0.307807
1.86097 0.308706
1.86413 0.309993
1.86728 0.311119
1.87043 0.311979
1.87358 0.313106
1.87673 0.314093
1.87989 0.314956
1.88304 0.316212
1.88619 0.31731
1.88934 0.318272
1.89249 0.319488
1.89565 0.320552
1.8988 0.321483
1.90195 0.322672
1.9051 0.323713
1.90825 0.324624
1.91141 0.325796
1.91456 0.326822
1.91771 0.327719
1.92086 0.328879
1.92401 0.330019
1.92717 0.331017
3.03194 0.30539
3.03509 0.282966
3.03825 0.263345
3.0414 0.246177
3.04455 0.231155
3.0477 0.218011
3.05085 0.206509
3.05401 0.196446
3.05716 0.18764
3.06031 0.179935
3.06346 0.173193
3.06661 0.167294
3.06977 0.162132
3.07449 0.157866
3.07765 0.154257
3.0808 0.151225
3.08395 0.148822
3.0871 0.146969
3.09025 0.145598
3.09341 0.144523
3.09656 0.143833
3.09971 0.143354
3.10286 0.14306
3.10601 0.143177
3.10917 0.143405
3.11232 0.143854
3.11547 0.144373
3.11862 0.144951
3.12177 0.145707
3.12493 0.146494
3.12808 0.147557
3.13123 0.148612
3.13438 0.149786
3.13753 0.150938
3.14069 0.15207
3.14384 0.153312
3.14699 0.154523
3.15014 0.155957
3.15329 0.157338
3.15645 0.158795
3.1596 0.160196
3.16275 0.161547
3.1659 0.162978
3.16905 0.164481
3.17221 0.166046
3.17536 0.16754
3.17851 0.169098
3.18166 0.170585
3.18481 0.172012
3.18797 0.173511
3.19112 0.175072
3.19427 0.176688
3.19742 0.178227
3.20057 0.179824
3.20373 0.181346
3.20688 0.182802
3.21003 0.184452
3.21318 0.186021
3.21633 0.187643
3.21949 0.189188
3.22264 0.190664
3.22579 0.192206
3.22894 0.19368
3.23209 0.195345
3.23525 0.196927
3.2384 0.198186
3.24155 0.199163
3.2447 0.200018
3.24785 0.200765
3.25101 0.201545
3.25416 0.202227
3.25731 0.202823
3.26046 0.20322
3.26361 0.203568
3.26677 0.203872
3.26992 0.204138
3.27307 0.204496
3.27622 0.204809
3.27937 0.204833
3.28252 0.204479
3.28568 0.203669
3.28883 0.202585
3.29198 0.201262
3.29513 0.199729
3.29828 0.198013
3.30144 0.196136
3.30459 0.194119
3.30774 0.191854
3.31089 0.189498
3.31404 0.187185
3.3172 0.184662
3.32035 0.182079
3.3235 0.179445
3.32665 0.176639
3.3298 0.173809
3.33296 0.170958
3.33611 0.168213
3.33926 0.165312
3.34241 0.162398
3.34556 0.159473
3.34872 0.156414
3.35187 0.153362
3.35502 0.150442
3.35817 0.147387
3.36132 0.144713
3.36448 0.142374
3.36763 0.140327
3.37078 0.138536
3.37393 0.136969
3.37708 0.135598
3.38024 0.134398
3.38339 0.133349
3.38654 0.13243
3.38969 0.131626
3.39284 0.130923
3.396 0.130308
3.39915 0.129769
3.4023 0.129298
3.40545 0.128886
3.4086 0.128525
3.41176 0.128209
3.41491 0.127933
3.41806 0.127817
3.42121 0.12759
3.42436 0.127391
3.42752 0.127217
3.43067 0.127065
3.43382 0.126932
3.43697 0.126815
3.44012 0.126713
3.44328 0.126624
3.44643 0.126546
3.44958 0.126478
3.45273 0.126418
3.45588 0.126366
3.45904 0.126445
3.46219 0.12639
3.46534 0.126341
3.46849 0.126298
3.47164 0.126261
3.4748 0.126228
3.47795 0.1262
3.4811 0.126175
3.48425 0.126153
3.4874 0.126134
3.49056 0.126492
3.49371 0.126806
3.49686 0.12708
3.50001 0.127445
3.50316 0.127764
3.50632 0.127919
3.50947 0.128054
3.51262 0.128172
3.51577 0.128276
3.51892 0.128366
3.52208 0.12857
3.52523 0.128749
3.52838 0.12878
3.53153 0.128808
3.53468 0.128832
3.53784 0.128853
3.54099 0.128871
3.54414 0.129012
3.54729 0.129011
3.55044 0.129009
3.5536 0.129008
3.55675 0.129007
3.5599 0.129006
3.56305 0.129131
3.5662 0.129239
3.56936 0.129209
3.57251 0.129183
3.57566 0.12916
3.57881 0.12914
3.58196 0.129123
3.58512 0.129232
3.58827 0.129203
3.59142 0.129178
3.59457 0.129156
3.59772 0.129136
3.60088 0.129119
3.60403 0.129229
3.60718 0.129326
3.61033 0.129285
3.61348 0.129249
3.61664 0.129218
3.61979 0.129191
3.62294 0.129167
3.62609 0.129271
3.62924 0.129237
3.6324 0.129208
3.63555 0.129182
3.6387 0.129159
3.64185 0.129139
3.645 0.129247
3.64816 0.129341
3.65131 0.129298
3.65446 0.129261
3.65761 0.129228
3.66076 0.1292
3.66392 0.129175
3.66707 0.129278
3.67022 0.129368
3.67337 0.129322
3.67652 0.129282
3.67968 0.129247
3.68283 0.129216
3.68598 0.129189
3.68913 0.12929
3.69228 0.129254
3.69544 0.129222
3.69859 0.129194
3.70174 0.12917
3.70489 0.129149
3.70804 0.129255
3.7112 0.129348
3.71435 0.129305
3.7175 0.129267
3.72065 0.129233
3.7238 0.129204
3.72696 0.129179
3.73011 0.129281
3.73326 0.129246
3.73641 0.129215
3.73956 0.129188
3.74272 0.129165
3.74587 0.129144
3.74902 0.129251
3.75217 0.12972
3.75532 0.13013
3.75848 0.130364
3.76163 0.130568
3.76478 0.130747
3.76793 0.130904
3.77108 0.131166
3.77424 0.131395
3.77739 0.131471
3.78054 0.131537
3.78369 0.131595
3.78684 0.131645
3.79 0.13169
3.79315 0.131854
3.7963 0.131997
3.79945 0.131997
3.8026 0.131998
3.80576 0.131998
3.80891 0.131998
3.81206 0.132123
3.81521 0.132233
3.81836 0.132329
3.82152 0.132288
3.82467 0.132252
3.82782 0.13222
3.83097 0.132193
3.83412 0.132294
3.83728 0.132382
3.84043 0.132334
3.84358 0.132292
3.84673 0.132256
3.84988 0.132224
3.85304 0.132321
3.85619 0.132406
3.85934 0.13248
3.86249 0.13242
3.86564 0.132368
3.8688 0.132322
3.87195 0.132281
3.8751 0.132371
3.87825 0.13245
3.8814 0.132394
3.88456 0.132344
3.88771 0.132301
3.89086 0.132264
3.89401 0.132356
3.89716 0.132436
3.90032 0.132507
3.90347 0.132443
3.90662 0.132388
3.90977 0.132339
3.91292 0.132297
3.91608 0.132385
3.91923 0.132462
3.92238 0.132529
3.92553 0.132463
3.92868 0.132405
3.93184 0.132354
3.93499 0.13231
3.93814 0.132396
3.94129 0.132472
3.94444 0.132413
3.9476 0.132361
3.95075 0.132316
3.9539 0.132277
3.95705 0.132367
3.9602 0.132446
3.96336 0.132515
3.96651 0.132451
3.96966 0.132395
3.97281 0.132345
3.97596 0.132302
3.97912 0.132389
3.98227 0.132466
3.98542 0.132407
3.98857 0.132357
3.99172 0.132312
3.99488 0.132273
3.99803 0.132364
4.00118 0.132443
4.00433 0.132513
4.00748 0.132449
4.01064 0.132393
4.01379 0.132344
4.01694 0.132676
4.02009 0.133091
4.02324 0.133455
4.0264 0.133773
4.02955 0.133926
4.0327 0.134061
4.03585 0.134178
4.039 0.134406
4.04216 0.134605
4.04531 0.134779
4.04846 0.134932
4.05161 0.13494
4.05476 0.134948
4.05792 0.134954
4.06107 0.135085
4.06422 0.135199
4.06737 0.1353
4.07052 0.135387
4.07368 0.135339
4.07683 0.135296
4.07998 0.135259
4.08313 0.135352
4.08628 0.135433
4.08944 0.135504
4.09259 0.135441
4.09574 0.135386
4.09889 0.135338
4.10204 0.13542
4.1052 0.135493
4.10835 0.135556
4.1115 0.135612
4.11465 0.135535
4.1178 0.135468
4.12096 0.13541
4.12411 0.135484
4.12726 0.135548
4.13041 0.135605
4.13356 0.135529
4.13672 0.135463
4.13987 0.135405
4.14302 0.135479
4.14617 0.135544
4.14932 0.135601
4.15248 0.135651
4.15563 0.13557
4.15878 0.135499
4.16193 0.135436
4.16508 0.135507
4.16824 0.135568
4.17139 0.135622
4.17454 0.135545
4.17769 0.135476
4.18084 0.135417
4.184 0.135365
4.18715 0.135444
4.1903 0.135514
4.19345 0.135574
4.1966 0.135503
4.19976 0.13544
4.20291 0.135385
4.20606 0.135462
4.20921 0.135529
4.21236 0.135588
4.21552 0.135639
4.21867 0.135559
4.22182 0.13549
4.22497 0.135428
4.22812 0.1355
4.23128 0.135562
4.23443 0.135617
4.23758 0.13554
4.24073 0.135472
4.24388 0.135413
4.24704 0.135487
4.25019 0.135551
4.25334 0.135607
4.25649 0.135656
4.25964 0.135574
4.2628 0.135502
4.26595 0.13544
4.2691 0.13551
4.27225 0.135571
4.2754 0.135625
4.27856 0.135546
4.28171 0.135478
4.28486 0.135418
4.28801 0.135491
4.29116 0.13593
4.29432 0.136313
4.29747 0.136649
4.30062 0.136943
4.30377 0.137075
4.30692 0.137191
4.31008 0.137417
4.31323 0.137615
4.31638 0.137788
4.31953 0.13794
4.32268 0.138072
4.32584 0.138063
4.32899 0.138055
4.33214 0.138173
4.33529 0.138277
4.33844 0.138367
4.3416 0.138446
4.34475 0.13839
4.3479 0.138342
4.35105 0.138424
4.3542 0.138496
4.35736 0.138559
4.36051 0.138614
4.36366 0.138662
4.36681 0.13858
4.36996 0.138507
4.37312 0.138569
4.37627 0.138623
4.37942 0.13867
4.38257 0.138711
4.38572 0.138622
4.38888 0.138544
4.39203 0.138601
4.39518 0.138651
4.39833 0.138695
4.40148 0.138733
4.40464 0.138766
4.40779 0.138671
4.41094 0.138587
4.41409 0.138638
4.41724 0.138684
4.4204 0.138723
4.42355 0.138758
4.4267 0.138663
4.42985 0.13858
4.433 0.138633
4.43616 0.138679
4.43931 0.138719
4.44246 0.138754
4.44561 0.138785
4.44876 0.138687
4.45192 0.138601
4.45507 0.138651
4.45822 0.138694
4.46137 0.138733
4.46452 0.138766
4.46768 0.138795
4.47083 0.138696
4.47398 0.138609
4.47713 0.138658
4.48028 0.138701
4.48344 0.138738
4.48659 0.138771
4.48974 0.138674
4.49289 0.13859
4.49604 0.138641
4.4992 0.138686
4.50235 0.138725
4.5055 0.13876
4.50865 0.13879
4.5118 0.138691
4.51496 0.138605
4.51811 0.138654
4.52126 0.138697
4.52441 0.138735
4.52756 0.138768
4.53072 0.138672
4.53387 0.138588
4.53702 0.13864
4.54017 0.138685
4.54332 0.138724
4.54648 0.138759
4.54963 0.138789
4.55278 0.13869
4.55593 0.138604
4.55908 0.138653
4.56224 0.138697
4.56539 0.138735
4.56854 0.139143
4.57169 0.1395
4.57484 0.139687
4.578 0.139852
4.58115 0.14012
4.5843 0.140355
4.58745 0.140561
4.5906 0.140741
4.59376 0.140898
4.59691 0.140911
4.60006 0.141047
4.60321 0.141166
4.60636 0.14127
4.60952 0.141362
4.61267 0.141441
4.61582 0.141511
4.61897 0.141447
4.62212 0.141516
4.62528 0.141577
4.62843 0.14163
4.63158 0.141676
4.63473 0.141716
4.63788 0.141627
4.64104 0.141674
4.64419 0.141714
4.64734 0.14175
4.65049 0.141781
4.65364 0.141809
4.6568 0.141833
4.65995 0.141728
4.6631 0.141762
4.66625 0.141792
4.6694 0.141818
4.67256 0.141841
4.67571 0.141861
4.67886 0.141753
4.68201 0.141784
4.68516 0.141811
4.68832 0.141835
4.69147 0.141855
4.69462 0.141873
4.69777 0.141889
4.70092 0.141778
4.70408 0.141806
4.70723 0.14183
4.71038 0.141851
4.71353 0.14187
4.71668 0.141886
4.71984 0.1419
4.72299 0.141788
4.72614 0.141814
4.72929 0.141838
4.73244 0.141858
4.7356 0.141876
4.73875 0.141891
4.7419 0.14178
4.74505 0.141807
4.7482 0.141831
4.75136 0.141852
4.75451 0.141871
4.75766 0.141887
4.76081 0.141901
4.76396 0.141789
4.76712 0.141815
4.77027 0.141838
4.77342 0.141858
4.77657 0.141876
4.77972 0.141892
4.78288 0.14178
4.78603 0.141808
4.78918 0.141832
4.79233 0.141853
4.79548 0.141871
4.79864 0.141887
4.80179 0.141901
4.80494 0.141789
4.80809 0.141815
4.81124 0.141838
4.8144 0.141858
4.81755 0.141876
4.8207 0.141892
4.82385 0.14178
4.827 0.141808
4.83016 0.141832
4.83331 0.141853
4.83646 0.141871
4.83961 0.141887
4.84276 0.141901
4.84592 0.141789
4.84907 0.141815
4.85222 0.141838
4.85537 0.142233
4.85852 0.142579
4.86168 0.142882
4.86483 0.143147
4.86798 0.143378
4.87113 0.143581
4.87428 0.143758
4.87744 0.143914
4.88059 0.144049
4.88374 0.144168
4.88689 0.144272
4.89004 0.144363
4.8932 0.144443
4.89635 0.144512
4.8995 0.144573
4.90265 0.144627
4.9058 0.144673
4.90896 0.144714
4.91211 0.14475
4.91526 0.144781
4.91841 0.144809
4.92156 0.144832
4.92472 0.144853
4.92787 0.144872
4.93102 0.144888
4.93417 0.144902
4.93732 0.144914
4.94048 0.144925
4.94363 0.144934
4.94678 0.144942
4.94993 0.14495
4.95308 0.144956
4.95624 0.144961
4.95939 0.144966
4.96254 0.14497
4.96569 0.144974
4.96884 0.144977
4.972 0.144855
4.97515 0.144873
4.9783 0.144889
4.98145 0.144903
4.9846 0.144915
4.98776 0.144926
4.99091 0.144935
4.99406 0.144943
4.99721 0.14495
5.00036 0.144956
5.00352 0.144962
5.00667 0.144967
5.00982 0.144971
5.01297 0.144974
5.01612 0.144978
5.01928 0.14498
5.02243 0.144983
5.02558 0.144985
5.02873 0.144987
5.03188 0.144989
5.03504 0.14499
5.03819 0.144991
5.04134 0.144992
5.04449 0.144993
5.04764 0.144994
5.0508 0.144995
5.05395 0.144995
5.0571 0.144996
5.06025 0.144997
5.0634 0.144997
5.06656 0.144997
5.06971 0.144998
5.07286 0.144998
5.07601 0.144998
5.07916 0.144998
5.08232 0.144999
5.08547 0.144999
5.08862 0.144999
5.09177 0.144999
5.09492 0.144999
5.09808 0.144999
5.10123 0.144999
5.10438 0.144999
5.10753 0.145
5.11068 0.145
5.11384 0.145
5.11699 0.145
5.12014 0.145
5.12329 0.145
5.12644 0.145
5.1296 0.145
5.13275 0.145
5.1359 0.145
5.13905 0.145
5.1422 0.145
5.14536 0.145375
5.14851 0.145703
5.15166 0.14599
5.15481 0.146241
5.15796 0.146461
5.16112 0.146779
5.16427 0.146931
5.16742 0.147065
5.17057 0.147182
5.17372 0.147284
5.17688 0.147374
5.18003 0.147577
5.18318 0.14763
5.18633 0.147676
5.18948 0.147717
5.19264 0.147752
5.19579 0.147783
5.19894 0.14781
5.20209 0.147959
5.20524 0.147964
5.2084 0.147968
5.21155 0.147972
5.2147 0.147976
5.21785 0.147979
5.221 0.148107
5.22416 0.148093
5.22731 0.148082
5.23046 0.148071
5.23361 0.148062
5.23676 0.148055
5.23992 0.148048
5.24307 0.148167
5.24622 0.148146
5.24937 0.148128
5.25252 0.148112
5.25568 0.148098
5.25883 0.148086
5.26198 0.148075
5.26513 0.148191
5.26828 0.148167
5.27144 0.148146
5.27459 0.148128
5.27774 0.148112
5.28089 0.148098
5.28404 0.14821
5.2872 0.148184
5.29035 0.148161
5.2935 0.148141
5.29665 0.148123
5.2998 0.148108
5.30296 0.148094
5.30611 0.148208
5.30926 0.148182
5.31241 0.148159
5.31556 0.148139
5.31872 0.148122
5.32187 0.148107
5.32502 0.148218
5.32817 0.148191
5.33132 0.148167
5.33448 0.148146
5.33763 0.148128
5.34078 0.148112
5.34393 0.148098
5.34708 0.148211
5.35024 0.148184
5.35339 0.148161
5.35654 0.148141
5.35969 0.148123
5.36284 0.148108
5.366 0.148095
5.36915 0.148083
5.3723 0.148072
5.37545 0.148063
5.3786 0.148055
5.38176 0.148048
5.38491 0.148042
5.38806 0.148162
5.39121 0.148142
5.39436 0.148124
5.39752 0.148109
5.40067 0.148095
5.40382 0.148083
5.40697 0.148073
5.41012 0.148189
5.41328 0.148165
5.41643 0.148144
5.41958 0.148126
5.42273 0.148111
5.42588 0.148097
5.42904 0.14821
5.43219 0.148183
5.43534 0.148161
5.43849 0.14814
5.44164 0.148123
5.4448 0.148483
5.44795 0.148797
5.4511 0.149198
5.45425 0.149548
5.4574 0.149729
5.46056 0.149888
5.46371 0.150027
5.46686 0.150149
5.47001 0.15038
5.47316 0.150583
5.47632 0.150635
5.47947 0.15068
5.48262 0.15072
5.48577 0.150755
5.48892 0.150786
5.49208 0.150938
5.49523 0.15107
5.49838 0.151062
5.50153 0.151054
5.50468 0.151047
5.50784 0.151041
5.51099 0.151036
5.51414 0.151157
5.51729 0.151262
5.52044 0.151229
5.5236 0.151201
5.52675 0.151176
5.5299 0.151154
5.53305 0.151259
5.5362 0.151352
5.53936 0.151308
5.54251 0.151269
5.54566 0.151236
5.54881 0.151206
5.55196 0.151181
5.55512 0.151283
5.55827 0.151373
5.56142 0.151326
5.56457 0.151285
5.56772 0.15125
5.57088 0.151218
5.57403 0.151316
5.57718 0.151402
5.58033 0.151351
5.58348 0.151307
5.58664 0.151269
5.58979 0.151235
5.59294 0.151206
5.59609 0.151305
5.59924 0.151392
5.6024 0.151343
5.60555 0.1513
5.6087 0.151263
5.61185 0.15123
5.615 0.151326
5.61816 0.15141
5.62131 0.151359
5.62446 0.151314
5.62761 0.151275
5.63076 0.151241
5.63392 0.15121
5.63707 0.151309
5.64022 0.151396
5.64337 0.151346
5.64652 0.151303
5.64968 0.151265
5.65283 0.151232
5.65598 0.151203
5.65913 0.151303
5.66228 0.15139
5.66544 0.151341
5.66859 0.151298
5.67174 0.151261
5.67489 0.151228
5.67804 0.151325
5.6812 0.151409
5.68435 0.151358
5.6875 0.151313
5.69065 0.151274
5.6938 0.15124
5.69696 0.15121
5.70011 0.151309
5.70326 0.151395
5.70641 0.151346
5.70956 0.151302
5.71272 0.151265
5.71587 0.151232
5.71902 0.151328
5.72217 0.151412
5.72532 0.15136
5.72848 0.151315
5.73163 0.151276
5.73478 0.151241
5.73793 0.151211
5.74108 0.15131
5.74424 0.151396
5.74739 0.151847
5.75054 0.152116
5.75369 0.152351
5.75684 0.152557
5.76 0.152738
5.76315 0.15302
5.7663 0.153268
5.76945 0.153359
5.7726 0.153439
5.77576 0.15351
5.77891 0.153571
5.78206 0.15375
5.78521 0.153906
5.78836 0.154043
5.79152 0.154037
5.79467 0.154033
5.79782 0.154029
5.80097 0.154025
5.80412 0.154147
5.80728 0.154253
5.81043 0.154347
5.81358 0.154303
5.81673 0.154266
5.81988 0.154232
5.82304 0.154328
5.82619 0.154412
5.82934 0.154486
5.83249 0.154425
5.83564 0.154372
5.8388 0.154325
5.84195 0.154285
5.8451 0.154374
5.84825 0.154452
5.8514 0.154521
5.85456 0.154456
5.85771 0.154399
5.86086 0.154349
5.86401 0.15443
5.86716 0.154502
5.87032 0.154564
5.87347 0.154493
5.87662 0.154432
5.87977 0.154378
5.88292 0.15433
5.88608 0.154414
5.88923 0.154487
5.89238 0.154551
5.89553 0.154483
5.89868 0.154422
5.90184 0.154369
5.90499 0.154323
5.90814 0.154408
5.91129 0.154482
5.91444 0.154547
5.9176 0.154478
5.92075 0.154419
5.9239 0.154366
5.92705 0.154445
5.9302 0.154515
5.93336 0.154575
5.93651 0.154503
5.93966 0.154441
5.94281 0.154385
5.94596 0.154337
5.94912 0.15442
5.95227 0.154493
5.95542 0.154556
5.95857 0.154487
5.96172 0.154426
5.96488 0.154372
5.96803 0.154451
5.97118 0.15452
5.97433 0.15458
5.97748 0.154507
5.98064 0.154444
5.98379 0.154388
5.98694 0.15434
5.99009 0.154422
5.99324 0.154495
5.9964 0.154558
5.99955 0.154488
6.0027 0.154427
6.00585 0.154374
6.009 0.154452
6.01216 0.15452
6.01531 0.15458
6.01846 0.154508
6.02161 0.154444
6.02476 0.154389
6.02792 0.15434
6.03107 0.154423
6.03422 0.154495
6.03737 0.154558
6.04052 0.154488
6.04368 0.154427
6.04683 0.154374
6.04998 0.154327
6.05313 0.154411
6.05628 0.154485
6.05944 0.154924
6.06259 0.155309
6.06574 0.15552
6.06889 0.155705
6.07204 0.155992
6.0752 0.156243
6.07835 0.156463
6.0815 0.156655
6.08465 0.156698
6.0878 0.156736
6.09096 0.156769
6.09411 0.156923
6.09726 0.157057
6.10041 0.157175
6.10356 0.157278
6.10672 0.157243
6.10987 0.157213
6.11302 0.157311
6.11617 0.157397
6.11932 0.157473
6.12248 0.157539
6.12563 0.157471
6.12878 0.157412
6.13193 0.157361
6.13508 0.157441
6.13824 0.157511
6.14139 0.157572
6.14454 0.157625
6.14769 0.157547
6.15084 0.157479
6.154 0.157419
6.15715 0.157492
6.1603 0.157555
6.16345 0.157611
6.1666 0.157534
6.16976 0.157468
6.17291 0.157409
6.17606 0.157483
6.17921 0.157548
6.18236 0.157604
6.18552 0.157654
6.18867 0.157572
6.19182 0.1575
6.19497 0.157438
6.19812 0.157508
6.20128 0.15757
6.20443 0.157623
6.20758 0.157671
6.21073 0.157587
6.21388 0.157513
6.21704 0.157574
6.22019 0.157627
6.22334 0.157674
6.22649 0.157715
6.22964 0.157625
6.2328 0.157547
6.23595 0.157479
6.2391 0.157544
6.24225 0.157601
6.2454 0.157651
6.24856 0.157694
6.25171 0.157608
6.25486 0.157532
6.25801 0.15759
6.26116 0.157641
6.26432 0.157686
6.26747 0.157726
6.27062 0.157635
6.27377 0.157555
6.27692 0.157486
6.28008 0.15755
6.28323 0.157606
6.28638 0.157656
6.28953 0.157699
6.29268 0.157611
6.29584 0.157535
6.29899 0.157468
6.30214 0.157535
6.30529 0.157593
6.30844 0.157644
6.3116 0.157688
6.31475 0.157602
6.3179 0.157527
6.32105 0.157586
6.3242 0.157638
6.32736 0.157683
6.33051 0.157723
6.33366 0.157632
6.33681 0.157553
6.33996 0.157484
6.34312 0.157549
6.34627 0.157605
6.34942 0.157654
6.35257 0.157698
6.35572 0.15761
6.35888 0.157534
6.36203 0.157592
6.36518 0.157643
6.36833 0.157688
6.37148 0.157727
6.37464 0.158136
6.37779 0.158369
6.38094 0.158573
6.38409 0.158876
6.38724 0.159142
6.3904 0.159374
6.39355 0.159577
6.3967 0.159755
6.39985 0.159786
6.403 0.159938
6.40616 0.16007
6.40931 0.160187
6.41246 0.160288
6.41561 0.160377
6.41876 0.16033
6.42192 0.160289
6.42507 0.160378
6.42822 0.160455
6.43137 0.160524
6.43452 0.160583
6.43767 0.160635
6.44083 0.160556
6.44398 0.160486
6.44713 0.160551
6.45028 0.160607
6.45343 0.160656
6.45659 0.160699
6.45974 0.160737
6.46289 0.160644
6.46604 0.160689
6.46919 0.160728
6.47235 0.160762
6.4755 0.160792
6.47865 0.160818
6.4818 0.160715
6.48495 0.160626
6.48811 0.160673
6.49126 0.160714
6.49441 0.160749
6.49756 0.160781
6.50071 0.160808
6.50387 0.160707
6.50702 0.160744
6.51017 0.160776
6.51332 0.160804
6.51647 0.160828
6.51963 0.16085
6.52278 0.160744
6.52593 0.160651
6.52908 0.160694
6.53223 0.160733
6.53539 0.160766
6.53854 0.160795
6.54169 0.160821
6.54484 0.160718
6.54799 0.160628
6.55115 0.160675
6.5543 0.160716
6.55745 0.160751
6.5606 0.160782
6.56375 0.160684
6.56691 0.160599
6.57006 0.160649
6.57321 0.160693
6.57636 0.160731
6.57951 0.160765
6.58267 0.160794
6.58582 0.160695
6.58897 0.160608
6.59212 0.160657
6.59527 0.1607
6.59843 0.160737
6.60158 0.16077
6.60473 0.160799
6.60788 0.160699
6.61103 0.160737
6.61419 0.16077
6.61734 0.160798
6.62049 0.160824
6.62364 0.160846
6.62679 0.16074
6.62995 0.160647
6.6331 0.160692
6.63625 0.16073
6.6394 0.160764
6.64255 0.160793
6.64571 0.160819
6.64886 0.160717
6.65201 0.160752
6.65516 0.160783
6.65831 0.16081
6.66147 0.160834
6.66462 0.160855
6.66777 0.160748
6.67092 0.160654
6.67407 0.160698
6.67723 0.160735
6.68038 0.160768
6.68353 0.160797
6.68668 0.160823
6.68983 0.16072
6.69299 0.16063
6.69614 0.160676
6.69929 0.161092
6.70244 0.161455
6.70559 0.161773
6.70875 0.162052
6.7119 0.162295
6.71505 0.162508
6.7182 0.162695
6.72135 0.162858
6.72451 0.163001
6.72766 0.163126
6.73081 0.163235
6.73396 0.163206
6.73711 0.163305
6.74027 0.163392
6.74342 0.163468
6.74657 0.163534
6.74972 0.163593
6.75287 0.163643
6.75603 0.163688
6.75918 0.163727
6.76233 0.163761
6.76548 0.163791
6.76863 0.163817
6.77179 0.16384
6.77494 0.163735
6.77809 0.163768
6.78124 0.163797
6.78439 0.163822
6.78755 0.163845
6.7907 0.163864
6.79385 0.163881
6.797 0.163896
6.80015 0.163909
6.80331 0.16392
6.80646 0.16393
6.80961 0.163939
6.81276 0.163947
6.81591 0.163828
6.81907 0.16385
6.82222 0.163869
6.82537 0.163885
6.82852 0.163899
6.83167 0.163912
6.83483 0.163923
6.83798 0.163808
6.84113 0.163832
6.84428 0.163853
6.84743 0.163871
6.85059 0.163887
6.85374 0.163901
6.85689 0.163914
6.86004 0.163924
6.86319 0.163934
6.86635 0.163942
6.8695 0.163949
6.87265 0.163956
6.8758 0.163961
6.87895 0.163841
6.88211 0.163861
6.88526 0.163878
6.88841 0.163894
6.89156 0.163907
6.89471 0.163918
6.89787 0.163929
6.90102 0.163938
6.90417 0.163945
6.90732 0.163952
6.91047 0.163958
6.91363 0.163963
6.91678 0.163968
6.91993 0.163847
6.92308 0.163866
6.92623 0.163883
6.92939 0.163897
6.93254 0.16391
6.93569 0.163922
6.93884 0.163931
6.94199 0.163815
6.94515 0.163838
6.9483 0.163858
6.95145 0.163876
6.9546 0.163892
6.95775 0.163905
6.96091 0.163792
6.96406 0.163818
6.96721 0.163841
6.97036 0.163861
6.97351 0.163878
6.97667 0.163893
6.97982 0.163907
6.98297 0.163793
6.98612 0.163819
6.98927 0.163842
6.99243 0.163862
6.99558 0.163879
6.99873 0.163894
7.00188 0.163907
7.00503 0.163919
7.00819 0.163929
7.01134 0.163938
7.01449 0.163946
7.01764 0.163952
7.02079 0.163958
7.02395 0.163839
7.0271 0.164234
7.03025 0.16458
7.0334 0.164882
7.03655 0.165147
7.03971 0.165378
7.04286 0.165581
7.04601 0.165884
7.04916 0.166023
7.05231 0.166145
7.05547 0.166252
7.05862 0.166346
7.06177 0.166427
7.06492 0.166499
7.06807 0.166562
7.07123 0.166616
7.07438 0.166664
7.07753 0.166706
7.08068 0.166743
7.08383 0.166775
7.08699 0.166803
7.09014 0.166828
7.09329 0.166849
7.09644 0.166868
7.09959 0.166885
7.10275 0.166899
7.1059 0.166912
7.10905 0.167048
7.1122 0.167042
7.11535 0.167037
7.11851 0.167032
7.12166 0.167028
7.12481 0.167024
7.12796 0.167021
7.13111 0.167019
7.13427 0.167016
7.13742 0.167014
7.14057 0.167013
7.14372 0.167011
7.14687 0.16701
7.15003 0.167133
7.15318 0.167117
7.15633 0.167102
7.15948 0.167089
7.16263 0.167078
7.16579 0.167068
7.16894 0.16706
7.17209 0.167052
7.17524 0.167046
7.17839 0.16704
7.18155 0.167035
7.1847 0.167031
7.18785 0.167027
7.191 0.167149
7.19415 0.16713
7.19731 0.167114
7.20046 0.167099
7.20361 0.167087
7.20676 0.167076
7.20991 0.167067
7.21307 0.167058
7.21622 0.167051
7.21937 0.167045
7.22252 0.167039
7.22567 0.167034
7.22883 0.16703
7.23198 0.167026
7.23513 0.167023
7.23828 0.16702
7.24143 0.167018
7.24459 0.167015
7.24774 0.167013
7.25089 0.167012
7.25404 0.167135
7.25719 0.167118
7.26035 0.167104
7.2635 0.167091
7.26665 0.167079
7.2698 0.167069
7.27295 0.167061
7.27611 0.167053
7.27926 0.167046
7.28241 0.167041
7.28556 0.167036
7.28871 0.167031
7.29187 0.167027
7.29502 0.167149
7.29817 0.16713
7.30132 0.167114
7.30447 0.1671
7.30763 0.167087
7.31078 0.167076
7.31393 0.167067
7.31708 0.167058
7.32023 0.167051
7.32339 0.167045
7.32654 0.167039
7.32969 0.167034
7.33284 0.16703
7.33599 0.167026
7.33915 0.167023
7.3423 0.16702
7.34545 0.167018
7.3486 0.167015
7.35175 0.167013
7.35491 0.167012
7.35806 0.16701
7.36121 0.167009
7.36436 0.167383
7.36751 0.16771
7.37067 0.167996
7.37382 0.168247
7.37697 0.168466
7.38012 0.168783
7.38327 0.168935
7.38643 0.169068
7.38958 0.169184
7.39273 0.169286
7.39588 0.169376
7.39903 0.169579
7.40219 0.169756
7.40534 0.169787
7.40849 0.169813
7.41164 0.169837
7.41479 0.169857
7.41795 0.169875
7.4211 0.170016
7.42425 0.170014
7.4274 0.170012
7.43055 0.17001
7.43371 0.170009
7.43686 0.170008
7.44001 0.170132
7.44316 0.170241
7.44631 0.17021
7.44947 0.170184
7.45262 0.170161
7.45577 0.170141
7.45892 0.170123
7.46207 0.170233
7.46523 0.170204
7.46838 0.170178
7.47153 0.170156
7.47468 0.170137
7.47783 0.170119
7.48099 0.170105
7.48414 0.170216
7.48729 0.170189
7.49044 0.170166
7.49359 0.170145
7.49675 0.170127
7.4999 0.170111
7.50305 0.170222
7.5062 0.170319
7.50935 0.170279
7.51251 0.170245
7.51566 0.170214
7.51881 0.170187
7.52196 0.170164
7.52511 0.170268
7.52827 0.170235
7.53142 0.170205
7.53457 0.17018
7.53772 0.170157
7.54087 0.170138
7.54403 0.170245
7.54718 0.17034
7.55033 0.170297
7.55348 0.17026
7.55663 0.170228
7.55979 0.170199
7.56294 0.170174
7.56609 0.170277
7.56924 0.170243
7.57239 0.170212
7.57555 0.170186
7.5787 0.170163
7.58185 0.170142
7.585 0.17025
7.58815 0.170343
7.59131 0.1703
7.59446 0.170263
7.59761 0.17023
7.60076 0.170201
7.60391 0.170176
7.60707 0.170279
7.61022 0.170244
7.61337 0.170214
7.61652 0.170187
7.61967 0.170164
7.62283 0.170143
7.62598 0.170125
7.62913 0.170235
7.63228 0.170205
7.63543 0.17018
7.63859 0.170157
7.64174 0.170138
7.64489 0.17012
7.64804 0.17023
7.65119 0.170326
7.65435 0.170286
7.6575 0.17025
7.66065 0.170219
7.6638 0.170191
7.66695 0.170167
7.67011 0.170272
7.67326 0.170238
7.67641 0.170208
7.67956 0.170182
7.68271 0.170159
7.68587 0.170139
7.68902 0.170247
7.69217 0.170341
7.69532 0.170298
7.69847 0.170261
7.70163 0.170228
7.70478 0.170575
7.70793 0.170878
7.71108 0.171268
7.71423 0.17161
7.71739 0.171784
7.72054 0.171936
7.72369 0.172069
7.72684 0.172185
7.72999 0.172287
7.73315 0.172501
7.7363 0.172688
7.73945 0.172727
7.7426 0.172761
7.74575 0.172791
7.74891 0.172817
7.75206 0.172965
7.75521 0.173095
7.75836 0.173083
7.76151 0.173072
7.76467 0.173063
7.76782 0.173055
7.77097 0.173048
7.77412 0.173167
7.77727 0.173271
7.78043 0.173238
7.78358 0.173208
7.78673 0.173182
7.78988 0.173159
7.79303 0.173264
7.79619 0.173356
7.79934 0.173437
7.80249 0.173382
7.80564 0.173334
7.80879 0.173293
7.81195 0.173256
7.8151 0.173349
7.81825 0.17343
7.8214 0.173377
7.82455 0.173329
7.82771 0.173288
7.83086 0.173252
7.83401 0.173346
7.83716 0.173428
7.84031 0.173499
7.84347 0.173437
7.84662 0.173382
7.84977 0.173334
7.85292 0.173293
7.85607 0.173381
7.85923 0.173458
7.86238 0.173401
7.86553 0.173351
7.86868 0.173307
7.87183 0.173269
7.87499 0.173235
7.87814 0.173331
7.88129 0.173414
7.88444 0.173363
7.88759 0.173317
7.89075 0.173278
7.8939 0.173243
7.89705 0.173338
7.9002 0.17342
7.90335 0.173493
7.90651 0.173431
7.90966 0.173377
7.91281 0.17333
7.91596 0.173289
7.91911 0.173378
7.92227 0.173456
7.92542 0.173399
7.92857 0.173349
7.93172 0.173305
7.93487 0.173267
7.93803 0.173359
7.94118 0.173439
7.94433 0.173509
7.94748 0.173445
7.95063 0.17339
7.95379 0.173341
7.95694 0.173298
7.96009 0.173386
7.96324 0.173463
7.96639 0.173405
7.96955 0.173354
7.9727 0.17331
7.97585 0.173271
7.979 0.173362
7.98215 0.173442
7.98531 0.173512
7.98846 0.173448
7.99161 0.173392
7.99476 0.173343
7.99791 0.1733
8.00107 0.173388
8.00422 0.173464
8.00737 0.173406
8.01052 0.173355
8.01367 0.173311
8.01683 0.173272
8.01998 0.173238
8.02313 0.173333
8.02628 0.173417
8.02943 0.173365
8.03259 0.173319
8.03574 0.173279
8.03889 0.173244
8.04204 0.173339
8.04519 0.173421
8.04835 0.173494
8.0515 0.173432
8.05465 0.173753
8.0578 0.174034
8.06095 0.17428
8.06411 0.17462
8.06726 0.174917
8.07041 0.175178
8.07356 0.17528
8.07671 0.17537
8.07987 0.175449
8.08302 0.175643
8.08617 0.175813
8.08932 0.175961
8.09247 0.176091
8.09563 0.176079
8.09878 0.17607
8.10193 0.176061
8.10508 0.176178
8.10823 0.176281
8.11139 0.176371
8.11454 0.176324
8.11769 0.176284
8.12084 0.176248
8.12399 0.176217
8.12715 0.176315
8.1303 0.176401
8.13345 0.176476
8.1366 0.176416
8.13975 0.176364
8.14291 0.176319
8.14606 0.176404
8.14921 0.176478
8.15236 0.176544
8.15551 0.176476
8.15867 0.176416
8.16182 0.176364
8.16497 0.176319
8.16812 0.176404
8.17127 0.176478
8.17443 0.176544
8.17758 0.176476
8.18073 0.176416
8.18388 0.176364
8.18703 0.176444
8.19019 0.176513
8.19334 0.176574
8.19649 0.176627
8.19964 0.176549
8.20279 0.17648
8.20595 0.17642
8.2091 0.176493
8.21225 0.176556
8.2154 0.176612
8.21855 0.176535
8.22171 0.176468
8.22486 0.17641
8.22801 0.176483
8.23116 0.176548
8.23431 0.176605
8.23747 0.176654
8.24062 0.176572
8.24377 0.176501
8.24692 0.176438
8.25007 0.176508
8.25323 0.17657
8.25638 0.176624
8.25953 0.176546
8.26268 0.176477
8.26583 0.176418
8.26899 0.176366
8.27214 0.176445
8.27529 0.176514
8.27844 0.176575
8.28159 0.176503
8.28475 0.17644
8.2879 0.176385
8.29105 0.176462
8.2942 0.176529
8.29735 0.176588
8.30051 0.17664
8.30366 0.17656
8.30681 0.17649
8.30996 0.176428
8.31311 0.1765
8.31627 0.176562
8.31942 0.176617
8.32257 0.17654
8.32572 0.176472
8.32887 0.176413
8.33203 0.176487
8.33518 0.176551
8.33833 0.176607
8.34148 0.176656
8.34463 0.176574
8.34779 0.176502
8.35094 0.17644
8.35409 0.17651
8.35724 0.176571
8.36039 0.176625
8.36355 0.176546
8.3667 0.176478
8.36985 0.176418
8.373 0.176491
8.37615 0.176555
8.37931 0.17661
8.38246 0.176659
8.38561 0.176577
8.38876 0.176505
8.39191 0.176442
8.39507 0.176511
8.39822 0.176572
8.40137 0.176626
8.40452 0.176548
8.40767 0.176854
8.41083 0.177122
8.41398 0.177357
8.41713 0.177687
8.42028 0.177977
8.42343 0.178229
8.42659 0.178451
8.42974 0.178519
8.43289 0.17858
8.43604 0.178757
8.43919 0.178912
8.44235 0.179048
8.4455 0.179167
8.44865 0.179271
8.4518 0.179237
8.45495 0.179208
8.45811 0.179307
8.46126 0.179393
8.46441 0.179469
8.46756 0.179536
8.47071 0.179469
8.47387 0.17941
8.47702 0.179484
8.48017 0.179548
8.48332 0.179605
8.48647 0.179654
8.48963 0.179697
8.49278 0.17961
8.49593 0.179534
8.49908 0.179592
8.50223 0.179643
8.50539 0.179688
8.50854 0.179727
8.51169 0.179636
8.51484 0.179556
8.51799 0.179487
8.52115 0.179551
8.5243 0.179607
8.52745 0.179656
8.5306 0.179699
8.53375 0.179612
8.53691 0.179535
8.54006 0.179593
8.54321 0.179644
8.54636 0.179689
8.54951 0.179728
8.55267 0.179637
8.55582 0.179557
8.55897 0.179487
8.56212 0.179552
8.56527 0.179608
8.56843 0.179657
8.57158 0.1797
8.57473 0.179612
8.57788 0.179536
8.58103 0.179594
8.58419 0.179644
8.58734 0.179689
8.59049 0.179728
8.59364 0.179762
8.59679 0.179667
8.59995 0.179583
8.6031 0.179635
8.60625 0.179681
8.6094 0.179721
8.61255 0.179756
8.61571 0.179661
8.61886 0.179579
8.62201 0.179631
8.62516 0.179677
8.62831 0.179718
8.63147 0.179753
8.63462 0.179784
8.63777 0.179686
8.64092 0.1796
8.64407 0.17965
8.64723 0.179694
8.65038 0.179732
8.65353 0.179766
8.65668 0.17967
8.65983 0.179586
8.66299 0.179513
8.66614 0.179574
8.66929 0.179627
8.67244 0.179674
8.67559 0.179714
8.67875 0.179625
8.6819 0.179547
8.68505 0.179604
8.6882 0.179653
8.69135 0.179697
8.69451 0.179734
8.69766 0.179768
8.70081 0.179672
8.70396 0.179588
8.70711 0.179639
8.71027 0.179684
8.71342 0.179724
8.71657 0.179758
8.71972 0.179664
8.72287 0.179581
8.72603 0.179633
8.72918 0.179679
8.73233 0.179719
8.73548 0.179754
8.73863 0.179785
8.74179 0.179687
8.74494 0.179601
8.74809 0.179651
8.75124 0.179694
8.75439 0.179733
8.75755 0.179766
8.7607 0.17967
8.76385 0.179587
8.767 0.179638
8.77015 0.180058
8.77331 0.180426
8.77646 0.180748
8.77961 0.181029
8.78276 0.181276
8.78591 0.181366
8.78907 0.18157
8.79222 0.181749
8.79537 0.181906
8.79852 0.182042
8.80167 0.182162
8.80483 0.182142
8.80798 0.182124
8.81113 0.182234
8.81428 0.182329
8.81743 0.182413
8.82059 0.182487
8.82374 0.182551
8.82689 0.182482
8.83004 0.182547
8.83319 0.182603
8.83635 0.182653
8.8395 0.182696
8.84265 0.182734
8.8458 0.182767
8.84895 0.182672
8.85211 0.182713
8.85526 0.182749
8.85841 0.18278
8.86156 0.182807
8.86471 0.182832
8.86787 0.182728
8.87102 0.182762
8.87417 0.182791
8.87732 0.182818
8.88047 0.18284
8.88363 0.18286
8.88678 0.182878
8.88993 0.182768
8.89308 0.182797
8.89623 0.182822
8.89939 0.182845
8.90254 0.182864
8.90569 0.182881
8.90884 0.182771
8.91199 0.182675
8.91515 0.182715
8.9183 0.182751
8.92145 0.182782
8.9246 0.182809
8.92775 0.182833
8.93091 0.182729
8.93406 0.182763
8.93721 0.182792
8.94036 0.182818
8.94351 0.182841
8.94667 0.182861
8.94982 0.182753
8.95297 0.182659
8.95612 0.182702
8.95927 0.182739
8.96243 0.182772
8.96558 0.1828
8.96873 0.182825
8.97188 0.182722
8.97503 0.182757
8.97819 0.182787
8.98134 0.182814
8.98449 0.182837
8.98764 0.182857
8.99079 0.182875
8.99395 0.182766
8.9971 0.182795
9.00025 0.182821
9.0034 0.182843
9.00655 0.182863
9.00971 0.18288
9.01286 0.18277
9.01601 0.182799
9.01916 0.182824
9.02231 0.182846
9.02547 0.182865
9.02862 0.182882
9.03177 0.182897
9.03492 0.182785
9.03807 0.182812
9.04123 0.182835
9.04438 0.182856
9.04753 0.182874
9.05068 0.18289
9.05383 0.182778
9.05699 0.182681
9.06014 0.182721
9.06329 0.182756
9.06644 0.182786
9.06959 0.182813
9.07275 0.182836
9.0759 0.182732
9.07905 0.182765
9.0822 0.182795
9.08535 0.18282
9.08851 0.182843
9.09166 0.182862
9.09481 0.18288
9.09796 0.18277
9.10111 0.182798
9.10427 0.182824
9.10742 0.182846
9.11057 0.182865
9.11372 0.182882
9.11687 0.182772
9.12003 0.1828
9.12318 0.182825
9.12633 0.182847
9.12948 0.182866
9.13263 0.182883
9.13579 0.183273
9.13894 0.183613
9.14209 0.183912
9.14524 0.184173
9.14839 0.184401
9.15155 0.184601
9.1547 0.184776
9.15785 0.184929
9.161 0.185063
9.16415 0.18518
9.16731 0.185282
9.17046 0.185372
9.17361 0.185451
9.17676 0.185519
9.17991 0.185579
9.18307 0.185632
9.18622 0.185678
9.18937 0.185718
9.19252 0.185753
9.19567 0.185784
9.19883 0.185811
9.20198 0.18571
9.20513 0.185746
9.20828 0.185778
9.21143 0.185806
9.21459 0.18583
9.21774 0.185851
9.22089 0.18587
9.22404 0.185886
9.22719 0.1859
9.23035 0.185913
9.2335 0.185924
9.23665 0.185933
9.2398 0.185942
9.24295 0.185949
9.24611 0.185955
9.24926 0.185961
9.25241 0.185966
9.25556 0.18597
9.25871 0.185974
9.26187 0.185977
9.26502 0.18598
9.26817 0.185982
9.27132 0.185985
9.27447 0.185987
9.27763 0.185988
9.28078 0.18599
9.28393 0.185991
9.28708 0.185992
9.29023 0.185993
9.29339 0.185994
9.29654 0.185995
9.29969 0.185995
9.30284 0.185996
9.30599 0.185871
9.30915 0.185888
9.3123 0.185902
9.31545 0.185914
9.3186 0.185925
9.32175 0.185934
9.32491 0.185942
9.32806 0.18595
9.33121 0.185956
9.33436 0.185961
9.33751 0.185966
9.34067 0.18597
9.34382 0.185974
9.34697 0.185852
9.35012 0.185871
9.35327 0.185887
9.35643 0.185901
9.35958 0.185913
9.36273 0.185924
9.36588 0.185934
9.36903 0.185942
9.37219 0.185949
9.37534 0.185956
9.37849 0.185961
9.38164 0.185966
9.38479 0.18597
9.38795 0.185974
9.3911 0.185977
9.39425 0.18598
9.3974 0.185983
9.40055 0.185985
9.40371 0.185987
9.40686 0.185988
9.41001 0.18599
9.41316 0.185991
9.41631 0.185992
9.41947 0.185993
9.42262 0.185994
9.42577 0.185995
9.42892 0.185995
9.43207 0.185996
9.43523 0.185996
9.43838 0.185997
9.44153 0.185997
9.44468 0.185998
9.44783 0.185998
9.45099 0.185873
9.45414 0.185889
9.45729 0.185903
9.46044 0.185915
9.46359 0.185926
9.46675 0.185935
9.4699 0.185943
9.47305 0.18595
9.4762 0.185956
9.47935 0.185962
9.48251 0.185967
9.48566 0.185971
9.48881 0.185974
9.49196 0.185978
9.49511 0.18598
9.49827 0.185983
9.50142 0.185985
9.50457 0.185987
9.50772 0.185989
9.51087 0.186365
9.51403 0.186819
9.51718 0.187092
9.52033 0.18733
9.52348 0.187539
9.52663 0.187722
9.52979 0.187882
9.53294 0.188021
9.53609 0.188269
9.53924 0.18836
9.54239 0.18844
9.54555 0.18851
9.5487 0.188571
9.55185 0.188625
9.555 0.188797
9.55815 0.188822
9.56131 0.188844
9.56446 0.188864
9.56761 0.188881
9.57076 0.188896
9.57391 0.188909
9.57706 0.189045
9.58022 0.18904
9.58337 0.189035
9.58652 0.18903
9.58967 0.189026
9.59282 0.189023
9.59598 0.18902
9.59913 0.189018
9.60228 0.189016
9.60543 0.189014
9.60858 0.189012
9.61174 0.18901
9.61489 0.189009
9.61804 0.189133
9.62119 0.189116
9.62434 0.189102
9.6275 0.189089
9.63065 0.189078
9.6338 0.189068
9.63695 0.18906
9.6401 0.189177
9.64326 0.189155
9.64641 0.189136
9.64956 0.189119
9.65271 0.189104
9.65586 0.189091
9.65902 0.189205
9.66217 0.189179
9.66532 0.189157
9.66847 0.189137
9.67162 0.18912
9.67478 0.189105
9.67793 0.189092
9.68108 0.189205
9.68423 0.18918
9.68738 0.189157
9.69054 0.189138
9.69369 0.18912
9.69684 0.189105
9.69999 0.189092
9.70314 0.189081
9.7063 0.189071
9.70945 0.189062
9.7126 0.189054
9.71575 0.189047
9.7189 0.189041
9.72206 0.189161
9.72521 0.189141
9.72836 0.189123
9.73151 0.189108
9.73466 0.189094
9.73782 0.189083
9.74097 0.189072
9.74412 0.189063
9.74727 0.189055
9.75042 0.189048
9.75358 0.189042
9.75673 0.189037
9.75988 0.189032
9.76303 0.189153
9.76618 0.189134
9.76934 0.189117
9.77249 0.189103
9.77564 0.18909
9.77879 0.189079
9.78194 0.189069
9.7851 0.189185
9.78825 0.189162
9.7914 0.189142
9.79455 0.189124
9.7977 0.189109
9.80086 0.189095
9.80401 0.189208
9.80716 0.189182
9.81031 0.189159
9.81346 0.189139
9.81662 0.189122
9.81977 0.189107
9.82292 0.189093
9.82607 0.189207
9.82922 0.189181
9.83238 0.189158
9.83553 0.189138
9.83868 0.189121
9.84183 0.189106
9.84498 0.189093
9.84814 0.189081
9.85129 0.189071
9.85444 0.189062
9.85759 0.189054
9.86074 0.189048
9.8639 0.189042
9.86705 0.189161
9.8702 0.189141
9.87335 0.189124
9.8765 0.189108
9.87966 0.189095
9.88281 0.189083
9.88596 0.189072
9.88911 0.189563
9.89226 0.189993
9.89542 0.190244
9.89857 0.190463
9.90172 0.190655
9.90487 0.190824
9.90802 0.191096
9.91118 0.191334
9.91433 0.191417
9.91748 0.19149
9.92063 0.191554
9.92378 0.191609
9.92694 0.191658
9.93009 0.191826
9.93324 0.191973
9.93639 0.191976
9.93954 0.191979
9.9427 0.191982
9.94585 0.191984
9.949 0.192111
9.95215 0.192222
9.9553 0.192194
9.95846 0.19217
9.96161 0.192149
9.96476 0.19213
9.96791 0.192114
9.97106 0.192225
9.97422 0.192322
9.97737 0.192281
9.98052 0.192246
9.98367 0.192215
9.98682 0.192189
9.98998 0.192165
9.99313 0.192269
9.99628 0.192236
9.99943 0.192206
10.0026 0.19218
10.0057 0.192158
10.0089 0.192138
10.012 0.192246
10.0152 0.19234
10.0183 0.192298
10.0215 0.19226
10.0246 0.192228
10.0278 0.192199
10.031 0.192174
10.0341 0.192278
10.0373 0.192368
10.0404 0.192322
10.0436 0.192282
10.0467 0.192246
10.0499 0.192216
10.053 0.192314
10.0562 0.1924
10.0593 0.19235
10.0625 0.192306
10.0656 0.192268
10.0688 0.192234
10.0719 0.192205
10.0751 0.192304
10.0782 0.192391
10.0814 0.192342
10.0845 0.1923
10.0877 0.192262
10.0908 0.192229
10.094 0.192201
10.0971 0.192301
10.1003 0.192263
10.1034 0.19223
10.1066 0.192201
10.1098 0.192176
10.1129 0.192154
10.1161 0.19226
10.1192 0.192352
10.1224 0.192308
10.1255 0.19227
10.1287 0.192236
10.1318 0.192207
10.135 0.192181
10.1381 0.192283
10.1413 0.192248
10.1444 0.192217
10.1476 0.19219
10.1507 0.192166
10.1539 0.192145
10.157 0.192252
10.1602 0.192346
10.1633 0.192302
10.1665 0.192265
10.1696 0.192232
10.1728 0.192203
10.1759 0.192177
10.1791 0.19228
10.1822 0.19237
10.1854 0.192324
10.1886 0.192283
10.1917 0.192248
10.1949 0.192217
10.198 0.192315
10.2012 0.1924
10.2043 0.19235
10.2075 0.192307
10.2106 0.192268
10.2138 0.192235
10.2169 0.192205
10.2201 0.192305
10.2232 0.192392
10.2264 0.192343
10.2295 0.1923
10.2327 0.192262
10.2358 0.19223
10.239 0.192201
10.2421 0.192301
10.2453 0.192263
10.2484 0.19223
10.2516 0.192201
10.2547 0.192176
10.2579 0.192154
10.261 0.19226
10.2642 0.192352
10.2674 0.192308
10.2705 0.19227
10.2737 0.192236
10.2768 0.192582
10.28 0.192884
10.2831 0.193273
10.2863 0.193614
10.2894 0.193912
10.2926 0.194048
10.2957 0.194167
10.2989 0.194271
10.302 0.194488
10.3052 0.194677
10.3083 0.194842
10.3115 0.194862
10.3146 0.194879
10.3178 0.194894
10.3209 0.194907
10.3241 0.195044
10.3272 0.195163
10.3304 0.195268
10.3335 0.195235
10.3367 0.195205
10.3398 0.19518
10.343 0.195282
10.3462 0.195372
10.3493 0.19545
10.3525 0.195394
10.3556 0.195345
10.3588 0.195302
10.3619 0.195264
10.3651 0.195356
10.3682 0.195436
10.3714 0.195507
10.3745 0.195444
10.3777 0.195388
10.3808 0.19534
10.384 0.195297
10.3871 0.195385
10.3903 0.195462
10.3934 0.195404
10.3966 0.195354
10.3997 0.195309
10.4029 0.195271
10.406 0.195362
10.4092 0.195442
10.4123 0.195511
10.4155 0.195448
10.4186 0.195392
10.4218 0.195343
10.425 0.1953
10.4281 0.195387
10.4313 0.195464
10.4344 0.195531
10.4376 0.195465
10.4407 0.195406
10.4439 0.195356
10.447 0.195436
10.4502 0.195507
10.4533 0.195568
10.4565 0.195497
10.4596 0.195435
10.4628 0.195381
10.4659 0.195333
10.4691 0.195417
10.4722 0.195489
10.4754 0.195553
10.4785 0.195484
10.4817 0.195424
10.4848 0.195371
10.488 0.195324
10.4911 0.195409
10.4943 0.195483
10.4974 0.195422
10.5006 0.19537
10.5038 0.195323
10.5069 0.195283
10.5101 0.195373
10.5132 0.195451
10.5164 0.19552
10.5195 0.195455
10.5227 0.195398
10.5258 0.195348
10.529 0.195305
10.5321 0.195392
10.5353 0.195468
10.5384 0.195409
10.5416 0.195358
10.5447 0.195313
10.5479 0.195274
10.551 0.195365
10.5542 0.195444
10.5573 0.195514
10.5605 0.195449
10.5636 0.195393
10.5668 0.195344
10.5699 0.195301
10.5731 0.195388
10.5762 0.195465
10.5794 0.195532
10.5826 0.195465
10.5857 0.195407
10.5889 0.195356
10.592 0.195437
10.5952 0.195507
10.5983 0.195569
10.6015 0.195498
10.6046 0.195435
10.6078 0.195381
10.6109 0.195333
10.6141 0.195417
10.6172 0.19549
10.6204 0.195553
10.6235 0.195484
10.6267 0.195424
10.6298 0.195371
10.633 0.195324
10.6361 0.195409
10.6393 0.195483
10.6424 0.195422
10.6456 0.19537
10.6487 0.195323
10.6519 0.195283
10.655 0.195373
10.6582 0.195451
10.6614 0.19552
10.6645 0.195455
10.6677 0.195773
10.6708 0.196051
10.674 0.196295
10.6771 0.196633
10.6803 0.196929
10.6834 0.197188
10.6866 0.197414
10.6897 0.197487
10.6929 0.197552
10.696 0.197733
10.6992 0.197891
10.7023 0.19803
10.7055 0.198151
10.7086 0.198132
10.7118 0.198116
10.7149 0.198101
10.7181 0.198213
10.7212 0.198312
10.7244 0.198398
10.7275 0.198473
10.7307 0.198414
10.7338 0.198362
10.737 0.198442
10.7402 0.198512
10.7433 0.198573
10.7465 0.198626
10.7496 0.198548
10.7528 0.198479
10.7559 0.198419
10.7591 0.198492
10.7622 0.198556
10.7654 0.198611
10.7685 0.19866
10.7717 0.198577
10.7748 0.198505
10.778 0.198442
10.7811 0.198512
10.7843 0.198573
10.7874 0.198626
10.7906 0.198548
10.7937 0.198479
10.7969 0.198419
10.8 0.198492
10.8032 0.198556
10.8063 0.198611
10.8095 0.19866
10.8126 0.198577
10.8158 0.198505
10.819 0.198442
10.8221 0.198512
10.8253 0.198573
10.8284 0.198626
10.8316 0.198673
10.8347 0.198589
10.8379 0.198515
10.841 0.198576
10.8442 0.198629
10.8473 0.198675
10.8505 0.198716
10.8536 0.198626
10.8568 0.198548
10.8599 0.19848
10.8631 0.198545
10.8662 0.198602
10.8694 0.198651
10.8725 0.198695
10.8757 0.198608
10.8788 0.198532
10.882 0.198466
10.8851 0.198532
10.8883 0.198591
10.8914 0.198642
10.8946 0.198562
10.8978 0.198491
10.9009 0.19843
10.9041 0.198501
10.9072 0.198564
10.9104 0.198618
10.9135 0.198666
10.9167 0.198583
10.9198 0.19851
10.923 0.198446
10.9261 0.198515
10.9293 0.198576
10.9324 0.198629
10.9356 0.19855
10.9387 0.198482
10.9419 0.198421
10.945 0.198494
10.9482 0.198557
10.9513 0.198612
10.9545 0.198661
10.9576 0.198578
10.9608 0.198506
10.9639 0.198443
10.9671 0.198512
10.9702 0.198573
10.9734 0.198627
10.9766 0.198673
10.9797 0.198589
10.9829 0.198516
10.986 0.198576
10.9892 0.198629
10.9923 0.198675
10.9955 0.198716
10.9986 0.198626
11.0018 0.198548
11.0049 0.19848
11.0081 0.198545
11.0112 0.198602
11.0144 0.198651
11.0175 0.198695
11.0207 0.198608
11.0238 0.198532
11.027 0.198466
11.0301 0.198532
11.0333 0.198591
11.0364 0.198642
11.0396 0.198562
11.0427 0.198492
11.0459 0.19843
11.049 0.198501
11.0522 0.198564
11.0554 0.198618
11.0585 0.198666
11.0617 0.198583
11.0648 0.19851
11.068 0.198821
11.0711 0.199218
11.0743 0.199566
11.0774 0.19987
11.0806 0.200137
11.0837 0.20037
11.0869 0.200448
11.09 0.200642
11.0932 0.200812
11.0963 0.20096
11.0995 0.20109
11.1026 0.201204
11.1058 0.201179
11.1089 0.201156
11.1121 0.201262
11.1152 0.201354
11.1184 0.201435
11.1215 0.201505
11.1247 0.201567
11.1278 0.201496
11.131 0.201559
11.1342 0.201614
11.1373 0.201663
11.1405 0.201705
11.1436 0.201742
11.1468 0.201649
11.1499 0.201568
11.1531 0.201622
11.1562 0.201669
11.1594 0.20171
11.1625 0.201747
11.1657 0.201778
11.1688 0.201681
11.172 0.201596
11.1751 0.201646
11.1783 0.201691
11.1814 0.201729
11.1846 0.201763
11.1877 0.201668
11.1909 0.201584
11.194 0.201636
11.1972 0.201682
11.2003 0.201721
11.2035 0.201756
11.2066 0.201787
11.2098 0.201688
11.213 0.201602
11.2161 0.201652
11.2193 0.201696
11.2224 0.201734
11.2256 0.201767
11.2287 0.201796
11.2319 0.201697
11.235 0.201734
11.2382 0.201768
11.2413 0.201797
11.2445 0.201822
11.2476 0.201844
11.2508 0.201739
11.2539 0.201646
11.2571 0.201691
11.2602 0.201729
11.2634 0.201763
11.2665 0.201793
11.2697 0.201819
11.2728 0.201716
11.276 0.201627
11.2791 0.201673
11.2823 0.201714
11.2854 0.20175
11.2886 0.201781
11.2918 0.201684
11.2949 0.201598
11.2981 0.201648
11.3012 0.201692
11.3044 0.201731
11.3075 0.201764
11.3107 0.201794
11.3138 0.201695
11.317 0.201608
11.3201 0.201657
11.3233 0.2017
11.3264 0.201737
11.3296 0.20177
11.3327 0.201674
11.3359 0.20159
11.339 0.201641
11.3422 0.201686
11.3453 0.201725
11.3485 0.201759
11.3516 0.20179
11.3548 0.201691
11.3579 0.201604
11.3611 0.201654
11.3642 0.201697
11.3674 0.201735
11.3706 0.201768
11.3737 0.201797
11.3769 0.201697
11.38 0.201735
11.3832 0.201768
11.3863 0.201797
11.3895 0.201823
11.3926 0.201845
11.3958 0.201739
11.3989 0.201647
11.4021 0.201691
11.4052 0.20173
11.4084 0.201763
11.4115 0.201793
11.4147 0.201819
11.4178 0.201716
11.421 0.201627
11.4241 0.201674
11.4273 0.201714
11.4304 0.20175
11.4336 0.201781
11.4367 0.201684
11.4399 0.201598
11.443 0.201648
11.4462 0.201692
11.4494 0.201731
11.4525 0.201764
11.4557 0.201794
11.4588 0.201695
11.462 0.201608
11.4651 0.201657
11.4683 0.2017
11.4714 0.202112
11.4746 0.202473
11.4777 0.202789
11.4809 0.203065
11.484 0.203307
11.4872 0.203519
11.4903 0.203704
11.4935 0.203866
11.4966 0.204008
11.4998 0.204132
11.5029 0.204115
11.5061 0.204226
11.5092 0.204323
11.5124 0.204407
11.5155 0.204481
11.5187 0.204546
11.5218 0.204603
11.525 0.204528
11.5282 0.204587
11.5313 0.204638
11.5345 0.204684
11.5376 0.204723
11.5408 0.204758
11.5439 0.204663
11.5471 0.204705
11.5502 0.204742
11.5534 0.204774
11.5565 0.204802
11.5597 0.204827
11.5628 0.204849
11.566 0.204743
11.5691 0.204775
11.5723 0.204803
11.5754 0.204828
11.5786 0.204849
11.5817 0.204868
11.5849 0.20476
11.588 0.20479
11.5912 0.204816
11.5943 0.204839
11.5975 0.204859
11.6006 0.204877
11.6038 0.204892
11.607 0.204781
11.6101 0.204808
11.6133 0.204832
11.6164 0.204853
11.6196 0.204871
11.6227 0.204887
11.6259 0.204902
11.629 0.204914
11.6322 0.204925
11.6353 0.204934
11.6385 0.204942
11.6416 0.204949
11.6448 0.204956
11.6479 0.204836
11.6511 0.204857
11.6542 0.204875
11.6574 0.20489
11.6605 0.204904
11.6637 0.204916
11.6668 0.204927
11.67 0.204811
11.6731 0.204834
11.6763 0.204855
11.6794 0.204873
11.6826 0.204889
11.6858 0.204903
11.6889 0.20479
11.6921 0.204816
11.6952 0.204839
11.6984 0.204859
11.7015 0.204877
11.7047 0.204892
11.7078 0.204906
11.711 0.204793
11.7141 0.204818
11.7173 0.204841
11.7204 0.204861
11.7236 0.204878
11.7267 0.204894
11.7299 0.204907
11.733 0.204919
11.7362 0.204929
11.7393 0.204938
11.7425 0.204945
11.7456 0.204952
11.7488 0.204958
11.7519 0.204838
11.7551 0.204859
11.7582 0.204876
11.7614 0.204892
11.7646 0.204905
11.7677 0.204917
11.7709 0.204927
11.774 0.204937
11.7772 0.204944
11.7803 0.204951
11.7835 0.204957
11.7866 0.204963
11.7898 0.204967
11.7929 0.204847
11.7961 0.204866
11.7992 0.204882
11.8024 0.204897
11.8055 0.20491
11.8087 0.204921
11.8118 0.204931
11.815 0.204815
11.8181 0.204838
11.8213 0.204858
11.8244 0.204876
11.8276 0.204891
11.8307 0.204905
11.8339 0.204792
11.837 0.204818
11.8402 0.204841
11.8434 0.204861
11.8465 0.204878
11.8497 0.204893
11.8528 0.204907
11.856 0.204793
11.8591 0.204819
11.8623 0.204842
11.8654 0.204861
11.8686 0.204879
11.8717 0.204894
11.8749 0.204907
11.878 0.204919
11.8812 0.204929
11.8843 0.205313
11.8875 0.205649
11.8906 0.205943
11.8938 0.2062
11.8969 0.206425
11.9001 0.206622
11.9032 0.206794
11.9064 0.206945
11.9095 0.207077
11.9127 0.207192
11.9158 0.207293
11.919 0.207381
11.9222 0.207459
11.9253 0.207526
11.9285 0.207586
11.9316 0.207637
11.9348 0.207683
11.9379 0.207722
11.9411 0.207757
11.9442 0.207787
11.9474 0.207814
11.9505 0.207837
11.9537 0.207858
11.9568 0.207875
11.96 0.207891
11.9631 0.207905
11.9663 0.207917
11.9694 0.207927
11.9726 0.207936
11.9757 0.207944
11.9789 0.207951
11.982 0.207957
11.9852 0.207963
11.9883 0.207967
11.9915 0.207971
11.9946 0.207975
11.9978 0.207978
12.001 0.207981
12.0041 0.207983
12.0073 0.207985
12.0104 0.207987
12.0136 0.207989
12.0167 0.20799
12.0199 0.207991
12.023 0.208117
12.0262 0.208103
12.0293 0.20809
12.0325 0.208079
12.0356 0.208069
12.0388 0.20806
12.0419 0.208053
12.0451 0.208046
12.0482 0.20804
12.0514 0.208035
12.0545 0.208031
12.0577 0.208027
12.0608 0.208024
12.064 0.208021
12.0671 0.208018
12.0703 0.208016
12.0734 0.208014
12.0766 0.208012
12.0798 0.208011
12.0829 0.208009
12.0861 0.208008
12.0892 0.208007
12.0924 0.208006
12.0955 0.208005
12.0987 0.208005
12.1018 0.208004
12.105 0.208004
12.1081 0.208003
12.1113 0.208003
12.1144 0.208002
12.1176 0.208002
12.1207 0.208002
12.1239 0.208002
12.127 0.208126
12.1302 0.208111
12.1333 0.208097
12.1365 0.208085
12.1396 0.208074
12.1428 0.208065
12.1459 0.208057
12.1491 0.20805
12.1522 0.208043
12.1554 0.208038
12.1586 0.208033
12.1617 0.208029
12.1649 0.208025
12.168 0.208147
12.1712 0.208129
12.1743 0.208113
12.1775 0.208099
12.1806 0.208086
12.1838 0.208076
12.1869 0.208066
12.1901 0.208058
12.1932 0.208051
12.1964 0.208044
12.1995 0.208039
12.2027 0.208034
12.2058 0.20803
12.209 0.208026
12.2121 0.208023
12.2153 0.20802
12.2184 0.208017
12.2216 0.208015
12.2247 0.208013
12.2279 0.208012
12.231 0.20801
12.2342 0.208009
12.2374 0.208008
12.2405 0.208007
12.2437 0.208006
12.2468 0.208005
12.25 0.208005
12.2531 0.208004
12.2563 0.208003
12.2594 0.208003
12.2626 0.208003
12.2657 0.208002
12.2689 0.208002
12.272 0.208127
12.2752 0.208111
12.2783 0.208097
12.2815 0.208085
12.2846 0.208074
12.2878 0.208065
12.2909 0.208057
12.2941 0.20805
12.2972 0.208044
12.3004 0.208413
12.3035 0.208736
12.3067 0.209019
12.3098 0.209267
12.313 0.209484
12.3162 0.209798
12.3193 0.209948
12.3225 0.21008
12.3256 0.210195
12.3288 0.210296
12.3319 0.210384
12.3351 0.210586
12.3382 0.210637
12.3414 0.210683
12.3445 0.210722
12.3477 0.210757
12.3508 0.210787
12.354 0.210814
12.3571 0.210962
12.3603 0.210967
12.3634 0.210971
12.3666 0.210975
12.3697 0.210978
12.3729 0.210981
12.376 0.211108
12.3792 0.211095
12.3823 0.211083
12.3855 0.211072
12.3886 0.211063
12.3918 0.211055
12.395 0.211048
12.3981 0.211167
12.4013 0.211147
12.4044 0.211128
12.4076 0.211112
12.4107 0.211098
12.4139 0.211086
12.417 0.2112
12.4202 0.2113
12.4233 0.211263
12.4265 0.21123
12.4296 0.211201
12.4328 0.211176
12.4359 0.211154
12.4391 0.21126
12.4422 0.211227
12.4454 0.211199
12.4485 0.211174
12.4517 0.211152
12.4548 0.211133
12.458 0.211117
12.4611 0.211227
12.4643 0.211199
12.4674 0.211174
12.4706 0.211152
12.4738 0.211133
12.4769 0.211116
12.4801 0.211227
12.4832 0.211199
12.4864 0.211174
12.4895 0.211152
12.4927 0.211133
12.4958 0.211116
12.499 0.211102
12.5021 0.211214
12.5053 0.211187
12.5084 0.211164
12.5116 0.211143
12.5147 0.211125
12.5179 0.21111
12.521 0.211221
12.5242 0.211318
12.5273 0.211279
12.5305 0.211244
12.5336 0.211213
12.5368 0.211187
12.5399 0.211163
12.5431 0.211268
12.5462 0.211234
12.5494 0.211205
12.5526 0.211179
12.5557 0.211157
12.5589 0.211137
12.562 0.211245
12.5652 0.21134
12.5683 0.211297
12.5715 0.21126
12.5746 0.211227
12.5778 0.211199
12.5809 0.211174
12.5841 0.211277
12.5872 0.211243
12.5904 0.211212
12.5935 0.211186
12.5967 0.211163
12.5998 0.211142
12.603 0.211124
12.6061 0.211234
12.6093 0.211205
12.6124 0.211179
12.6156 0.211157
12.6187 0.211137
12.6219 0.21112
12.625 0.21123
12.6282 0.211201
12.6314 0.211176
12.6345 0.211154
12.6377 0.211135
12.6408 0.211118
12.644 0.211103
12.6471 0.211215
12.6503 0.211188
12.6534 0.211165
12.6566 0.211144
12.6597 0.211126
12.6629 0.21111
12.666 0.211222
12.6692 0.211319
12.6723 0.211279
12.6755 0.211244
12.6786 0.211214
12.6818 0.211187
12.6849 0.211164
12.6881 0.211268
12.6912 0.211235
12.6944 0.211205
12.6975 0.21118
12.7007 0.211157
12.7038 0.211138
12.707 0.21112
12.7102 0.21123
12.7133 0.211202
12.7165 0.211176
12.7196 0.211154
12.7228 0.211135
12.7259 0.211493
12.7291 0.211931
12.7322 0.212315
12.7354 0.212526
12.7385 0.21271
12.7417 0.212871
12.7448 0.213012
12.748 0.213136
12.7511 0.213369
12.7543 0.213573
12.7574 0.213626
12.7606 0.213673
12.7637 0.213714
12.7669 0.21375
12.77 0.213906
12.7732 0.214043
12.7763 0.214037
12.7795 0.214033
12.7826 0.214029
12.7858 0.214025
12.789 0.214022
12.7921 0.214144
12.7953 0.214251
12.7984 0.21422
12.8016 0.214192
12.8047 0.214168
12.8079 0.214147
12.811 0.214254
12.8142 0.214347
12.8173 0.214429
12.8205 0.214375
12.8236 0.214328
12.8268 0.214287
12.8299 0.214251
12.8331 0.214345
12.8362 0.214427
12.8394 0.214373
12.8425 0.214327
12.8457 0.214286
12.8488 0.21425
12.852 0.214219
12.8551 0.214317
12.8583 0.214402
12.8614 0.214352
12.8646 0.214308
12.8678 0.214269
12.8709 0.214236
12.8741 0.214331
12.8772 0.214415
12.8804 0.214363
12.8835 0.214318
12.8867 0.214278
12.8898 0.214243
12.893 0.214213
12.8961 0.214311
12.8993 0.214397
12.9024 0.214348
12.9056 0.214304
12.9087 0.214266
12.9119 0.214233
12.915 0.214329
12.9182 0.214413
12.9213 0.214486
12.9245 0.214425
12.9276 0.214372
12.9308 0.214326
12.9339 0.214285
12.9371 0.214374
12.9402 0.214453
12.9434 0.214396
12.9466 0.214346
12.9497 0.214303
12.9529 0.214265
12.956 0.214357
12.9592 0.214437
12.9623 0.214508
12.9655 0.214444
12.9686 0.214389
12.9718 0.21434
12.9749 0.214298
12.9781 0.214385
12.9812 0.214462
12.9844 0.214404
12.9875 0.214354
12.9907 0.21431
12.9938 0.214271
12.997 0.214237
13.0001 0.214332
13.0033 0.214416
13.0064 0.214364
13.0096 0.214318
13.0127 0.214279
13.0159 0.214244
13.019 0.214338
13.0222 0.214421
13.0254 0.214368
13.0285 0.214322
13.0317 0.214282
13.0348 0.214247
13.038 0.214216
13.0411 0.214314
13.0443 0.2144
13.0474 0.21435
13.0506 0.214306
13.0537 0.214268
13.0569 0.214234
13.06 0.21433
13.0632 0.214414
13.0663 0.214487
13.0695 0.214426
13.0726 0.214373
13.0758 0.214326
13.0789 0.214285
13.0821 0.214375
13.0852 0.214453
13.0884 0.214396
13.0915 0.214347
13.0947 0.214303
13.0978 0.214266
13.101 0.214232
13.1042 0.214328
13.1073 0.214412
13.1105 0.214361
13.1136 0.214316
13.1168 0.214276
13.1199 0.214242
13.1231 0.214336
13.1262 0.214419
13.1294 0.214367
13.1325 0.214321
13.1357 0.214281
13.1388 0.214246
13.142 0.214215
13.1451 0.214313
13.1483 0.214399
13.1514 0.214349
13.1546 0.214681
13.1577 0.21497
13.1609 0.215224
13.164 0.215571
13.1672 0.215875
13.1703 0.21614
13.1735 0.216248
13.1766 0.216342
13.1798 0.216424
13.183 0.216496
13.1861 0.216684
13.1893 0.216849
13.1924 0.216993
13.1956 0.216993
13.1987 0.216994
13.2019 0.216995
13.205 0.217121
13.2082 0.217231
13.2113 0.217327
13.2145 0.217411
13.2176 0.21736
13.2208 0.217315
13.2239 0.217275
13.2271 0.217366
13.2302 0.217445
13.2334 0.217514
13.2365 0.21745
13.2397 0.217394
13.2428 0.217345
13.246 0.217302
13.2491 0.217389
13.2523 0.217465
13.2554 0.217532
13.2586 0.217466
13.2618 0.217407
13.2649 0.217356
13.2681 0.217437
13.2712 0.217507
13.2744 0.217569
13.2775 0.217498
13.2807 0.217436
13.2838 0.217381
13.287 0.217333
13.2901 0.217417
13.2933 0.21749
13.2964 0.217553
13.2996 0.217484
13.3027 0.217424
13.3059 0.217371
13.309 0.217449
13.3122 0.217518
13.3153 0.217578
13.3185 0.217631
13.3216 0.217552
13.3248 0.217483
13.3279 0.217423
13.3311 0.217495
13.3342 0.217558
13.3374 0.217613
13.3406 0.217537
13.3437 0.21747
13.3469 0.217411
13.35 0.217485
13.3532 0.217549
13.3563 0.217605
13.3595 0.217655
13.3626 0.217573
13.3658 0.217501
13.3689 0.217439
13.3721 0.217509
13.3752 0.21757
13.3784 0.217624
13.3815 0.217546
13.3847 0.217478
13.3878 0.217418
13.391 0.217366
13.3941 0.217445
13.3973 0.217514
13.4004 0.217575
13.4036 0.217503
13.4067 0.21744
13.4099 0.217385
13.413 0.217462
13.4162 0.217529
13.4194 0.217588
13.4225 0.217515
13.4257 0.21745
13.4288 0.217394
13.432 0.217345
13.4351 0.217427
13.4383 0.217498
13.4414 0.217561
13.4446 0.217491
13.4477 0.21743
13.4509 0.217376
13.454 0.217454
13.4572 0.217522
13.4603 0.217582
13.4635 0.217634
13.4666 0.217555
13.4698 0.217486
13.4729 0.217425
13.4761 0.217497
13.4792 0.21756
13.4824 0.217615
13.4855 0.217538
13.4887 0.217471
13.4918 0.217412
13.495 0.21736
13.4982 0.21744
13.5013 0.21751
13.5045 0.217571
13.5076 0.2175
13.5108 0.217438
13.5139 0.217383
13.5171 0.21746
13.5202 0.217527
13.5234 0.217587
13.5265 0.217513
13.5297 0.217449
13.5328 0.217393
13.536 0.217344
13.5391 0.217426
13.5423 0.217498
13.5454 0.21756
13.5486 0.21749
13.5517 0.217429
13.5549 0.217375
13.558 0.217453
13.5612 0.217522
13.5643 0.217582
13.5675 0.217509
13.5706 0.217445
13.5738 0.21739
13.577 0.217341
13.5801 0.217423
13.5833 0.217495
13.5864 0.217558
13.5896 0.217489
13.5927 0.217803
13.5959 0.218077
13.599 0.218443
13.6022 0.218762
13.6053 0.219042
13.6085 0.219287
13.6116 0.219501
13.6148 0.219563
13.6179 0.219618
13.6211 0.219791
13.6242 0.219942
13.6274 0.220074
13.6305 0.22019
13.6337 0.220166
13.6368 0.220145
13.64 0.220127
13.6431 0.220236
13.6463 0.220332
13.6494 0.220415
13.6526 0.220488
13.6558 0.220427
13.6589 0.220374
13.6621 0.220452
13.6652 0.220521
13.6684 0.220581
13.6715 0.220633
13.6747 0.220554
13.6778 0.220485
13.681 0.220424
13.6841 0.220496
13.6873 0.220559
13.6904 0.220614
13.6936 0.220662
13.6967 0.22058
13.6999 0.220507
13.703 0.220569
13.7062 0.220623
13.7093 0.22067
13.7125 0.220711
13.7156 0.220747
13.7188 0.220654
13.7219 0.220572
13.7251 0.220626
13.7282 0.220672
13.7314 0.220713
13.7346 0.220749
13.7377 0.220656
13.7409 0.220574
13.744 0.220627
13.7472 0.220674
13.7503 0.220714
13.7535 0.22075
13.7566 0.220781
13.7598 0.220684
13.7629 0.220598
13.7661 0.220648
13.7692 0.220692
13.7724 0.220731
13.7755 0.220764
13.7787 0.220669
13.7818 0.220585
13.785 0.220512
13.7881 0.220573
13.7913 0.220626
13.7944 0.220673
13.7976 0.220714
13.8007 0.220625
13.8039 0.220547
13.807 0.220603
13.8102 0.220653
13.8134 0.220696
13.8165 0.220734
13.8197 0.220642
13.8228 0.220562
13.826 0.220492
13.8291 0.220555
13.8323 0.220611
13.8354 0.22066
13.8386 0.220702
13.8417 0.220614
13.8449 0.220538
13.848 0.220595
13.8512 0.220646
13.8543 0.22069
13.8575 0.220729
13.8606 0.220763
13.8638 0.220667
13.8669 0.220584
13.8701 0.220636
13.8732 0.220682
13.8764 0.220721
13.8795 0.220756
13.8827 0.220662
13.8858 0.220579
13.889 0.220507
13.8922 0.220568
13.8953 0.220622
13.8985 0.220669
13.9016 0.220711
13.9048 0.220622
13.9079 0.220544
13.9111 0.220601
13.9142 0.220651
13.9174 0.220695
13.9205 0.220733
13.9237 0.220641
13.9268 0.220561
13.93 0.220491
13.9331 0.220555
13.9363 0.22061
13.9394 0.220659
13.9426 0.220702
13.9457 0.220614
13.9489 0.220537
13.952 0.220595
13.9552 0.220646
13.9583 0.22069
13.9615 0.220729
13.9646 0.220638
13.9678 0.220558
13.971 0.220488
13.9741 0.220552
13.9773 0.220608
13.9804 0.220657
13.9836 0.2207
13.9867 0.220612
13.9899 0.220536
13.993 0.220594
13.9962 0.220645
13.9993 0.220689
14.0025 0.220728
14.0056 0.220762
14.0088 0.220667
14.0119 0.220583
14.0151 0.220635
14.0182 0.220681
14.0214 0.220721
14.0245 0.220756
14.0277 0.220661
14.0308 0.220579
14.034 0.220881
14.0371 0.221271
14.0403 0.221612
14.0434 0.221911
14.0466 0.222172
14.0498 0.2224
14.0529 0.222475
14.0561 0.222666
14.0592 0.222833
14.0624 0.222979
14.0655 0.223106
14.0687 0.223218
14.0718 0.223191
14.075 0.223167
14.0781 0.223271
14.0813 0.223362
14.0844 0.223442
14.0876 0.223512
14.0907 0.223573
14.0939 0.223501
14.097 0.223563
14.1002 0.223618
14.1033 0.223666
14.1065 0.223708
14.1096 0.223744
14.1128 0.223776
14.1159 0.223679
14.1191 0.223719
14.1222 0.223754
14.1254 0.223785
14.1286 0.223812
14.1317 0.223835
14.1349 0.223731
14.138 0.223765
14.1412 0.223794
14.1443 0.22382
14.1475 0.223842
14.1506 0.223862
14.1538 0.223879
14.1569 0.223769
14.1601 0.223798
14.1632 0.223823
14.1664 0.223845
14.1695 0.223865
14.1727 0.223882
14.1758 0.223771
14.179 0.223675
14.1821 0.223716
14.1853 0.223751
14.1884 0.223782
14.1916 0.22381
14.1947 0.223833
14.1979 0.223729
14.201 0.223763
14.2042 0.223793
14.2074 0.223819
14.2105 0.223841
14.2137 0.223861
14.2168 0.223753
14.22 0.223659
14.2231 0.223702
14.2263 0.223739
14.2294 0.223772
14.2326 0.2238
14.2357 0.223825
14.2389 0.223722
14.242 0.223757
14.2452 0.223787
14.2483 0.223814
14.2515 0.223837
14.2546 0.223857
14.2578 0.223875
14.2609 0.223766
14.2641 0.223795
14.2672 0.223821
14.2704 0.223843
14.2735 0.223863
14.2767 0.22388
14.2798 0.22377
14.283 0.223674
14.2862 0.223714
14.2893 0.22375
14.2925 0.223781
14.2956 0.223809
14.2988 0.223833
14.3019 0.223729
14.3051 0.223762
14.3082 0.223792
14.3114 0.223818
14.3145 0.223841
14.3177 0.223861
14.3208 0.223753
14.324 0.223659
14.3271 0.223702
14.3303 0.223739
14.3334 0.223772
14.3366 0.2238
14.3397 0.223825
14.3429 0.223722
14.346 0.223757
14.3492 0.223787
14.3523 0.223814
14.3555 0.223837
14.3586 0.223857
14.3618 0.22375
14.3649 0.223656
14.3681 0.223699
14.3713 0.223737
14.3744 0.22377
14.3776 0.223799
14.3807 0.223824
14.3839 0.223721
14.387 0.223756
14.3902 0.223786
14.3933 0.223813
14.3965 0.223836
14.3996 0.223857
14.4028 0.223875
14.4059 0.223765
14.4091 0.223795
14.4122 0.22382
14.4154 0.223843
14.4185 0.223862
14.4217 0.22388
14.4248 0.22377
14.428 0.223673
14.4311 0.223714
14.4343 0.22375
14.4374 0.223781
14.4406 0.223809
14.4437 0.223833
14.4469 0.223728
14.4501 0.223762
14.4532 0.223792
14.4564 0.223818
14.4595 0.223841
14.4627 0.223861
14.4658 0.223753
14.469 0.223659
14.4721 0.223702
14.4753 0.223739
14.4784 0.223772
14.4816 0.2238
14.4847 0.2242
14.4879 0.22455
14.491 0.224856
14.4942 0.225124
14.4973 0.225359
14.5005 0.225564
14.5036 0.225743
14.5068 0.2259
14.5099 0.226038
14.5131 0.226158
14.5162 0.226263
14.5194 0.226355
14.5225 0.226436
14.5257 0.226507
14.5289 0.226568
14.532 0.226622
14.5352 0.226669
14.5383 0.226711
14.5415 0.226747
14.5446 0.226779
14.5478 0.226806
14.5509 0.22683
14.5541 0.226852
14.5572 0.22687
14.5604 0.226886
14.5635 0.226901
14.5667 0.226913
14.5698 0.226924
14.573 0.226808
14.5761 0.226832
14.5793 0.226853
14.5824 0.226872
14.5856 0.226888
14.5887 0.226902
14.5919 0.226914
14.595 0.226925
14.5982 0.226934
14.6013 0.226942
14.6045 0.22695
14.6077 0.226956
14.6108 0.226961
14.614 0.226841
14.6171 0.226861
14.6203 0.226878
14.6234 0.226894
14.6266 0.226907
14.6297 0.226919
14.6329 0.226929
14.636 0.226938
14.6392 0.226945
14.6423 0.226952
14.6455 0.226958
14.6486 0.226963
14.6518 0.226968
14.6549 0.226972
14.6581 0.226976
14.6612 0.226979
14.6644 0.226981
14.6675 0.226984
14.6707 0.226986
14.6738 0.226987
14.677 0.226864
14.6801 0.226881
14.6833 0.226896
14.6865 0.226909
14.6896 0.22692
14.6928 0.22693
14.6959 0.226939
14.6991 0.226947
14.7022 0.226953
14.7054 0.226959
14.7085 0.226964
14.7117 0.226969
14.7148 0.226973
14.718 0.226851
14.7211 0.22687
14.7243 0.226886
14.7274 0.2269
14.7306 0.226913
14.7337 0.226924
14.7369 0.226933
14.74 0.226941
14.7432 0.226949
14.7463 0.226955
14.7495 0.226961
14.7526 0.226966
14.7558 0.22697
14.7589 0.226849
14.7621 0.226868
14.7653 0.226884
14.7684 0.226899
14.7716 0.226911
14.7747 0.226922
14.7779 0.226932
14.781 0.226941
14.7842 0.226948
14.7873 0.226955
14.7905 0.22696
14.7936 0.226965
14.7968 0.22697
14.7999 0.226973
14.8031 0.226977
14.8062 0.22698
14.8094 0.226982
14.8125 0.226984
14.8157 0.226986
14.8188 0.226988
14.822 0.226865
14.8251 0.226881
14.8283 0.226896
14.8314 0.226909
14.8346 0.226921
14.8377 0.226931
14.8409 0.226939
14.8441 0.226947
14.8472 0.226953
14.8504 0.226959
14.8535 0.226964
14.8567 0.226969
14.8598 0.226973
14.863 0.226851
14.8661 0.22687
14.8693 0.226886
14.8724 0.2269
14.8756 0.226913
14.8787 0.226924
14.8819 0.226933
14.885 0.226942
14.8882 0.226949
14.8913 0.226955
14.8945 0.226961
14.8976 0.226966
14.9008 0.22697
14.9039 0.226974
14.9071 0.226977
14.9102 0.22698
14.9134 0.226982
14.9165 0.226985
14.9197 0.226987
14.9229 0.226988
14.926 0.22699
14.9292 0.226991
14.9323 0.226992
14.9355 0.226993
14.9386 0.227369
14.9418 0.227698
14.9449 0.227986
14.9481 0.228362
14.9512 0.228567
14.9544 0.228746
14.9575 0.228903
14.9607 0.22904
14.9638 0.22916
14.967 0.229265
14.9701 0.229357
14.9733 0.229437
14.9764 0.229508
14.9796 0.229569
14.9827 0.229623
14.9859 0.22967
14.989 0.229836
14.9922 0.229857
14.9953 0.229875
14.9985 0.22989
15.0017 0.229904
15.0048 0.229916
15.008 0.229927
15.0111 0.229936
15.0143 0.229944
15.0174 0.229951
15.0206 0.229957
15.0237 0.229962
15.0269 0.229967
15.03 0.230096
15.0332 0.230084
15.0363 0.230074
15.0395 0.230064
15.0426 0.230056
15.0458 0.230049
15.0489 0.230043
15.0521 0.230163
15.0552 0.230142
15.0584 0.230125
15.0615 0.230109
15.0647 0.230095
15.0678 0.230083
15.071 0.230073
15.0741 0.230064
15.0773 0.230056
15.0805 0.230049
15.0836 0.230043
15.0868 0.230037
15.0899 0.230033
15.0931 0.230154
15.0962 0.230134
15.0994 0.230118
15.1025 0.230103
15.1057 0.23009
15.1088 0.230079
15.112 0.230069
15.1151 0.23006
15.1183 0.230053
15.1214 0.230046
15.1246 0.23004
15.1277 0.230035
15.1309 0.230031
15.134 0.230152
15.1372 0.230133
15.1403 0.230116
15.1435 0.230102
15.1466 0.230089
15.1498 0.230078
15.1529 0.230068
15.1561 0.23006
15.1593 0.230052
15.1624 0.230046
15.1656 0.23004
15.1687 0.230035
15.1719 0.230031
15.175 0.230152
15.1782 0.230133
15.1813 0.230116
15.1845 0.230102
15.1876 0.230089
15.1908 0.230078
15.1939 0.230068
15.1971 0.230185
15.2002 0.230162
15.2034 0.230141
15.2065 0.230124
15.2097 0.230108
15.2128 0.230095
15.216 0.230083
15.2191 0.230072
15.2223 0.230063
15.2254 0.230056
15.2286 0.230049
15.2317 0.230042
15.2349 0.230037
15.2381 0.230158
15.2412 0.230138
15.2444 0.230121
15.2475 0.230106
15.2507 0.230092
15.2538 0.230081
15.257 0.230071
15.2601 0.230062
15.2633 0.230054
15.2664 0.230047
15.2696 0.230041
15.2727 0.230036
15.2759 0.230032
15.279 0.230153
15.2822 0.230134
15.2853 0.230117
15.2885 0.230102
15.2916 0.23009
15.2948 0.230078
15.2979 0.230069
15.3011 0.230185
15.3042 0.230162
15.3074 0.230142
15.3105 0.230124
15.3137 0.230108
15.3169 0.230095
15.32 0.230208
15.3232 0.230182
15.3263 0.230159
15.3295 0.230139
15.3326 0.230122
15.3358 0.230107
15.3389 0.230093
15.3421 0.230207
15.3452 0.230181
15.3484 0.230158
15.3515 0.230138
15.3547 0.230121
15.3578 0.230106
15.361 0.230093
15.3641 0.230081
15.3673 0.230071
15.3704 0.230062
15.3736 0.230054
15.3767 0.230048
15.3799 0.230042
15.383 0.230161
15.3862 0.230141
15.3893 0.230124
15.3925 0.230108
15.3957 0.230095
15.3988 0.230083
15.402 0.230447
15.4051 0.230892
15.4083 0.231155
15.4114 0.231386
15.4146 0.231587
15.4177 0.231764
15.4209 0.231919
15.424 0.232179
15.4272 0.232406
15.4303 0.232481
15.4335 0.232546
15.4366 0.232602
15.4398 0.232652
15.4429 0.232696
15.4461 0.232859
15.4492 0.233001
15.4524 0.233001
15.4555 0.233001
15.4587 0.233001
15.4618 0.233001
15.465 0.233001
15.4681 0.233126
15.4713 0.23311
15.4745 0.233096
15.4776 0.233084
15.4808 0.233074
15.4839 0.233064
15.4871 0.233181
15.4902 0.233284
15.4934 0.233248
15.4965 0.233217
15.4997 0.23319
15.5028 0.233166
15.506 0.233146
15.5091 0.233252
15.5123 0.233221
15.5154 0.233193
15.5186 0.233169
15.5217 0.233148
15.5249 0.233129
15.528 0.233238
15.5312 0.233333
15.5343 0.233292
15.5375 0.233255
15.5406 0.233223
15.5438 0.233195
15.5469 0.233171
15.5501 0.233275
15.5533 0.23324
15.5564 0.23321
15.5596 0.233184
15.5627 0.233161
15.5659 0.233141
15.569 0.233248
15.5722 0.233342
15.5753 0.233299
15.5785 0.233262
15.5816 0.233229
15.5848 0.233201
15.5879 0.233176
15.5911 0.233279
15.5942 0.233369
15.5974 0.233323
15.6005 0.233282
15.6037 0.233247
15.6068 0.233216
15.61 0.233189
15.6131 0.23329
15.6163 0.233254
15.6194 0.233222
15.6226 0.233195
15.6257 0.23317
15.6289 0.233149
15.6321 0.233255
15.6352 0.233348
15.6384 0.233305
15.6415 0.233267
15.6447 0.233233
15.6478 0.233204
15.651 0.233179
15.6541 0.233281
15.6573 0.233246
15.6604 0.233215
15.6636 0.233189
15.6667 0.233165
15.6699 0.233144
15.673 0.233251
15.6762 0.233345
15.6793 0.233302
15.6825 0.233264
15.6856 0.233231
15.6888 0.233202
15.6919 0.233177
15.6951 0.23328
15.6982 0.23337
15.7014 0.233324
15.7045 0.233283
15.7077 0.233248
15.7109 0.233217
15.714 0.233315
15.7172 0.2334
15.7203 0.23335
15.7235 0.233307
15.7266 0.233268
15.7298 0.233235
15.7329 0.233205
15.7361 0.233305
15.7392 0.233392
15.7424 0.233343
15.7455 0.2333
15.7487 0.233262
15.7518 0.23323
15.755 0.233201
15.7581 0.233301
15.7613 0.233263
15.7644 0.23323
15.7676 0.233201
15.7707 0.233176
15.7739 0.233154
15.777 0.23326
15.7802 0.233352
15.7833 0.233308
15.7865 0.23327
15.7897 0.233236
15.7928 0.233207
15.796 0.233181
15.7991 0.233283
15.8023 0.233248
15.8054 0.233217
15.8086 0.23319
15.8117 0.233166
15.8149 0.233145
15.818 0.233252
15.8212 0.233346
15.8243 0.233302
15.8275 0.233265
15.8306 0.233232
15.8338 0.233203
15.8369 0.233177
15.8401 0.23328
15.8432 0.23337
15.8464 0.233324
15.8495 0.233283
15.8527 0.233248
15.8558 0.233217
15.859 0.23319
15.8621 0.233291
15.8653 0.233255
15.8685 0.233598
15.8716 0.233898
15.8748 0.234161
15.8779 0.234391
15.8811 0.234717
15.8842 0.235002
15.8874 0.235252
15.8905 0.235346
15.8937 0.235427
15.8968 0.235499
15.9 0.235562
15.9031 0.235741
15.9063 0.235899
15.9094 0.235911
15.9126 0.235922
15.9157 0.235932
15.9189 0.235941
15.922 0.236073
15.9252 0.236189
15.9283 0.23629
15.9315 0.236254
15.9346 0.236222
15.9378 0.236194
15.9409 0.23617
15.9441 0.236274
15.9473 0.236365
15.9504 0.236319
15.9536 0.236279
15.9567 0.236244
15.9599 0.236214
15.963 0.236312
15.9662 0.236398
15.9693 0.236473
15.9725 0.236414
15.9756 0.236362
15.9788 0.236317
15.9819 0.236277
15.9851 0.236368
15.9882 0.236447
15.9914 0.236516
15.9945 0.236451
15.9977 0.236395
16.0008 0.236346
16.004 0.236302
16.0071 0.23639
16.0103 0.236466
16.0134 0.236408
16.0166 0.236357
16.0197 0.236312
16.0229 0.236273
16.0261 0.236364
16.0292 0.236443
16.0324 0.236513
16.0355 0.236449
16.0387 0.236393
16.0418 0.236344
16.045 0.236301
16.0481 0.236388
16.0513 0.236465
16.0544 0.236407
16.0576 0.236356
16.0607 0.236311
16.0639 0.236272
16.067 0.236363
16.0702 0.236443
16.0733 0.236513
16.0765 0.236448
16.0796 0.236392
16.0828 0.236343
16.0859 0.2363
16.0891 0.236388
16.0922 0.236464
16.0954 0.236531
16.0985 0.236465
16.1017 0.236407
16.1049 0.236356
16.108 0.236436
16.1112 0.236507
16.1143 0.236569
16.1175 0.236497
16.1206 0.236435
16.1238 0.236381
16.1269 0.236333
16.1301 0.236417
16.1332 0.23649
16.1364 0.236553
16.1395 0.236484
16.1427 0.236424
16.1458 0.236371
16.149 0.236324
16.1521 0.236409
16.1553 0.236483
16.1584 0.236422
16.1616 0.23637
16.1647 0.236323
16.1679 0.236283
16.171 0.236373
16.1742 0.236451
16.1773 0.23652
16.1805 0.236455
16.1837 0.236398
16.1868 0.236348
16.19 0.236305
16.1931 0.236392
16.1963 0.236468
16.1994 0.236409
16.2026 0.236358
16.2057 0.236313
16.2089 0.236274
16.212 0.236365
16.2152 0.236444
16.2183 0.236514
16.2215 0.236449
16.2246 0.236393
16.2278 0.236344
16.2309 0.236301
16.2341 0.236388
16.2372 0.236465
16.2404 0.236532
16.2435 0.236465
16.2467 0.236407
16.2498 0.236356
16.253 0.236312
16.2561 0.236398
16.2593 0.236473
16.2625 0.236414
16.2656 0.236362
16.2688 0.236317
16.2719 0.236277
16.2751 0.236368
16.2782 0.236447
16.2814 0.236516
16.2845 0.236451
16.2877 0.236395
16.2908 0.236346
16.294 0.236302
16.2971 0.23639
16.3003 0.236466
16.3034 0.236408
16.3066 0.236357
16.3097 0.236312
16.3129 0.236273
16.316 0.236364
16.3192 0.236443
16.3223 0.236513
16.3255 0.236449
16.3286 0.236393
16.3318 0.236344
16.3349 0.236301
16.3381 0.236388
16.3413 0.236465
16.3444 0.236907
16.3476 0.237168
16.3507 0.237397
16.3539 0.237598
16.357 0.237898
16.3602 0.238161
16.3633 0.238391
16.3665 0.238592
16.3696 0.238643
16.3728 0.238687
16.3759 0.238726
16.3791 0.238886
16.3822 0.239025
16.3854 0.239147
16.3885 0.239253
16.3917 0.239222
16.3948 0.239194
16.398 0.23917
16.4011 0.239274
16.4043 0.239364
16.4074 0.239444
16.4106 0.239388
16.4137 0.23934
16.4169 0.239297
16.4201 0.239385
16.4232 0.239462
16.4264 0.239529
16.4295 0.239588
16.4327 0.239515
16.4358 0.23945
16.439 0.239394
16.4421 0.23947
16.4453 0.239536
16.4484 0.239594
16.4516 0.23952
16.4547 0.239455
16.4579 0.239398
16.461 0.239473
16.4642 0.239539
16.4673 0.239597
16.4705 0.239647
16.4736 0.239566
16.4768 0.239495
16.4799 0.239433
16.4831 0.239504
16.4862 0.239566
16.4894 0.23962
16.4925 0.239668
16.4957 0.239584
16.4989 0.239511
16.502 0.239572
16.5052 0.239626
16.5083 0.239673
16.5115 0.239714
16.5146 0.239624
16.5178 0.239546
16.5209 0.239478
16.5241 0.239543
16.5272 0.2396
16.5304 0.23965
16.5335 0.239694
16.5367 0.239607
16.5398 0.239531
16.543 0.239465
16.5461 0.239532
16.5493 0.23959
16.5524 0.239642
16.5556 0.239561
16.5587 0.239491
16.5619 0.23943
16.565 0.239501
16.5682 0.239563
16.5713 0.239618
16.5745 0.239666
16.5777 0.239583
16.5808 0.23951
16.584 0.239446
16.5871 0.239515
16.5903 0.239576
16.5934 0.239629
16.5966 0.23955
16.5997 0.239481
16.6029 0.239421
16.606 0.239494
16.6092 0.239557
16.6123 0.239612
16.6155 0.239661
16.6186 0.239578
16.6218 0.239506
16.6249 0.239443
16.6281 0.239512
16.6312 0.239573
16.6344 0.239627
16.6375 0.239673
16.6407 0.239589
16.6438 0.239515
16.647 0.239451
16.6501 0.23952
16.6533 0.23958
16.6565 0.239632
16.6596 0.239553
16.6628 0.239484
16.6659 0.239424
16.6691 0.239496
16.6722 0.239559
16.6754 0.239614
16.6785 0.239662
16.6817 0.239579
16.6848 0.239507
16.688 0.239444
16.6911 0.239513
16.6943 0.239574
16.6974 0.239627
16.7006 0.239549
16.7037 0.23948
16.7069 0.23942
16.71 0.239493
16.7132 0.239556
16.7163 0.239612
16.7195 0.23966
16.7226 0.239578
16.7258 0.239505
16.7289 0.239442
16.7321 0.239512
16.7353 0.239573
16.7384 0.239626
16.7416 0.239548
16.7447 0.23948
16.7479 0.23942
16.751 0.239492
16.7542 0.239556
16.7573 0.239611
16.7605 0.23966
16.7636 0.239577
16.7668 0.239505
16.7699 0.239442
16.7731 0.239512
16.7762 0.239573
16.7794 0.239626
16.7825 0.239673
16.7857 0.239589
16.7888 0.239515
16.792 0.239451
16.7951 0.239519
16.7983 0.23958
16.8014 0.239632
16.8046 0.239553
16.8077 0.239484
16.8109 0.239423
16.8141 0.239496
16.8172 0.239559
16.8204 0.239614
16.8235 0.240037
16.8267 0.240407
16.8298 0.240606
16.833 0.240781
16.8361 0.241058
16.8393 0.241301
16.8424 0.241513
16.8456 0.241699
16.8487 0.241737
16.8519 0.24177
16.855 0.241923
16.8582 0.242058
16.8613 0.242176
16.8645 0.242279
16.8676 0.242369
16.8708 0.242323
16.8739 0.242282
16.8771 0.242372
16.8802 0.242451
16.8834 0.242519
16.8865 0.242579
16.8897 0.242632
16.8929 0.242553
16.896 0.242609
16.8992 0.242658
16.9023 0.242701
16.9055 0.242738
16.9086 0.242771
16.9118 0.242674
16.9149 0.24259
16.9181 0.242641
16.9212 0.242686
16.9244 0.242725
16.9275 0.24276
16.9307 0.24279
16.9338 0.242691
16.937 0.242605
16.9401 0.242654
16.9433 0.242697
16.9464 0.242735
16.9496 0.242768
16.9527 0.242672
16.9559 0.242588
16.959 0.24264
16.9622 0.242685
16.9653 0.242724
16.9685 0.242759
16.9717 0.242789
16.9748 0.24269
16.978 0.242604
16.9811 0.242653
16.9843 0.242697
16.9874 0.242735
16.9906 0.242768
16.9937 0.242672
16.9969 0.242588
17 0.242639
17.0032 0.242684
17.0063 0.242724
17.0095 0.242758
17.0126 0.242789
17.0158 0.24269
17.0189 0.242604
17.0221 0.242653
17.0252 0.242697
17.0284 0.242735
17.0315 0.242768
17.0347 0.242797
17.0378 0.242697
17.041 0.24261
17.0441 0.242659
17.0473 0.242701
17.0505 0.242739
17.0536 0.242771
17.0568 0.242675
17.0599 0.242591
17.0631 0.242642
17.0662 0.242687
17.0694 0.242726
17.0725 0.24276
17.0757 0.24279
17.0788 0.242691
17.082 0.242605
17.0851 0.242654
17.0883 0.242697
17.0914 0.242735
17.0946 0.242768
17.0977 0.242672
17.1009 0.242588
17.104 0.24264
17.1072 0.242685
17.1103 0.242724
17.1135 0.242759
17.1166 0.242789
17.1198 0.24269
17.1229 0.242604
17.1261 0.242653
17.1293 0.242697
17.1324 0.242735
17.1356 0.242768
17.1387 0.242672
17.1419 0.242588
17.145 0.242639
17.1482 0.242684
17.1513 0.242724
17.1545 0.242758
17.1576 0.242789
17.1608 0.24269
17.1639 0.242604
17.1671 0.242653
17.1702 0.242697
17.1734 0.242735
17.1765 0.242768
17.1797 0.242797
17.1828 0.242697
17.186 0.24261
17.1891 0.242659
17.1923 0.242701
17.1954 0.242739
17.1986 0.242771
17.2017 0.242675
17.2049 0.242591
17.2081 0.242642
17.2112 0.242687
17.2144 0.242726
17.2175 0.24276
17.2207 0.24279
17.2238 0.242691
17.227 0.242605
17.2301 0.242654
17.2333 0.242697
17.2364 0.242735
17.2396 0.242768
17.2427 0.242672
17.2459 0.242588
17.249 0.24264
17.2522 0.242685
17.2553 0.242724
17.2585 0.242759
17.2616 0.242789
17.2648 0.24269
17.2679 0.242604
17.2711 0.242653
17.2742 0.242697
17.2774 0.242735
17.2805 0.242768
17.2837 0.242797
17.2869 0.242697
17.29 0.242735
17.2932 0.242768
17.2963 0.242797
17.2995 0.242823
17.3026 0.242845
17.3058 0.242739
17.3089 0.242647
17.3121 0.243066
17.3152 0.243433
17.3184 0.243754
17.3215 0.244034
17.3247 0.24428
17.3278 0.244495
17.331 0.244558
17.3341 0.244738
17.3373 0.244896
17.3404 0.245034
17.3436 0.245155
17.3467 0.24526
17.3499 0.245228
17.353 0.245324
17.3562 0.245409
17.3593 0.245483
17.3625 0.245547
17.3657 0.245604
17.3688 0.245653
17.372 0.245572
17.3751 0.245625
17.3783 0.245672
17.3814 0.245713
17.3846 0.245749
17.3877 0.24578
17.3909 0.245683
17.394 0.245722
17.3972 0.245757
17.4003 0.245788
17.4035 0.245814
17.4066 0.245837
17.4098 0.245858
17.4129 0.24575
17.4161 0.245782
17.4192 0.245809
17.4224 0.245833
17.4255 0.245854
17.4287 0.245872
17.4318 0.245888
17.435 0.245777
17.4381 0.245805
17.4413 0.245829
17.4445 0.245851
17.4476 0.245869
17.4508 0.245886
17.4539 0.245775
17.4571 0.245803
17.4602 0.245828
17.4634 0.245849
17.4665 0.245868
17.4697 0.245885
17.4728 0.245899
17.476 0.245787
17.4791 0.245813
17.4823 0.245837
17.4854 0.245857
17.4886 0.245875
17.4917 0.245891
17.4949 0.245779
17.498 0.245807
17.5012 0.245831
17.5043 0.245852
17.5075 0.245871
17.5106 0.245887
17.5138 0.245901
17.5169 0.245788
17.5201 0.245815
17.5233 0.245838
17.5264 0.245858
17.5296 0.245876
17.5327 0.245891
17.5359 0.24578
17.539 0.245807
17.5422 0.245832
17.5453 0.245853
17.5485 0.245871
17.5516 0.245887
17.5548 0.245901
17.5579 0.245789
17.5611 0.245815
17.5642 0.245838
17.5674 0.245858
17.5705 0.245876
17.5737 0.245892
17.5768 0.245905
17.58 0.245792
17.5831 0.245818
17.5863 0.245841
17.5894 0.245861
17.5926 0.245878
17.5957 0.245893
17.5989 0.245782
17.6021 0.245809
17.6052 0.245833
17.6084 0.245854
17.6115 0.245872
17.6147 0.245888
17.6178 0.245902
17.621 0.245789
17.6241 0.245816
17.6273 0.245839
17.6304 0.245859
17.6336 0.245876
17.6367 0.245892
17.6399 0.24578
17.643 0.245808
17.6462 0.245832
17.6493 0.245853
17.6525 0.245871
17.6556 0.245887
17.6588 0.245901
17.6619 0.245789
17.6651 0.245815
17.6682 0.245838
17.6714 0.245858
17.6745 0.245876
17.6777 0.245892
17.6809 0.245905
17.684 0.245917
17.6872 0.245927
17.6903 0.245936
17.6935 0.245944
17.6966 0.245951
17.6998 0.245957
17.7029 0.245838
17.7061 0.245858
17.7092 0.245876
17.7124 0.245891
17.7155 0.245905
17.7187 0.245917
17.7218 0.245927
17.725 0.245811
17.7281 0.245835
17.7313 0.245856
17.7344 0.245874
17.7376 0.245889
17.7407 0.245903
17.7439 0.24579
17.747 0.245817
17.7502 0.245839
17.7533 0.24586
17.7565 0.245877
17.7597 0.245892
17.7628 0.245906
17.766 0.245793
17.7691 0.245819
17.7723 0.245841
17.7754 0.245861
17.7786 0.245878
17.7817 0.245894
17.7849 0.245782
17.788 0.245809
17.7912 0.245833
17.7943 0.245854
17.7975 0.245872
17.8006 0.245888
17.8038 0.246277
17.8069 0.246617
17.8101 0.246915
17.8132 0.247176
17.8164 0.247404
17.8195 0.247603
17.8227 0.247778
17.8258 0.247931
17.829 0.248064
17.8321 0.248181
17.8353 0.248284
17.8385 0.248373
17.8416 0.248452
17.8448 0.24852
17.8479 0.24858
17.8511 0.248633
17.8542 0.248679
17.8574 0.248719
17.8605 0.248754
17.8637 0.248785
17.8668 0.248812
17.87 0.248835
17.8731 0.248856
17.8763 0.248874
17.8794 0.24889
17.8826 0.248903
17.8857 0.248915
17.8889 0.248926
17.892 0.248935
17.8952 0.248943
17.8983 0.24895
17.9015 0.248957
17.9046 0.248962
17.9078 0.248967
17.9109 0.248971
17.9141 0.248975
17.9173 0.248978
17.9204 0.248981
17.9236 0.248983
17.9267 0.248985
17.9299 0.248987
17.933 0.248989
17.9362 0.24899
17.9393 0.248991
17.9425 0.248992
17.9456 0.248993
17.9488 0.248994
17.9519 0.248995
17.9551 0.248996
17.9582 0.248996
17.9614 0.248997
17.9645 0.248997
17.9677 0.248997
17.9708 0.248998
17.974 0.248998
17.9771 0.248998
17.9803 0.248998
17.9834 0.248999
17.9866 0.248999
17.9897 0.248999
17.9929 0.248999
17.9961 0.248999
17.9992 0.248999
18.0024 0.248999
18.0055 0.248999
18.0087 0.249
18.0118 0.249
18.015 0.249
18.0181 0.249
18.0213 0.249
18.0244 0.249
18.0276 0.249
18.0307 0.249
18.0339 0.249
18.037 0.249
18.0402 0.249
18.0433 0.249
18.0465 0.249
18.0496 0.249
18.0528 0.249
18.0559 0.249
18.0591 0.249
18.0622 0.249
18.0654 0.249
18.0685 0.249
18.0717 0.249
18.0749 0.249
18.078 0.249125
18.0812 0.249109
18.0843 0.249096
18.0875 0.249084
18.0906 0.249073
18.0938 0.249064
18.0969 0.249056
18.1001 0.249049
18.1032 0.249043
18.1064 0.249038
18.1095 0.249033
18.1127 0.249029
18.1158 0.249025
18.119 0.249022
18.1221 0.249019
18.1253 0.249017
18.1284 0.249015
18.1316 0.249013
18.1347 0.249011
18.1379 0.24901
18.141 0.249009
18.1442 0.249008
18.1473 0.249007
18.1505 0.249006
18.1537 0.249005
18.1568 0.249004
18.16 0.249004
18.1631 0.249003
18.1663 0.249003
18.1694 0.249003
18.1726 0.249002
18.1757 0.249002
18.1789 0.249002
18.182 0.249002
18.1852 0.249001
18.1883 0.249001
18.1915 0.249001
18.1946 0.249001
18.1978 0.249001
18.2009 0.249001
18.2041 0.249001
18.2072 0.249001
18.2104 0.249
18.2135 0.249
18.2167 0.249
18.2198 0.249
18.223 0.249
18.2261 0.249
18.2293 0.249
18.2325 0.249
18.2356 0.249
18.2388 0.249
18.2419 0.249
18.2451 0.249
18.2482 0.249
18.2514 0.249
18.2545 0.249
18.2577 0.249
18.2608 0.249
18.264 0.249
18.2671 0.249
18.2703 0.249
18.2734 0.249
18.2766 0.249
18.2797 0.249
18.2829 0.249
18.286 0.249
18.2892 0.249
18.2923 0.249
18.2955 0.249
18.2986 0.249
18.3018 0.249
18.3049 0.249375
18.3081 0.249828
18.3113 0.2501
18.3144 0.250337
18.3176 0.250545
18.3207 0.250727
18.3239 0.250886
18.327 0.25115
18.3302 0.251256
18.3333 0.251349
18.3365 0.251431
18.3396 0.251502
18.3428 0.251564
18.3459 0.251619
18.3491 0.251791
18.3522 0.251817
18.3554 0.25184
18.3585 0.25186
18.3617 0.251878
18.3648 0.251893
18.368 0.251906
18.3711 0.252043
18.3743 0.252038
18.3774 0.252033
18.3806 0.252029
18.3837 0.252025
18.3869 0.252022
18.3901 0.252144
18.3932 0.252126
18.3964 0.25211
18.3995 0.252097
18.4027 0.252085
18.4058 0.252074
18.409 0.252065
18.4121 0.252182
18.4153 0.252159
18.4184 0.252139
18.4216 0.252122
18.4247 0.252106
18.4279 0.252093
18.431 0.252207
18.4342 0.252181
18.4373 0.252158
18.4405 0.252138
18.4436 0.252121
18.4468 0.252106
18.4499 0.252093
18.4531 0.252206
18.4562 0.25218
18.4594 0.252158
18.4625 0.252138
18.4657 0.252121
18.4689 0.252106
18.472 0.252217
18.4752 0.252315
18.4783 0.252276
18.4815 0.252241
18.4846 0.252211
18.4878 0.252185
18.4909 0.252162
18.4941 0.252267
18.4972 0.252233
18.5004 0.252204
18.5035 0.252179
18.5067 0.252156
18.5098 0.252137
18.513 0.25212
18.5161 0.25223
18.5193 0.252201
18.5224 0.252176
18.5256 0.252154
18.5287 0.252135
18.5319 0.252118
18.535 0.252228
18.5382 0.2522
18.5413 0.252175
18.5445 0.252153
18.5477 0.252134
18.5508 0.252117
18.554 0.252102
18.5571 0.252215
18.5603 0.252188
18.5634 0.252164
18.5666 0.252144
18.5697 0.252126
18.5729 0.25211
18.576 0.252221
18.5792 0.252194
18.5823 0.252169
18.5855 0.252148
18.5886 0.25213
18.5918 0.252113
18.5949 0.252099
18.5981 0.252212
18.6012 0.252185
18.6044 0.252162
18.6075 0.252142
18.6107 0.252124
18.6138 0.252109
18.617 0.252095
18.6201 0.252208
18.6233 0.252182
18.6265 0.252159
18.6296 0.252139
18.6328 0.252122
18.6359 0.252107
18.6391 0.252218
18.6422 0.252191
18.6454 0.252167
18.6485 0.252146
18.6517 0.252128
18.6548 0.252112
18.658 0.252098
18.6611 0.252211
18.6643 0.252184
18.6674 0.252161
18.6706 0.252141
18.6737 0.252124
18.6769 0.252108
18.68 0.25222
18.6832 0.252192
18.6863 0.252168
18.6895 0.252147
18.6926 0.252129
18.6958 0.252113
18.6989 0.252099
18.7021 0.252211
18.7053 0.252185
18.7084 0.252162
18.7116 0.252142
18.7147 0.252124
18.7179 0.252108
18.721 0.25222
18.7242 0.252192
18.7273 0.252168
18.7305 0.252147
18.7336 0.252129
18.7368 0.252113
18.7399 0.252099
18.7431 0.252211
18.7462 0.252185
18.7494 0.252162
18.7525 0.252142
18.7557 0.252124
18.7588 0.252108
18.762 0.252095
18.7651 0.252208
18.7683 0.252182
18.7714 0.252159
18.7746 0.252139
18.7777 0.252122
18.7809 0.252107
18.7841 0.252218
18.7872 0.252191
18.7904 0.252167
18.7935 0.252146
18.7967 0.252128
18.7998 0.252112
18.803 0.252098
18.8061 0.252211
18.8093 0.252684
18.8124 0.252974
18.8156 0.253227
18.8187 0.253449
18.8219 0.253643
18.825 0.253937
18.8282 0.254195
18.8313 0.254296
18.8345 0.254384
18.8376 0.254461
18.8408 0.254528
18.8439 0.254587
18.8471 0.254764
18.8502 0.254918
18.8534 0.254929
18.8565 0.254937
18.8597 0.254945
18.8629 0.254952
18.866 0.255083
18.8692 0.255198
18.8723 0.255298
18.8755 0.255261
18.8786 0.255228
18.8818 0.2552
18.8849 0.255175
18.8881 0.255278
18.8912 0.255368
18.8944 0.255322
18.8975 0.255282
18.9007 0.255247
18.9038 0.255216
18.907 0.255189
18.9101 0.25529
18.9133 0.255379
18.9164 0.255332
18.9196 0.25529
18.9227 0.255254
18.9259 0.255222
18.929 0.255319
18.9322 0.255404
18.9353 0.255354
18.9385 0.25531
18.9417 0.255271
18.9448 0.255237
18.948 0.255207
18.9511 0.255307
18.9543 0.255393
18.9574 0.255344
18.9606 0.255301
18.9637 0.255263
18.9669 0.25523
18.97 0.255327
18.9732 0.255411
18.9763 0.255359
18.9795 0.255315
18.9826 0.255275
18.9858 0.255241
18.9889 0.255211
18.9921 0.255309
18.9952 0.255396
18.9984 0.255346
19.0015 0.255303
19.0047 0.255265
19.0078 0.255232
19.011 0.255203
19.0141 0.255303
19.0173 0.25539
19.0205 0.255341
19.0236 0.255298
19.0268 0.255261
19.0299 0.255228
19.0331 0.255325
19.0362 0.255409
19.0394 0.255358
19.0425 0.255313
19.0457 0.255274
19.0488 0.25524
19.052 0.25521
19.0551 0.255309
19.0583 0.255395
19.0614 0.255346
19.0646 0.255302
19.0677 0.255265
19.0709 0.255232
19.074 0.255328
19.0772 0.255412
19.0803 0.25536
19.0835 0.255315
19.0866 0.255276
19.0898 0.255241
19.0929 0.255211
19.0961 0.25531
19.0993 0.255396
19.1024 0.255347
19.1056 0.255303
19.1087 0.255265
19.1119 0.255232
19.115 0.255328
19.1182 0.255412
19.1213 0.255361
19.1245 0.255316
19.1276 0.255276
19.1308 0.255242
19.1339 0.255211
19.1371 0.25531
19.1402 0.255396
19.1434 0.255347
19.1465 0.255303
19.1497 0.255265
19.1528 0.255232
19.156 0.255203
19.1591 0.255303
19.1623 0.25539
19.1654 0.255341
19.1686 0.255299
19.1717 0.255261
19.1749 0.255229
19.1781 0.255325
19.1812 0.255409
19.1844 0.255358
19.1875 0.255313
19.1907 0.255274
19.1938 0.25524
19.197 0.25521
19.2001 0.255309
19.2033 0.255395
19.2064 0.255346
19.2096 0.255303
19.2127 0.255265
19.2159 0.255232
19.219 0.255328
19.2222 0.255412
19.2253 0.25536
19.2285 0.255315
19.2316 0.255276
19.2348 0.255241
19.2379 0.255211
19.2411 0.25531
19.2442 0.255396
19.2474 0.255347
19.2505 0.255303
19.2537 0.255265
19.2569 0.255232
19.26 0.255328
19.2632 0.255412
19.2663 0.255486
19.2695 0.255425
19.2726 0.255372
19.2758 0.255325
19.2789 0.255285
19.2821 0.255374
19.2852 0.255452
19.2884 0.255396
19.2915 0.255346
19.2947 0.255303
19.2978 0.255265
19.301 0.255232
19.3041 0.255328
19.3073 0.255412
19.3104 0.25536
19.3136 0.255315
19.3167 0.255276
19.3199 0.255242
19.323 0.255711
19.3262 0.256122
19.3293 0.256482
19.3325 0.256672
19.3357 0.256838
19.3388 0.256983
19.342 0.25711
19.3451 0.257346
19.3483 0.257553
19.3514 0.257734
19.3546 0.257767
19.3577 0.257796
19.3609 0.257822
19.364 0.257969
19.3672 0.258098
19.3703 0.258211
19.3735 0.258184
19.3766 0.258161
19.3798 0.258141
19.3829 0.258124
19.3861 0.258233
19.3892 0.258329
19.3924 0.258413
19.3955 0.258361
19.3987 0.258316
19.4018 0.258277
19.405 0.258242
19.4081 0.258337
19.4113 0.25842
19.4145 0.258492
19.4176 0.258431
19.4208 0.258377
19.4239 0.25833
19.4271 0.258414
19.4302 0.258487
19.4334 0.258551
19.4365 0.258482
19.4397 0.258422
19.4428 0.258369
19.446 0.258323
19.4491 0.258408
19.4523 0.258482
19.4554 0.258546
19.4586 0.258478
19.4617 0.258418
19.4649 0.258366
19.468 0.258445
19.4712 0.258515
19.4743 0.258575
19.4775 0.258503
19.4806 0.25844
19.4838 0.258385
19.4869 0.258337
19.4901 0.25842
19.4933 0.258493
19.4964 0.258556
19.4996 0.258487
19.5027 0.258426
19.5059 0.258372
19.509 0.258451
19.5122 0.25852
19.5153 0.25858
19.5185 0.258507
19.5216 0.258444
19.5248 0.258388
19.5279 0.25834
19.5311 0.258422
19.5342 0.258494
19.5374 0.258558
19.5405 0.258488
19.5437 0.258427
19.5468 0.258374
19.55 0.258327
19.5531 0.258411
19.5563 0.258485
19.5594 0.258549
19.5626 0.25848
19.5657 0.25842
19.5689 0.258368
19.5721 0.258447
19.5752 0.258516
19.5784 0.258576
19.5815 0.258504
19.5847 0.258441
19.5878 0.258386
19.591 0.258338
19.5941 0.258421
19.5973 0.258493
19.6004 0.258556
19.6036 0.258487
19.6067 0.258426
19.6099 0.258373
19.613 0.258451
19.6162 0.25852
19.6193 0.25858
19.6225 0.258507
19.6256 0.258444
19.6288 0.258388
19.6319 0.25834
19.6351 0.258422
19.6382 0.258495
19.6414 0.258558
19.6445 0.258488
19.6477 0.258427
19.6509 0.258374
19.654 0.258452
19.6572 0.25852
19.6603 0.25858
19.6635 0.258633
19.6666 0.258554
19.6698 0.258485
19.6729 0.258424
19.6761 0.258496
19.6792 0.258559
19.6824 0.258614
19.6855 0.258537
19.6887 0.25847
19.6918 0.258411
19.695 0.25836
19.6981 0.25844
19.7013 0.25851
19.7044 0.258571
19.7076 0.2585
19.7107 0.258437
19.7139 0.258383
19.717 0.25846
19.7202 0.258527
19.7233 0.258586
19.7265 0.258513
19.7297 0.258449
19.7328 0.258393
19.736 0.258344
19.7391 0.258426
19.7423 0.258498
19.7454 0.25856
19.7486 0.25849
19.7517 0.258429
19.7549 0.258375
19.758 0.258453
19.7612 0.258522
19.7643 0.258582
19.7675 0.258509
19.7706 0.258445
19.7738 0.25839
19.7769 0.258341
19.7801 0.258423
19.7832 0.258495
19.7864 0.258558
19.7895 0.258489
19.7927 0.258428
19.7958 0.258374
19.799 0.258327
19.8021 0.258411
19.8053 0.258485
19.8085 0.258549
19.8116 0.258481
19.8148 0.258421
19.8179 0.258368
19.8211 0.258447
19.8242 0.258516
19.8274 0.258577
19.8305 0.258505
19.8337 0.258441
19.8368 0.258386
19.84 0.258713
19.8431 0.259124
19.8463 0.259483
19.8494 0.259798
19.8526 0.260073
19.8557 0.260189
19.8589 0.26029
19.862 0.260504
19.8652 0.260691
19.8683 0.260855
19.8715 0.260998
19.8746 0.260998
19.8778 0.260998
19.8809 0.260999
19.8841 0.261124
19.8873 0.261233
19.8904 0.261329
19.8936 0.261413
19.8967 0.261361
19.8999 0.261316
19.903 0.261402
19.9062 0.261476
19.9093 0.261542
19.9125 0.261599
19.9156 0.261524
19.9188 0.261459
19.9219 0.261401
19.9251 0.261476
19.9282 0.261542
19.9314 0.261599
19.9345 0.261649
19.9377 0.261568
19.9408 0.261497
19.944 0.261435
19.9471 0.261505
19.9503 0.261567
19.9534 0.261621
19.9566 0.261669
19.9597 0.261585
19.9629 0.261512
19.9661 0.261573
19.9692 0.261626
19.9724 0.261673
19.9755 0.261714
19.9787 0.261625
19.9818 0.261547
19.985 0.261478
19.9881 0.261543
19.9913 0.261601
19.9944 0.26165
19.9976 0.261694
20.0007 0.261607
20.0039 0.261531
20.007 0.26159
20.0102 0.261641
20.0133 0.261686
20.0165 0.261725
20.0196 0.261635
20.0228 0.261555
20.0259 0.261486
20.0291 0.26155
20.0322 0.261606
20.0354 0.261656
20.0385 0.261699
20.0417 0.261611
20.0449 0.261535
20.048 0.261593
20.0512 0.261644
20.0543 0.261688
20.0575 0.261727
20.0606 0.261761
20.0638 0.261666
20.0669 0.261583
20.0701 0.261635
20.0732 0.261681
20.0764 0.261721
20.0795 0.261756
20.0827 0.261661
20.0858 0.261578
20.089 0.261506
20.0921 0.261568
20.0953 0.261622
20.0984 0.261669
