0.0 0
0.0905768 0.09
0.18279 0.09025
0.276537 0.0907188
0.370283 0.0911289
0.462454 0.102988
0.465606 0.101989
0.5562 0.100991
0.559352 0.100492
0.562504 0.100055
0.649946 0.0991734
0.653098 0.0989017
0.65625 0.098664
0.659402 0.098456
0.742117 0.108649
0.745269 0.107068
0.748421 0.105559
0.751573 0.104614
0.754725 0.103788
0.757877 0.103064
0.834287 0.112056
0.837439 0.109924
0.840591 0.108059
0.843743 0.106801
0.846895 0.105701
0.850047 0.104864
0.853199 0.104506
0.856351 0.104192
0.859503 0.103918
0.926458 0.112054
0.92961 0.109922
0.932762 0.108057
0.935914 0.1068
0.939066 0.105825
0.942218 0.104972
0.94537 0.1046
0.948522 0.104275
0.951674 0.103866
0.954826 0.103882
0.957978 0.103897
0.96113 0.104035
0.964282 0.104531
0.967434 0.104964
1.0202 0.103594
1.02336 0.10277
1.02651 0.102048
1.02966 0.101417
1.03281 0.10124
1.03596 0.101085
1.03912 0.100949
1.04227 0.101206
1.04542 0.10143
1.04857 0.101626
1.05172 0.102173
1.05488 0.102651
1.05803 0.103195
1.06118 0.104046
1.06433 0.10479
1.06748 0.105441
1.07064 0.106386
1.07379 0.107088
1.07694 0.107702
1.08009 0.108739
1.08324 0.109647
1.11395 0.107566
1.1171 0.106245
1.12025 0.105089
1.12341 0.104078
1.12656 0.103569
1.12971 0.103122
1.13286 0.102732
1.13601 0.102891
1.13917 0.103029
1.14232 0.103026
1.14547 0.103397
1.14862 0.103723
1.15177 0.104007
1.15493 0.104631
1.15808 0.105303
1.16123 0.10589
1.16438 0.106779
1.16753 0.107556
1.17069 0.108112
1.17384 0.108973
1.17699 0.109726
1.18014 0.11051
1.18329 0.111572
1.18645 0.1125
1.1896 0.113313
1.19275 0.114399
1.1959 0.115349
1.19905 0.116305
1.20221 0.117517
1.20536 0.118452
1.20851 0.119271
1.21166 0.120362
1.21481 0.117942
1.21797 0.115699
1.22112 0.114237
1.22427 0.112957
1.22742 0.111837
1.23057 0.111233
1.23373 0.110704
1.23688 0.110241
1.24003 0.110336
1.24318 0.110419
1.24633 0.110366
1.24949 0.110696
1.25264 0.110984
1.25579 0.111236
1.25894 0.111831
1.26209 0.112477
1.26525 0.113043
1.2684 0.113912
1.27155 0.114673
1.2747 0.115339
1.27785 0.116297
1.28101 0.117135
1.28416 0.117868
1.28731 0.118884
1.29046 0.119774
1.29361 0.120552
1.29677 0.121608
1.29992 0.122532
1.30307 0.123466
1.30622 0.124657
1.30937 0.1257
1.31253 0.126488
1.31568 0.127552
1.31883 0.128483
1.32198 0.129297
1.32513 0.13051
1.32829 0.131571
1.33144 0.1325
1.33459 0.133688
1.33774 0.134727
1.34089 0.135511
1.34405 0.136697
1.3472 0.137735
1.35035 0.138643
1.3535 0.139813
1.35665 0.140836
1.35981 0.141732
1.36296 0.14289
1.36611 0.144029
1.36926 0.145025
1.37241 0.146272
1.37557 0.147238
1.37872 0.148083
1.38187 0.149198
1.38502 0.150298
1.38817 0.151261
1.39133 0.152478
1.39448 0.153543
1.39763 0.154476
1.40078 0.155666
1.40393 0.156583
1.40709 0.15751
1.41024 0.158696
1.41339 0.159734
1.41654 0.160642
1.41969 0.161812
1.42285 0.162836
1.426 0.163731
1.42915 0.165015
1.4323 0.166138
1.43545 0.166996
1.43861 0.168121
1.44176 0.169106
1.44491 0.169968
1.44806 0.171222
1.45121 0.172319
1.45437 0.173279
1.45752 0.174494
1.46067 0.175558
1.46382 0.176363
1.46697 0.177442
1.47013 0.178512
1.47328 0.179448
1.47643 0.180642
1.47958 0.181687
1.48273 0.182601
1.48589 0.183776
1.48904 0.184929
1.49219 0.185938
1.49534 0.187196
1.49849 0.188171
1.50165 0.189025
1.5048 0.190147
1.50795 0.191128
1.5111 0.192112
1.51425 0.193348
1.51741 0.19443
1.52056 0.195376
1.52371 0.196579
1.52686 0.197632
1.53001 0.198553
1.53317 0.199734
1.53632 0.200767
1.53947 0.201671
1.54262 0.202837
1.54577 0.203858
1.54893 0.20475
1.55208 0.206032
1.55523 0.207153
1.55838 0.208009
1.56153 0.209132
1.56469 0.210116
1.56784 0.210976
1.57099 0.212104
1.57414 0.213216
1.57729 0.214189
1.58045 0.215416
1.5836 0.216489
1.58675 0.217428
1.5899 0.218624
1.59305 0.219671
1.59621 0.220587
1.59936 0.221764
1.60251 0.222793
1.60566 0.223694
1.60881 0.224857
1.61197 0.225875
1.61512 0.226891
1.61827 0.228154
1.62142 0.229135
1.62457 0.229993
1.62773 0.231119
1.63088 0.232104
1.63403 0.233091
1.63718 0.23433
1.64033 0.235414
1.64349 0.236362
1.64664 0.237567
1.64979 0.238621
1.65294 0.239418
1.65609 0.240616
1.65925 0.241664
1.6624 0.242581
1.66555 0.243758
1.6687 0.244789
1.67185 0.24569
1.67501 0.246979
1.67816 0.248106
1.68131 0.249093
1.68446 0.250331
1.68761 0.25129
1.69077 0.252129
1.69392 0.253238
1.69707 0.254333
1.70022 0.255291
1.70337 0.256505
1.70653 0.257567
1.70968 0.258496
1.71283 0.259684
1.71598 0.260598
1.71913 0.261524
1.72229 0.262708
1.72544 0.263745
1.72859 0.264652
1.73174 0.26582
1.73489 0.266843
1.73805 0.267862
1.7412 0.26913
1.74435 0.270238
1.7475 0.271084
1.75065 0.272198
1.75381 0.273173
1.75696 0.274027
1.76011 0.275273
1.76326 0.276364
1.76641 0.277319
1.76957 0.278529
1.77272 0.279588
1.77587 0.280389
1.77902 0.281591
1.78217 0.282642
1.78533 0.283562
1.78848 0.284741
1.79163 0.285774
1.79478 0.286677
1.79793 0.287842
1.80109 0.288987
1.80424 0.289989
1.80739 0.29124
1.81054 0.29221
1.81369 0.293059
1.81685 0.294176
1.82 0.295154
1.82315 0.296135
1.8263 0.297368
1.82945 0.298447
1.83261 0.299391
1.83576 0.300592
1.83891 0.301518
1.84206 0.302454
1.84521 0.303647
1.84837 0.304691
1.85152 0.305605
1.85467 0.306779
1.85782 0.307807
1.86097 0.308706
1.86413 0.309993
1.86728 0.311119
1.87043 0.311979
1.87358 0.313106
1.87673 0.314093
1.87989 0.314956
1.88304 0.316212
1.88619 0.31731
1.88934 0.318272
1.89249 0.319488
1.89565 0.320552
1.8988 0.321483
1.90195 0.322672
1.9051 0.323713
1.90825 0.324624
1.91141 0.325796
1.91456 0.326822
1.91771 0.327719
1.92086 0.328879
1.92401 0.330019
1.92717 0.331017
3.09971 0.31239
3.10286 0.296091
3.10601 0.281955
3.10917 0.269585
3.11232 0.258762
3.11547 0.249292
3.11862 0.241005
3.12177 0.23363
3.12493 0.227176
3.12808 0.221654
3.13123 0.217072
3.13438 0.213188
3.13753 0.209915
3.14069 0.2073
3.14384 0.205138
3.14699 0.203496
3.15014 0.202309
3.15329 0.20152
3.15645 0.200955
3.1596 0.200586
3.16275 0.200512
3.1659 0.200573
3.16905 0.201002
3.17221 0.201502
3.17536 0.202064
3.17851 0.202806
3.18166 0.20358
3.18481 0.204508
3.18797 0.205444
3.19112 0.206639
3.19427 0.207809
3.19742 0.208958
3.20057 0.210213
3.20373 0.211436
3.20688 0.212757
3.21003 0.214162
3.21318 0.215642
3.21633 0.217062
3.21949 0.218429
3.22264 0.219875
3.22579 0.221266
3.22894 0.222733
3.23209 0.224266
3.23525 0.225858
3.2384 0.227376
3.24155 0.228829
3.2447 0.23035
3.24785 0.231806
3.25101 0.233456
3.25416 0.235024
3.25731 0.236646
3.26046 0.23819
3.26361 0.239666
3.26677 0.241208
3.26992 0.242682
3.27307 0.244347
3.27622 0.245928
3.27937 0.247437
3.28252 0.249008
3.28568 0.250507
3.28883 0.252068
3.29198 0.25356
3.29513 0.25524
3.29828 0.256835
3.30144 0.258355
3.30459 0.259936
3.30774 0.261444
3.31089 0.263014
3.31404 0.264637
3.3172 0.266307
3.32035 0.267894
3.3235 0.269407
3.32665 0.270981
3.3298 0.272484
3.33296 0.274048
3.33611 0.275667
3.33926 0.277334
3.34241 0.278917
3.34556 0.280427
3.34872 0.281999
3.35187 0.283499
3.35502 0.285187
3.35817 0.286788
3.36132 0.288315
3.36448 0.2899
3.36763 0.291413
3.37078 0.292986
3.37393 0.294488
3.37708 0.296177
3.38024 0.29778
3.38339 0.299307
3.38654 0.300894
3.38969 0.302407
3.39284 0.303981
3.396 0.305484
3.39915 0.307173
3.4023 0.308777
3.40545 0.310304
3.41018 0.311891
3.41333 0.31328
3.41648 0.314745
3.41964 0.315902
3.42279 0.316789
3.42594 0.317565
3.42909 0.318245
3.43224 0.318839
3.4354 0.319359
3.43855 0.319814
3.4417 0.320213
3.44485 0.320561
3.448 0.320991
3.45116 0.321242
3.45431 0.321087
3.45746 0.320576
3.46061 0.319754
3.46376 0.318535
3.46692 0.317093
3.47007 0.315581
3.47322 0.313759
3.47637 0.311789
3.47952 0.30969
3.48268 0.307354
3.48583 0.304935
3.48898 0.302443
3.49213 0.299887
3.49528 0.297277
3.49844 0.294617
3.50159 0.291915
3.50474 0.28905
3.50789 0.286169
3.51104 0.283398
3.5142 0.280848
3.51735 0.278242
3.5205 0.275587
3.52365 0.272889
3.5268 0.270028
3.52996 0.267149
3.53311 0.26438
3.53626 0.261458
3.53941 0.258526
3.54256 0.255585
3.54572 0.252512
3.54887 0.249448
3.55202 0.246517
3.55517 0.243577
3.55832 0.240505
3.56148 0.237442
3.56463 0.234387
3.56778 0.231213
3.57093 0.228062
3.57408 0.225054
3.57724 0.221922
3.58039 0.218807
3.58354 0.215706
3.58669 0.212618
3.58984 0.209416
3.593 0.206614
3.59615 0.204037
3.5993 0.201407
3.60245 0.199106
3.6056 0.197093
3.60876 0.195706
3.61191 0.194493
3.61506 0.193432
3.61821 0.192503
3.62136 0.19169
3.62452 0.190979
3.62767 0.190356
3.63082 0.189812
3.63397 0.18921
3.63712 0.188809
3.64028 0.188458
3.64343 0.188151
3.64658 0.187882
3.64973 0.187647
3.65288 0.187441
3.65604 0.187261
3.65919 0.187103
3.66234 0.186965
3.66549 0.186845
3.66864 0.186739
3.6718 0.186647
3.67495 0.186566
3.6781 0.186495
3.68125 0.186433
3.6844 0.186379
3.68756 0.186332
3.69071 0.18629
3.69386 0.186254
3.69701 0.186222
3.70016 0.186194
3.70332 0.18617
3.70647 0.186149
3.70962 0.18613
3.71277 0.186114
3.71592 0.1861
3.71908 0.186087
3.72223 0.186076
3.72538 0.186067
3.72853 0.186058
3.73168 0.186051
3.73484 0.186045
3.73799 0.185914
3.74114 0.185925
3.74429 0.185934
3.74744 0.185942
3.7506 0.18595
3.75375 0.185956
3.7569 0.185961
3.76005 0.185966
3.7632 0.185971
3.76636 0.185974
3.76951 0.185977
3.77266 0.18598
3.77581 0.185983
3.77896 0.185985
3.78212 0.185987
3.78527 0.185988
3.78842 0.18599
3.79157 0.185991
3.79472 0.186367
3.79788 0.186696
3.80103 0.187109
3.80418 0.187346
3.80733 0.187552
3.81048 0.187733
3.81364 0.187892
3.81679 0.18803
3.81994 0.188151
3.82309 0.188383
3.82624 0.18846
3.8294 0.188527
3.83255 0.188586
3.8357 0.188638
3.83885 0.188683
3.842 0.188848
3.84516 0.188867
3.84831 0.188884
3.85146 0.188898
3.85461 0.188911
3.85776 0.188922
3.86092 0.188932
3.86407 0.189065
3.86722 0.189057
3.87037 0.18905
3.87352 0.189044
3.87668 0.189038
3.87983 0.189033
3.88298 0.189029
3.88613 0.189026
3.88928 0.189022
3.89244 0.18902
3.89559 0.189017
3.89874 0.189015
3.90189 0.189013
3.90504 0.189136
3.9082 0.189119
3.91135 0.189105
3.9145 0.189091
3.91765 0.18908
3.9208 0.18907
3.92396 0.189436
3.92711 0.189882
3.93026 0.190272
3.93341 0.190488
3.93656 0.190677
3.93972 0.190842
3.94287 0.190987
3.94602 0.191238
3.94917 0.191459
3.95232 0.191526
3.95548 0.191586
3.95863 0.191637
3.96178 0.191683
3.96493 0.191722
3.96808 0.191882
3.97124 0.192022
3.97439 0.192019
3.97754 0.192017
3.98069 0.192015
3.98384 0.192013
3.987 0.192011
3.99015 0.192135
3.9933 0.192118
3.99645 0.192103
3.9996 0.19209
4.00276 0.192079
4.00591 0.192069
4.00906 0.192185
4.01221 0.192287
4.01536 0.192251
4.01852 0.19222
4.02167 0.192192
4.02482 0.192168
4.02797 0.192147
4.03112 0.192254
4.03428 0.192222
4.03743 0.192194
4.04058 0.19217
4.04373 0.192149
4.04688 0.19213
4.05004 0.192239
4.05319 0.192334
4.05634 0.192792
4.05949 0.193068
4.06264 0.19331
4.0658 0.193521
4.06895 0.193706
4.0721 0.193993
4.07525 0.194244
4.0784 0.194463
4.08156 0.19453
4.08471 0.194589
4.08786 0.19464
4.09101 0.19481
4.09416 0.194959
4.09732 0.195089
4.10047 0.195078
4.10362 0.195068
4.10677 0.19506
4.10992 0.195052
4.11308 0.195171
4.11623 0.195274
4.11938 0.195365
4.12253 0.195319
4.12568 0.19528
4.12884 0.195245
4.13199 0.195214
4.13514 0.195312
4.13829 0.195398
4.14144 0.195348
4.1446 0.195305
4.14775 0.195267
4.1509 0.195233
4.15405 0.195329
4.1572 0.195413
4.16036 0.195486
4.16351 0.195426
4.16666 0.195372
4.16981 0.195326
4.17296 0.195285
4.17612 0.195375
4.17927 0.195453
4.18242 0.195521
4.18557 0.195456
4.18872 0.195774
4.19188 0.196052
4.19503 0.196421
4.19818 0.196743
4.20133 0.197025
4.20448 0.197272
4.20764 0.197363
4.21079 0.197443
4.21394 0.197512
4.21709 0.197698
4.22024 0.197861
4.2234 0.198003
4.22655 0.198128
4.2297 0.198112
4.23285 0.198098
4.236 0.198211
4.23916 0.198309
4.24231 0.198396
4.24546 0.198471
4.24861 0.198412
4.25176 0.198361
4.25492 0.198316
4.25807 0.198401
4.26122 0.198476
4.26437 0.198542
4.26752 0.198599
4.27068 0.198524
4.27383 0.198459
4.27698 0.198401
4.28013 0.198476
4.28328 0.198542
4.28644 0.198599
4.28959 0.198524
4.29274 0.198458
4.29589 0.198401
4.29904 0.198476
4.3022 0.198542
4.30535 0.198599
4.3085 0.198649
4.31165 0.198568
4.3148 0.198497
4.31796 0.198435
4.32111 0.198505
4.32426 0.198942
4.32741 0.199324
4.33056 0.199659
4.33372 0.199952
4.33687 0.200083
4.34002 0.200322
4.34317 0.200532
4.34632 0.200715
4.34948 0.200876
4.35263 0.201017
4.35578 0.201014
4.35893 0.201013
4.36208 0.201136
4.36524 0.201244
4.36839 0.201339
4.37154 0.201421
4.37469 0.201494
4.37784 0.201432
4.381 0.201378
4.38415 0.201456
4.3873 0.201524
4.39045 0.201583
4.3936 0.201635
4.39676 0.201556
4.39991 0.201486
4.40306 0.201551
4.40621 0.201607
4.40936 0.201656
4.41252 0.201699
4.41567 0.201737
4.41882 0.201645
4.42197 0.201564
4.42512 0.201618
4.42828 0.201666
4.43143 0.201708
4.43458 0.201744
4.43773 0.201651
4.44088 0.20157
4.44404 0.201624
4.44719 0.201671
4.45034 0.201712
4.45349 0.201748
4.45664 0.201779
4.4598 0.202182
4.46295 0.202409
4.4661 0.202733
4.46925 0.203016
4.4724 0.203264
4.47556 0.203481
4.47871 0.203671
4.48186 0.203837
4.48501 0.203983
4.48816 0.20411
4.49132 0.204221
4.49447 0.204318
4.49762 0.204404
4.50077 0.204478
4.50392 0.204418
4.50708 0.204491
4.51023 0.204555
4.51338 0.20461
4.51653 0.204659
4.51968 0.204702
4.52284 0.204739
4.52599 0.204647
4.52914 0.204691
4.53229 0.204729
4.53544 0.204763
4.5386 0.204793
4.54175 0.204819
4.5449 0.204716
4.54805 0.204752
4.5512 0.204783
4.55436 0.20481
4.55751 0.204834
4.56066 0.204855
4.56381 0.204873
4.56696 0.204764
4.57012 0.204793
4.57327 0.204819
4.57642 0.204842
4.57957 0.204861
4.58272 0.204879
4.58588 0.204894
4.58903 0.204907
4.59218 0.204919
4.59533 0.204929
4.59848 0.205313
4.60164 0.205649
4.60479 0.205943
4.60794 0.2062
4.61109 0.206425
4.61424 0.206622
4.6174 0.206794
4.62055 0.206945
4.6237 0.207077
4.62685 0.207192
4.63 0.207418
4.63316 0.207491
4.63631 0.207554
4.63946 0.20761
4.64261 0.207659
4.64576 0.207702
4.64892 0.207739
4.65207 0.207771
4.65522 0.2078
4.65837 0.207825
4.66152 0.207847
4.66468 0.207866
4.66783 0.207883
4.67098 0.207897
4.67413 0.20791
4.67728 0.207921
4.68044 0.207931
4.68359 0.20794
4.68674 0.207947
4.68989 0.207954
4.69304 0.20796
4.6962 0.207965
4.69935 0.207969
4.7025 0.207973
4.70565 0.207976
4.7088 0.207979
4.71196 0.207982
4.71511 0.207984
4.71826 0.207986
4.72141 0.207988
4.72456 0.207989
4.72772 0.207991
4.73087 0.207992
4.73402 0.208118
4.73717 0.208103
4.74032 0.208465
4.74348 0.208782
4.74663 0.209059
4.74978 0.209302
4.75293 0.209514
4.75608 0.209825
4.75924 0.209972
4.76239 0.2101
4.76554 0.210213
4.76869 0.210311
4.77184 0.210397
4.775 0.210473
4.77815 0.210664
4.7813 0.210706
4.78445 0.210742
4.7876 0.210775
4.79076 0.210803
4.79391 0.210827
4.79706 0.210974
4.80021 0.210977
4.80336 0.21098
4.80652 0.210983
4.80967 0.210985
4.81282 0.210987
4.81597 0.210988
4.81912 0.211115
4.82228 0.2111
4.82543 0.211088
4.82858 0.211077
4.83173 0.211067
4.83488 0.211059
4.83804 0.211177
4.84119 0.211154
4.84434 0.211135
4.84749 0.211118
4.85064 0.211103
4.8538 0.211091
4.85695 0.211079
4.8601 0.211194
4.86325 0.21117
4.8664 0.211149
4.86956 0.21113
4.87271 0.211114
4.87586 0.2111
4.87901 0.211212
4.88216 0.211311
4.88532 0.211772
4.88847 0.21205
4.89162 0.212294
4.89477 0.212507
4.89792 0.212694
4.90108 0.212982
4.90423 0.213234
4.90738 0.21333
4.91053 0.213414
4.91368 0.213487
4.91684 0.213551
4.91999 0.213607
4.92314 0.213781
4.92629 0.213934
4.92944 0.213942
4.9326 0.213949
4.93575 0.213956
4.9389 0.213961
4.94205 0.214091
4.9452 0.214205
4.94836 0.214179
4.95151 0.214157
4.95466 0.214137
4.95781 0.21412
4.96096 0.214105
4.96412 0.214217
4.96727 0.214315
4.97042 0.214275
4.97357 0.214241
4.97672 0.214211
4.97988 0.214184
4.98303 0.214286
4.98618 0.214376
4.98933 0.214454
4.99248 0.214397
4.99564 0.214347
4.99879 0.214304
5.00194 0.214266
5.00509 0.214358
5.00824 0.214438
5.0114 0.214383
5.01455 0.214335
5.0177 0.214293
5.02085 0.214257
5.024 0.21435
5.02716 0.214431
5.03031 0.214877
5.03346 0.215267
5.03661 0.215484
5.03976 0.215674
5.04292 0.215839
5.04607 0.216109
5.04922 0.216346
5.05237 0.216553
5.05552 0.216608
5.05868 0.216657
5.06183 0.2167
5.06498 0.216738
5.06813 0.216895
5.07128 0.217034
5.07444 0.217154
5.07759 0.217135
5.08074 0.217118
5.08389 0.217103
5.08704 0.217215
5.0902 0.217314
5.09335 0.217399
5.0965 0.217349
5.09965 0.217306
5.1028 0.217268
5.10596 0.217234
5.10911 0.21733
5.11226 0.217414
5.11541 0.217487
5.11856 0.217426
5.12172 0.217373
5.12487 0.217326
5.12802 0.21741
5.13117 0.217484
5.13432 0.217549
5.13748 0.217605
5.14063 0.217529
5.14378 0.217463
5.14693 0.217405
5.15008 0.21748
5.15324 0.217545
5.15639 0.217602
5.15954 0.217526
5.16269 0.217461
5.16584 0.217403
5.169 0.217353
5.17215 0.217434
5.1753 0.217504
5.17845 0.217941
5.1816 0.218324
5.18476 0.218533
5.18791 0.218717
5.19106 0.219002
5.19421 0.219252
5.19736 0.21947
5.20052 0.219661
5.20367 0.219704
5.20682 0.219741
5.20997 0.219773
5.21312 0.219927
5.21628 0.220061
5.21943 0.220178
5.22258 0.220281
5.22573 0.220246
5.22888 0.220215
5.23204 0.220313
5.23519 0.220399
5.23834 0.220474
5.24149 0.22054
5.24464 0.220472
5.2478 0.220413
5.25095 0.220362
5.2541 0.220441
5.25725 0.220511
5.2604 0.220572
5.26356 0.220626
5.26671 0.220548
5.26986 0.220479
5.27301 0.220544
5.27616 0.220601
5.27932 0.220651
5.28247 0.220695
5.28562 0.220733
5.28877 0.220641
5.29192 0.220561
5.29508 0.220616
5.29823 0.220664
5.30138 0.220706
5.30453 0.220743
5.30768 0.22065
5.31084 0.220569
5.31399 0.220498
5.31714 0.22056
5.32029 0.220615
5.32344 0.220663
5.3266 0.22108
5.32975 0.221445
5.3329 0.22164
5.33605 0.221935
5.3392 0.222193
5.34236 0.222419
5.34551 0.222616
5.34866 0.222789
5.35181 0.222816
5.35496 0.222839
5.35812 0.222984
5.36127 0.223111
5.36442 0.223222
5.36757 0.223319
5.37072 0.223404
5.37388 0.223354
5.37703 0.223435
5.38018 0.223505
5.38333 0.223567
5.38648 0.223621
5.38964 0.223669
5.39279 0.22371
5.39594 0.223621
5.39909 0.223669
5.40224 0.22371
5.4054 0.223746
5.40855 0.223778
5.4117 0.223806
5.41485 0.223705
5.418 0.223742
5.42116 0.223774
5.42431 0.223802
5.42746 0.223827
5.43061 0.223849
5.43376 0.223868
5.43692 0.223759
5.44007 0.223789
5.44322 0.223816
5.44637 0.223839
5.44952 0.223859
5.45268 0.223876
5.45583 0.223767
5.45898 0.223671
5.46213 0.223712
5.46528 0.223748
5.46844 0.22378
5.47159 0.223807
5.47474 0.223831
5.47789 0.224227
5.48104 0.224574
5.4842 0.224877
5.48735 0.225143
5.4905 0.225375
5.49365 0.225578
5.4968 0.225756
5.49996 0.225786
5.50311 0.225938
5.50626 0.226071
5.50941 0.226187
5.51256 0.226288
5.51572 0.226377
5.51887 0.226455
5.52202 0.226523
5.52517 0.226583
5.52832 0.226635
5.53148 0.226681
5.53463 0.226721
5.53778 0.226756
5.54093 0.226786
5.54408 0.226813
5.54724 0.226836
5.55039 0.226857
5.55354 0.226875
5.55669 0.22689
5.55984 0.226904
5.563 0.226791
5.56615 0.226817
5.5693 0.22684
5.57245 0.22686
5.5756 0.226877
5.57876 0.226893
5.58191 0.226906
5.58506 0.226918
5.58821 0.226928
5.59136 0.226937
5.59452 0.226945
5.59767 0.226952
5.60082 0.226958
5.60397 0.226838
5.60712 0.226858
5.61028 0.226876
5.61343 0.226892
5.61658 0.226905
5.61973 0.226917
5.62288 0.226927
5.62604 0.226936
5.62919 0.226944
5.63234 0.227326
5.63549 0.227661
5.63864 0.227953
5.6418 0.228209
5.64495 0.228433
5.6481 0.228629
5.65125 0.2288
5.6544 0.22895
5.65756 0.229081
5.66071 0.229196
5.66386 0.229297
5.66701 0.22951
5.67016 0.229571
5.67332 0.229624
5.67647 0.229671
5.67962 0.229713
5.68277 0.229748
5.68592 0.22978
5.68908 0.229932
5.69223 0.229941
5.69538 0.229948
5.69853 0.229955
5.70168 0.22996
5.70484 0.229965
5.70799 0.22997
5.71114 0.229973
5.71429 0.229977
5.71744 0.22998
5.7206 0.229982
5.72375 0.229984
5.7269 0.229986
5.73005 0.230113
5.7332 0.230099
5.73636 0.230087
5.73951 0.230076
5.74266 0.230066
5.74581 0.230058
5.74896 0.230051
5.75212 0.230044
5.75527 0.230039
5.75842 0.230034
5.76157 0.23003
5.76472 0.230026
5.76788 0.230023
5.77103 0.230145
5.77418 0.230127
5.77733 0.230111
5.78048 0.230097
5.78364 0.230085
5.78679 0.230074
5.78994 0.23044
5.79309 0.230885
5.79624 0.231274
5.7994 0.23149
5.80255 0.231679
5.8057 0.231844
5.80885 0.231988
5.812 0.23224
5.81516 0.23246
5.81831 0.232527
5.82146 0.232587
5.82461 0.232638
5.82776 0.232683
5.83092 0.232723
5.83407 0.232883
5.83722 0.233022
5.84037 0.23302
5.84352 0.233017
5.84668 0.233015
5.84983 0.233013
5.85298 0.233011
5.85613 0.233135
5.85928 0.233118
5.86244 0.233103
5.86559 0.23309
5.86874 0.233079
5.87189 0.233069
5.87504 0.233186
5.8782 0.233287
5.88135 0.233251
5.8845 0.23322
5.88765 0.233193
5.8908 0.233168
5.89396 0.233147
5.89711 0.233254
5.90026 0.233222
5.90341 0.233194
5.90656 0.23317
5.90972 0.233149
5.91287 0.23313
5.91602 0.233239
5.91917 0.233334
5.92232 0.233292
5.92548 0.233256
5.92863 0.233224
5.93178 0.233196
5.93493 0.233171
5.93808 0.233275
5.94124 0.233366
5.94439 0.23332
5.94754 0.233655
5.95069 0.233948
5.95384 0.234205
5.957 0.234429
5.96015 0.23475
5.9633 0.235032
5.96645 0.235153
5.9696 0.235259
5.97276 0.235351
5.97591 0.235432
5.97906 0.235628
5.98221 0.2358
5.98536 0.23595
5.98852 0.235956
5.99167 0.235962
5.99482 0.235966
5.99797 0.235971
6.00112 0.236099
6.00428 0.236212
6.00743 0.236185
6.01058 0.236162
6.01373 0.236142
6.01688 0.236124
6.02004 0.236234
6.02319 0.236329
6.02634 0.236413
6.02949 0.236362
6.03264 0.236316
6.0358 0.236277
6.03895 0.236242
6.0421 0.236337
6.04525 0.23642
6.0484 0.236367
6.05156 0.236321
6.05471 0.236281
6.05786 0.236246
6.06101 0.23634
6.06416 0.236423
6.06732 0.236495
6.07047 0.236433
6.07362 0.236379
6.07677 0.236332
6.07992 0.23629
6.08308 0.236379
6.08623 0.236457
6.08938 0.236524
6.09253 0.236459
6.09568 0.236402
6.09884 0.236351
6.10199 0.236307
6.10514 0.236394
6.10829 0.236845
6.11144 0.237239
6.1146 0.237459
6.11775 0.237652
6.1209 0.23782
6.12405 0.238093
6.1272 0.238331
6.13036 0.23854
6.13351 0.238722
6.13666 0.238757
6.13981 0.238787
6.14296 0.238814
6.14612 0.238962
6.14927 0.239092
6.15242 0.239205
6.15557 0.23918
6.15872 0.239157
6.16188 0.239138
6.16503 0.239245
6.16818 0.23934
6.17133 0.239422
6.17448 0.239494
6.17764 0.239433
6.18079 0.239379
6.18394 0.239331
6.18709 0.239415
6.19024 0.239488
6.1934 0.239552
6.19655 0.239608
6.1997 0.239532
6.20285 0.239466
6.206 0.239532
6.20916 0.239591
6.21231 0.239642
6.21546 0.239687
6.21861 0.239601
6.22176 0.239526
6.22492 0.23946
6.22807 0.239528
6.23122 0.239587
6.23437 0.239638
6.23752 0.239683
6.24068 0.239598
6.24383 0.239523
6.24698 0.239458
6.25013 0.239526
6.25328 0.239585
6.25644 0.239637
6.25959 0.239557
6.26274 0.239488
6.26589 0.239427
6.26904 0.239873
6.2722 0.240264
6.27535 0.240606
6.2785 0.240905
6.28165 0.241167
6.2848 0.241271
6.28796 0.241362
6.29111 0.241567
6.29426 0.241746
6.29741 0.241903
6.30056 0.24204
6.30372 0.242035
6.30687 0.242031
6.31002 0.242152
6.31317 0.242258
6.31632 0.242351
6.31948 0.242432
6.32263 0.242503
6.32578 0.24244
6.32893 0.242385
6.33208 0.242462
6.33524 0.242529
6.33839 0.242588
6.34154 0.242639
6.34469 0.242685
6.34784 0.242599
6.351 0.242524
6.35415 0.242584
6.3573 0.242636
6.36045 0.242681
6.3636 0.242721
6.36676 0.242631
6.36991 0.242552
6.37306 0.242608
6.37621 0.242657
6.37936 0.2427
6.38252 0.242737
6.38567 0.24277
6.38882 0.242674
6.39197 0.24259
6.39512 0.242641
6.39828 0.242686
6.40143 0.242725
6.40458 0.242759
6.40773 0.242665
6.41088 0.242581
6.41404 0.242634
6.41719 0.24268
6.42034 0.24272
6.42349 0.242755
6.42664 0.242785
6.42979 0.242687
6.43295 0.242976
6.4361 0.243354
6.43925 0.243685
6.4424 0.243974
6.44555 0.244228
6.44871 0.244449
6.45186 0.244518
6.45501 0.244703
6.45816 0.244865
6.46131 0.245007
6.46447 0.245131
6.46762 0.24524
6.47077 0.245335
6.47392 0.245293
6.47707 0.245381
6.48023 0.245459
6.48338 0.245526
6.48653 0.245586
6.48968 0.245637
6.49283 0.245683
6.49599 0.245597
6.49914 0.245648
6.50229 0.245692
6.50544 0.24573
6.50859 0.245764
6.51175 0.245793
6.5149 0.245694
6.51805 0.245733
6.5212 0.245766
6.52435 0.245795
6.52751 0.245821
6.53066 0.245843
6.53381 0.245863
6.53696 0.245755
6.54011 0.245786
6.54327 0.245812
6.54642 0.245836
6.54957 0.245856
6.55272 0.245874
6.55587 0.245765
6.55903 0.245794
6.56218 0.24582
6.56533 0.245843
6.56848 0.245862
6.57163 0.245879
6.57479 0.245895
6.57794 0.245783
6.58109 0.24581
6.58424 0.245834
6.58739 0.245854
6.59055 0.245873
6.5937 0.245889
6.59685 0.245902
6.6 0.246415
6.60315 0.246738
6.60631 0.247021
6.60946 0.247268
6.61261 0.247485
6.61576 0.247674
6.61891 0.24784
6.62207 0.247985
6.62522 0.248112
6.62837 0.248223
6.63152 0.24832
6.63467 0.248405
6.63783 0.248479
6.64098 0.248544
6.64413 0.248601
6.64728 0.248651
6.65043 0.248695
6.65359 0.248733
6.65674 0.248766
6.65989 0.248796
6.66304 0.248821
6.66619 0.248843
6.66935 0.248863
6.6725 0.24888
6.67565 0.248895
6.6788 0.248908
6.68195 0.24892
6.68511 0.24893
6.68826 0.248939
6.69141 0.248946
6.69456 0.248953
6.69771 0.248959
6.70087 0.248964
6.70402 0.248968
6.70717 0.248972
6.71032 0.248976
6.71347 0.248979
6.71663 0.248982
6.71978 0.248984
6.72293 0.248986
6.72608 0.248988
6.72923 0.248989
6.73239 0.248991
6.73554 0.248992
6.73869 0.248993
6.74184 0.248994
6.74499 0.248994
6.74815 0.248995
6.7513 0.248996
6.75445 0.248996
6.7576 0.248997
6.76075 0.248997
6.76391 0.248998
6.76706 0.248998
6.77021 0.249373
6.77336 0.249701
6.77651 0.249989
6.77967 0.25024
6.78282 0.25046
6.78597 0.250653
6.78912 0.250946
6.79227 0.251078
6.79543 0.251193
6.79858 0.251294
6.80173 0.251382
6.80488 0.251459
6.80803 0.251652
6.81119 0.251695
6.81434 0.251734
6.81749 0.251767
6.82064 0.251796
6.82379 0.251822
6.82695 0.251844
6.8301 0.251988
6.83325 0.25199
6.8364 0.251991
6.83955 0.251992
6.84271 0.251993
6.84586 0.251994
6.84901 0.25212
6.85216 0.252105
6.85531 0.252092
6.85847 0.25208
6.86162 0.25207
6.86477 0.252061
6.86792 0.252054
6.87107 0.252172
6.87423 0.252151
6.87738 0.252132
6.88053 0.252115
6.88368 0.252101
6.88683 0.252088
6.88999 0.252077
6.89314 0.252193
6.89629 0.252168
6.89944 0.252147
6.90259 0.252129
6.90575 0.252113
6.9089 0.252099
6.91205 0.252211
6.9152 0.252185
6.91835 0.252162
6.92151 0.252142
6.92466 0.252124
6.92781 0.252108
6.93096 0.252095
6.93411 0.252208
6.93727 0.252182
6.94042 0.252534
6.94357 0.252842
6.94672 0.253112
6.94987 0.253348
6.95303 0.25368
6.95618 0.25397
6.95933 0.254098
6.96248 0.254211
6.96563 0.25431
6.96879 0.254396
6.97194 0.254472
6.97509 0.254663
6.97824 0.25483
6.98139 0.254851
6.98455 0.25487
6.9877 0.254886
6.99085 0.2549
6.994 0.255038
6.99715 0.255158
7.00031 0.255263
7.00346 0.25523
7.00661 0.255202
7.00976 0.255176
7.01291 0.255154
7.01607 0.25526
7.01922 0.255353
7.02237 0.255308
7.02552 0.25527
7.02867 0.255236
7.03183 0.255207
7.03498 0.255181
7.03813 0.255283
7.04128 0.255373
7.04443 0.255326
7.04759 0.255285
7.05074 0.25525
7.05389 0.255219
7.05704 0.255316
7.06019 0.255402
7.06335 0.255351
7.0665 0.255308
7.06965 0.255269
7.0728 0.255235
7.07595 0.255206
7.07911 0.255305
7.08226 0.255392
7.08541 0.255343
7.08856 0.2553
7.09171 0.255263
7.09487 0.25523
7.09802 0.255326
7.10117 0.25541
7.10432 0.255359
7.10747 0.255314
7.11063 0.255275
7.11378 0.255616
7.11693 0.255914
7.12008 0.256299
7.12323 0.256637
7.12639 0.256932
7.12954 0.257066
7.13269 0.257183
7.13584 0.257285
7.13899 0.257374
7.14215 0.257577
7.1453 0.257755
7.14845 0.257911
7.1516 0.257922
7.15475 0.257932
7.15791 0.25794
7.16106 0.258073
7.16421 0.258189
7.16736 0.25829
7.17051 0.258254
7.17367 0.258222
7.17682 0.258194
7.17997 0.25817
7.18312 0.258274
7.18627 0.258365
7.18943 0.258444
7.19258 0.258388
7.19573 0.25834
7.19888 0.258297
7.20203 0.258385
7.20519 0.258462
7.20834 0.258529
7.21149 0.258463
7.21464 0.258405
7.21779 0.258355
7.22095 0.25831
7.2241 0.258396
7.22725 0.258472
7.2304 0.258538
7.23355 0.258471
7.23671 0.258412
7.23986 0.25836
7.24301 0.25844
7.24616 0.25851
7.24931 0.258572
7.25247 0.2585
7.25562 0.258438
7.25877 0.258383
7.26192 0.258335
7.26507 0.258418
7.26823 0.258491
7.27138 0.258555
7.27453 0.258485
7.27768 0.258425
7.28083 0.258371
7.28399 0.258325
7.28714 0.258784
7.29029 0.259186
7.29344 0.259538
7.29659 0.259846
7.29975 0.25999
7.3029 0.260116
7.30605 0.260352
7.3092 0.260558
7.31235 0.260738
7.31551 0.260896
7.31866 0.260909
7.32181 0.26092
7.32496 0.26093
7.32811 0.261064
7.33127 0.261181
7.33442 0.261283
7.33757 0.261373
7.34072 0.261326
7.34387 0.261286
7.34703 0.261375
7.35018 0.261453
7.35333 0.261521
7.35648 0.261581
7.35963 0.261509
7.36279 0.261445
7.36594 0.261389
7.36909 0.261466
7.37224 0.261532
7.37539 0.261591
7.37855 0.261642
7.3817 0.261562
7.38485 0.261492
7.388 0.261555
7.39115 0.261611
7.39431 0.261659
7.39746 0.261702
7.40061 0.261739
7.40376 0.261647
7.40691 0.261566
7.41007 0.26162
7.41322 0.261668
7.41637 0.261709
7.41952 0.261746
7.42267 0.261652
7.42583 0.261571
7.42898 0.261499
7.43213 0.261562
7.43528 0.261617
7.43843 0.261665
7.44159 0.261707
7.44474 0.261618
7.44789 0.261541
7.45104 0.261598
7.45419 0.261649
7.45735 0.261692
7.4605 0.261731
7.46365 0.26214
7.4668 0.262372
7.46995 0.262576
7.47311 0.262879
7.47626 0.263144
7.47941 0.263376
7.48256 0.263579
7.48571 0.263757
7.48887 0.263787
7.49202 0.263939
7.49517 0.264071
7.49832 0.264187
7.50147 0.264289
7.50463 0.264378
7.50778 0.264331
7.51093 0.264289
7.51408 0.264378
7.51723 0.264456
7.52039 0.264524
7.52354 0.264583
7.52669 0.264635
7.52984 0.264556
7.53299 0.264487
7.53615 0.264551
7.5393 0.264607
7.54245 0.264656
7.5456 0.264699
7.54875 0.264737
7.55191 0.264645
7.55506 0.264689
7.55821 0.264728
7.56136 0.264762
7.56451 0.264792
7.56767 0.264818
7.57082 0.264715
7.57397 0.264626
7.57712 0.264673
7.58027 0.264714
7.58343 0.264749
7.58658 0.264781
7.58973 0.264808
7.59288 0.264707
7.59603 0.264744
7.59919 0.264776
7.60234 0.264804
7.60549 0.264828
7.60864 0.26485
7.61179 0.264744
7.61495 0.264651
7.6181 0.264694
7.62125 0.264733
7.6244 0.264766
7.62755 0.264795
7.63071 0.264821
7.63386 0.264718
7.63701 0.264753
7.64016 0.264784
7.64331 0.265186
7.64647 0.265538
7.64962 0.265846
7.65277 0.266115
7.65592 0.266226
7.65907 0.266447
7.66223 0.266641
7.66538 0.266811
7.66853 0.26696
7.67168 0.26709
7.67483 0.267204
7.67799 0.267178
7.68114 0.267281
7.68429 0.267371
7.68744 0.267449
7.69059 0.267518
7.69375 0.267578
7.6969 0.267631
7.70005 0.267677
7.7032 0.267718
7.70635 0.267753
7.70951 0.267784
7.71266 0.267811
7.71581 0.267834
7.71896 0.26773
7.72211 0.267764
7.72527 0.267793
7.72842 0.267819
7.73157 0.267842
7.73472 0.267862
7.73787 0.267879
7.74103 0.267894
7.74418 0.267907
7.74733 0.267919
7.75048 0.267929
7.75363 0.267938
7.75679 0.267946
7.75994 0.267827
7.76309 0.267849
7.76624 0.267868
7.76939 0.267884
7.77255 0.267899
7.7757 0.267911
7.77885 0.267923
7.782 0.267932
7.78515 0.267941
7.78831 0.267948
7.79146 0.267955
7.79461 0.26796
7.79776 0.267965
7.80091 0.26797
7.80407 0.267973
7.80722 0.267977
7.81037 0.26798
7.81352 0.267982
7.81667 0.267984
7.81983 0.267986
7.82298 0.267863
7.82613 0.268255
7.82928 0.268598
7.83243 0.268898
7.83559 0.269161
7.83874 0.269391
7.84189 0.269592
7.84504 0.269893
7.84819 0.270031
7.85135 0.270153
7.8545 0.270258
7.85765 0.270351
7.8608 0.270432
7.86395 0.270503
7.86711 0.270565
7.87026 0.27062
7.87341 0.270667
7.87656 0.270709
7.87971 0.270745
7.88287 0.270777
7.88602 0.27093
7.88917 0.270939
7.89232 0.270946
7.89547 0.270953
7.89863 0.270959
7.90178 0.270964
7.90493 0.270969
7.90808 0.270972
7.91123 0.270976
7.91439 0.270979
7.91754 0.270982
7.92069 0.270984
7.92384 0.270986
7.92699 0.270988
7.93015 0.270989
7.9333 0.270991
7.93645 0.270992
7.9396 0.270993
7.94275 0.270994
7.94591 0.270994
7.94906 0.27112
7.95221 0.271105
7.95536 0.271092
7.95851 0.27108
7.96167 0.27107
7.96482 0.271062
7.96797 0.271054
7.97112 0.271047
7.97427 0.271041
7.97743 0.271036
7.98058 0.271032
7.98373 0.271028
7.98688 0.271024
7.99003 0.271146
7.99319 0.271128
7.99634 0.271112
7.99949 0.271098
8.00264 0.271086
8.00579 0.271075
8.00895 0.271441
8.0121 0.271886
8.01525 0.27215
8.0184 0.272381
8.02155 0.272583
8.02471 0.272761
8.02786 0.272915
8.03101 0.273176
8.03416 0.273404
8.03731 0.273479
8.04047 0.273544
8.04362 0.273601
8.04677 0.273651
8.04992 0.273694
8.05307 0.273858
8.05623 0.273875
8.05938 0.273891
8.06253 0.273905
8.06568 0.273916
8.06883 0.273927
8.07199 0.273936
8.07514 0.274069
8.07829 0.27406
8.08144 0.274053
8.08459 0.274046
8.08775 0.27404
8.0909 0.274035
8.09405 0.274156
8.0972 0.274261
8.10035 0.274229
8.10351 0.2742
8.10666 0.274175
8.10981 0.274153
8.11296 0.274134
8.11611 0.274242
8.11927 0.274212
8.12242 0.274186
8.12557 0.274162
8.12872 0.274142
8.13187 0.274124
8.13503 0.274234
8.13818 0.27433
8.14133 0.274288
8.14448 0.274252
8.14763 0.274221
8.15079 0.274193
8.15394 0.274169
8.15709 0.274273
8.16024 0.274239
8.16339 0.274209
8.16655 0.274183
8.1697 0.27416
8.17285 0.27414
8.176 0.274247
8.17915 0.274342
8.18231 0.274299
8.18546 0.274261
8.18861 0.274229
8.19176 0.2742
8.19491 0.27455
8.19807 0.274981
8.20122 0.275359
8.20437 0.275689
8.20752 0.275853
8.21067 0.275996
8.21383 0.276122
8.21698 0.276231
8.22013 0.276453
8.22328 0.276646
8.22643 0.27669
8.22959 0.276729
8.23274 0.276763
8.23589 0.276792
8.23904 0.276943
8.24219 0.277075
8.24535 0.277191
8.2485 0.277167
8.25165 0.277146
8.2548 0.277128
8.25795 0.277112
8.26111 0.277223
8.26426 0.27732
8.26741 0.27728
8.27056 0.277245
8.27371 0.277214
8.27687 0.277188
8.28002 0.277289
8.28317 0.277378
8.28632 0.277456
8.28947 0.277399
8.29263 0.277349
8.29578 0.277305
8.29893 0.277267
8.30208 0.277359
8.30523 0.277439
8.30839 0.277384
8.31154 0.277336
8.31469 0.277294
8.31784 0.277257
8.32099 0.277225
8.32415 0.277322
8.3273 0.277407
8.33045 0.277356
8.3336 0.277311
8.33675 0.277272
8.33991 0.277238
8.34306 0.277334
8.34621 0.277417
8.34936 0.27749
8.35251 0.277429
8.35567 0.277375
8.35882 0.277328
8.36197 0.277287
8.36512 0.277376
8.36827 0.277454
8.37143 0.277397
8.37458 0.277348
8.37773 0.277304
8.38088 0.277641
8.38403 0.278061
8.38719 0.278428
8.39034 0.27875
8.39349 0.279031
8.39664 0.279152
8.39979 0.279258
8.40295 0.279351
8.4061 0.279557
8.40925 0.279737
8.4124 0.279895
8.41555 0.279908
8.41871 0.27992
8.42186 0.27993
8.42501 0.280064
8.42816 0.280181
8.43131 0.280283
8.43447 0.280373
8.43762 0.280326
8.44077 0.280285
8.44392 0.28025
8.44707 0.280343
8.45023 0.280426
8.45338 0.280497
8.45653 0.280435
8.45968 0.280381
8.46283 0.280333
8.46599 0.280292
8.46914 0.28038
8.47229 0.280458
8.47544 0.280525
8.47859 0.28046
8.48175 0.280402
8.4849 0.280352
8.48805 0.280433
8.4912 0.280504
8.49435 0.280566
8.49751 0.28062
8.50066 0.280543
8.50381 0.280475
8.50696 0.280415
8.51011 0.280489
8.51327 0.280552
8.51642 0.280608
8.51957 0.280532
8.52272 0.280466
8.52587 0.280408
8.52903 0.280482
8.53218 0.280546
8.53533 0.280603
8.53848 0.280653
8.54163 0.280571
8.54479 0.2805
8.54794 0.280437
8.55109 0.280508
8.55424 0.280569
8.55739 0.280623
8.56055 0.280545
8.5637 0.280477
8.56685 0.280417
8.57 0.280865
8.57315 0.281257
8.57631 0.2816
8.57946 0.2819
8.58261 0.282162
8.58576 0.282267
8.58891 0.282359
8.59207 0.282564
8.59522 0.282743
8.59837 0.2829
8.60152 0.283038
8.60467 0.283158
8.60783 0.283138
8.61098 0.283121
8.61413 0.283231
8.61728 0.283327
8.62043 0.283411
8.62359 0.283485
8.62674 0.283424
8.62989 0.283371
8.63304 0.28345
8.63619 0.283519
8.63935 0.283579
8.6425 0.283631
8.64565 0.283677
8.6488 0.283593
8.65195 0.283519
8.65511 0.283579
8.65826 0.283631
8.66141 0.283678
8.66456 0.283718
8.66771 0.283628
8.67087 0.28355
8.67402 0.283606
8.67717 0.283655
8.68032 0.283698
8.68347 0.283736
8.68663 0.283769
8.68978 0.283673
8.69293 0.283589
8.69608 0.28364
8.69923 0.283685
8.70239 0.283724
8.70554 0.283759
8.70869 0.283664
8.71184 0.283581
8.71499 0.283508
8.71815 0.28357
8.7213 0.283624
8.72445 0.283671
8.7276 0.283712
8.73075 0.283623
8.73391 0.283545
8.73706 0.283602
8.74021 0.283652
8.74336 0.283695
8.74651 0.283733
8.74967 0.283767
8.75282 0.283671
8.75597 0.283587
8.75912 0.283639
8.76227 0.284059
8.76543 0.284426
8.76858 0.284748
8.77173 0.28503
8.77488 0.285151
8.77803 0.285382
8.78119 0.285584
8.78434 0.285761
8.78749 0.285916
8.79064 0.286052
8.79379 0.28617
8.79695 0.286149
8.8001 0.286255
8.80325 0.286348
8.8064 0.28643
8.80955 0.286501
8.81271 0.286563
8.81586 0.286493
8.81901 0.286556
8.82216 0.286612
8.82531 0.28666
8.82847 0.286703
8.83162 0.28674
8.83477 0.286772
8.83792 0.286676
8.84107 0.286716
8.84423 0.286752
8.84738 0.286783
8.85053 0.28681
8.85368 0.286834
8.85683 0.28673
8.85999 0.286638
8.86314 0.286684
8.86629 0.286723
8.86944 0.286758
8.87259 0.286788
8.87575 0.286815
8.8789 0.286713
8.88205 0.286749
8.8852 0.28678
8.88835 0.286808
8.89151 0.286832
8.89466 0.286853
8.89781 0.286871
8.90096 0.286762
8.90411 0.286792
8.90727 0.286818
8.91042 0.286841
8.91357 0.286861
8.91672 0.286878
8.91987 0.286768
8.92303 0.286797
8.92618 0.286823
8.92933 0.286845
8.93248 0.286864
8.93563 0.286881
8.93879 0.286896
8.94194 0.286784
8.94509 0.286811
8.94824 0.286835
8.95139 0.286855
8.95455 0.286873
8.9577 0.287264
8.96085 0.287606
8.964 0.287905
8.96715 0.288167
8.97031 0.288396
8.97346 0.288597
8.97661 0.288772
8.97976 0.288926
8.98291 0.28906
8.98607 0.289177
8.98922 0.28928
8.99237 0.28937
8.99552 0.289449
8.99867 0.289518
9.00183 0.289578
9.00498 0.289631
9.00813 0.289677
9.01128 0.289717
9.01443 0.289753
9.01759 0.289784
9.02074 0.289811
9.02389 0.289834
9.02704 0.289855
9.03019 0.289873
9.03335 0.289889
9.0365 0.289903
9.03965 0.289915
9.0428 0.289926
9.04595 0.289935
9.04911 0.289943
9.05226 0.28995
9.05541 0.289956
9.05856 0.289962
9.06171 0.289967
9.06487 0.289971
9.06802 0.289974
9.07117 0.289978
9.07432 0.28998
9.07747 0.289983
9.08063 0.289985
9.08378 0.289987
9.08693 0.289989
9.09008 0.28999
9.09323 0.289991
9.09639 0.289992
9.09954 0.289993
9.10269 0.289994
9.10584 0.289995
9.10899 0.28987
9.11215 0.289887
9.1153 0.289901
9.11845 0.289913
9.1216 0.289924
9.12475 0.289934
9.12791 0.289942
9.13106 0.289949
9.13421 0.289955
9.13736 0.289961
9.14051 0.289966
9.14367 0.28997
9.14682 0.289974
9.14997 0.289977
9.15312 0.29048
9.15627 0.290795
9.15943 0.291071
9.16258 0.291312
9.16573 0.291523
9.16888 0.291707
9.17203 0.291994
9.17519 0.29212
9.17834 0.29223
9.18149 0.292326
9.18464 0.29241
9.18779 0.292484
9.19095 0.292549
9.1941 0.29273
9.19725 0.292764
9.2004 0.292793
9.20355 0.292819
9.20671 0.292842
9.20986 0.292861
9.21301 0.293004
9.21616 0.293003
9.21931 0.293003
9.22247 0.293003
9.22562 0.293002
9.22877 0.293002
9.23192 0.293002
9.23507 0.293126
9.23823 0.293111
9.24138 0.293097
9.24453 0.293085
9.24768 0.293074
9.25083 0.293065
9.25399 0.293057
9.25714 0.29305
9.26029 0.293043
9.26344 0.293038
9.26659 0.293033
9.26975 0.293029
9.2729 0.293025
9.27605 0.293147
9.2792 0.293129
9.28235 0.293113
9.28551 0.293099
9.28866 0.293086
9.29181 0.293076
9.29496 0.293066
9.29811 0.293183
9.30127 0.29316
9.30442 0.29314
9.30757 0.293122
9.31072 0.293107
9.31387 0.293094
9.31703 0.293207
9.32018 0.293181
9.32333 0.293159
9.32648 0.293139
9.32963 0.293121
9.33279 0.293106
9.33594 0.293093
9.33909 0.293206
9.34224 0.293181
9.34539 0.293158
9.34855 0.293138
9.3517 0.293496
9.35485 0.293809
9.358 0.294208
9.36115 0.294557
9.36431 0.294737
9.36746 0.294895
9.37061 0.295033
9.37376 0.295154
9.37691 0.29526
9.38007 0.295477
9.38322 0.295668
9.38637 0.295709
9.38952 0.295746
9.39267 0.295777
9.39583 0.295805
9.39898 0.29583
9.40213 0.295976
9.40528 0.296104
9.40843 0.296091
9.41159 0.29608
9.41474 0.29607
9.41789 0.296061
9.42104 0.296178
9.42419 0.296281
9.42735 0.296246
9.4305 0.296215
9.43365 0.296188
9.4368 0.296165
9.43995 0.296144
9.44311 0.296251
9.44626 0.296345
9.44941 0.296302
9.45256 0.296264
9.45571 0.296231
9.45887 0.296202
9.46202 0.296302
9.46517 0.296389
9.46832 0.29634
9.47147 0.296298
9.47463 0.296261
9.47778 0.296228
9.48093 0.2962
9.48408 0.2963
9.48723 0.296387
9.49039 0.296339
9.49354 0.296296
9.49669 0.296259
9.49984 0.296227
9.50299 0.296199
9.50615 0.296299
9.5093 0.296261
9.51245 0.296229
9.5156 0.2962
9.51875 0.296175
9.52191 0.296153
9.52506 0.296259
9.52821 0.296352
9.53136 0.296308
9.53451 0.296269
9.53767 0.296236
9.54082 0.296206
9.54397 0.29618
9.54712 0.296283
9.55027 0.296747
9.55343 0.297154
9.55658 0.297385
9.55973 0.297587
9.56288 0.297763
9.56603 0.298043
9.56919 0.298288
9.57234 0.298502
9.57549 0.298564
9.57864 0.298618
9.58179 0.298666
9.58494 0.298708
9.5881 0.298869
9.59125 0.299011
9.5944 0.299134
9.59755 0.299118
9.6007 0.299103
9.60386 0.29909
9.60701 0.299204
9.61016 0.299303
9.61331 0.29939
9.61646 0.299342
9.61962 0.299299
9.62277 0.299262
9.62592 0.299229
9.62907 0.299325
9.63222 0.29941
9.63538 0.299483
9.63853 0.299423
9.64168 0.29937
9.64483 0.299324
9.64798 0.299283
9.65114 0.299373
9.65429 0.299451
9.65744 0.299395
9.66059 0.299346
9.66374 0.299302
9.6669 0.299265
9.67005 0.299356
9.6732 0.299437
9.67635 0.299507
9.6795 0.299444
9.68266 0.299388
9.68581 0.29934
9.68896 0.299297
9.69211 0.299385
9.69526 0.299462
9.69842 0.299529
9.70157 0.299463
9.70472 0.299405
9.70787 0.299355
9.71102 0.299435
9.71418 0.299506
9.71733 0.299568
9.72048 0.299497
9.72363 0.299435
9.72678 0.29938
9.72994 0.299333
9.73309 0.299416
9.73624 0.299489
9.73939 0.299553
9.74254 0.299484
9.7457 0.299423
9.74885 0.29937
9.752 0.299824
9.75515 0.300221
9.7583 0.300568
9.76146 0.300872
9.76461 0.301013
9.76776 0.301137
9.77091 0.301245
9.77406 0.301464
9.77722 0.301656
9.78037 0.301824
9.78352 0.301971
9.78667 0.301975
9.78982 0.301978
9.79298 0.301981
9.79613 0.302108
9.79928 0.30222
9.80243 0.302317
9.80558 0.302402
9.80874 0.302352
9.81189 0.302308
9.81504 0.302395
9.81819 0.30247
9.82134 0.302536
9.8245 0.302594
9.82765 0.30252
9.8308 0.302455
9.83395 0.302398
9.8371 0.302473
9.84026 0.302539
9.84341 0.302597
9.84656 0.302647
9.84971 0.302566
9.85286 0.302496
9.85602 0.302559
9.85917 0.302614
9.86232 0.302662
9.86547 0.302704
9.86862 0.302616
9.87178 0.302539
9.87493 0.302472
9.87808 0.302538
9.88123 0.302596
9.88438 0.302646
9.88754 0.30269
9.89069 0.302604
9.89384 0.302529
9.89699 0.302463
9.90014 0.30253
9.9033 0.302588
9.90645 0.30264
9.9096 0.30256
9.91275 0.30249
9.9159 0.302429
9.91906 0.3025
9.92221 0.302563
9.92536 0.302617
9.92851 0.302665
9.93166 0.302582
9.93482 0.302509
9.93797 0.302446
9.94112 0.302515
9.94427 0.302576
9.94742 0.302629
9.95058 0.302675
9.95373 0.302591
9.95688 0.302892
9.96003 0.30328
9.96318 0.30362
9.96634 0.303918
9.96949 0.304178
9.97264 0.304406
9.97579 0.30448
9.97894 0.304545
9.9821 0.304727
9.98525 0.304886
9.9884 0.305025
9.99155 0.305147
9.9947 0.305254
9.99786 0.305222
10.001 0.305319
10.0042 0.305404
10.0073 0.305479
10.0105 0.305544
10.0136 0.305601
10.0168 0.305526
10.0199 0.30546
10.0231 0.305528
10.0262 0.305587
10.0294 0.305638
10.0325 0.305684
10.0357 0.305723
10.0388 0.305633
10.042 0.305554
10.0451 0.305609
10.0483 0.305658
10.0514 0.305701
10.0546 0.305738
10.0577 0.305646
10.0609 0.305565
10.064 0.30562
10.0672 0.305667
10.0704 0.305709
10.0735 0.305745
10.0767 0.305777
10.0798 0.30568
10.083 0.305595
10.0861 0.305646
10.0893 0.30569
10.0924 0.305729
10.0956 0.305763
10.0987 0.305792
10.1019 0.305693
10.105 0.305732
10.1082 0.305765
10.1113 0.305794
10.1145 0.30582
10.1176 0.305843
10.1208 0.305737
10.1239 0.305645
10.1271 0.305689
10.1302 0.305728
10.1334 0.305762
10.1365 0.305792
10.1397 0.305818
10.1428 0.305716
10.146 0.305751
10.1492 0.305782
10.1523 0.30581
10.1555 0.305833
10.1586 0.305854
10.1618 0.305747
10.1649 0.306029
10.1681 0.3064
10.1712 0.306725
10.1744 0.30701
10.1775 0.307258
10.1807 0.307476
10.1838 0.307667
10.187 0.307708
10.1901 0.30787
10.1933 0.308011
10.1964 0.308135
10.1996 0.308243
10.2027 0.308337
10.2059 0.30842
10.209 0.308493
10.2122 0.308556
10.2153 0.308612
10.2185 0.30866
10.2216 0.308703
10.2248 0.30874
10.228 0.308647
10.2311 0.308691
10.2343 0.30873
10.2374 0.308764
10.2406 0.308793
10.2437 0.308819
10.2469 0.308842
10.25 0.308862
10.2532 0.308879
10.2563 0.308894
10.2595 0.308907
10.2626 0.308919
10.2658 0.308929
10.2689 0.308813
10.2721 0.308836
10.2752 0.308857
10.2784 0.308875
10.2815 0.30889
10.2847 0.308904
10.2878 0.308916
10.291 0.308802
10.2941 0.308826
10.2973 0.308848
10.3004 0.308867
10.3036 0.308884
10.3068 0.308898
10.3099 0.308786
10.3131 0.308813
10.3162 0.308836
10.3194 0.308857
10.3225 0.308875
10.3257 0.30889
10.3288 0.308904
10.332 0.308791
10.3351 0.308817
10.3383 0.30884
10.3414 0.30886
10.3446 0.308877
10.3477 0.308893
10.3509 0.308906
10.354 0.308918
10.3572 0.308928
10.3603 0.308937
10.3635 0.308945
10.3666 0.308952
10.3698 0.308958
10.3729 0.309338
10.3761 0.309671
10.3792 0.309962
10.3824 0.310217
10.3856 0.31044
10.3887 0.310635
10.3919 0.310805
10.395 0.31108
10.3982 0.311195
10.4013 0.311295
10.4045 0.311383
10.4076 0.311461
10.4108 0.311528
10.4139 0.311587
10.4171 0.311639
10.4202 0.311684
10.4234 0.311723
10.4265 0.311758
10.4297 0.311788
10.4328 0.311815
10.436 0.311838
10.4391 0.311858
10.4423 0.311876
10.4454 0.311891
10.4486 0.311905
10.4517 0.311917
10.4549 0.311927
10.458 0.311936
10.4612 0.311944
10.4644 0.311951
10.4675 0.311957
10.4707 0.311963
10.4738 0.311967
10.477 0.311971
10.4801 0.311975
10.4833 0.311978
10.4864 0.311981
10.4896 0.311983
10.4927 0.311985
10.4959 0.311987
10.499 0.312114
10.5022 0.3121
10.5053 0.312087
10.5085 0.312076
10.5116 0.312067
10.5148 0.312058
10.5179 0.312051
10.5211 0.312045
10.5242 0.312039
10.5274 0.312034
10.5305 0.31203
10.5337 0.312026
10.5368 0.312023
10.54 0.312145
10.5432 0.312127
10.5463 0.312111
10.5495 0.312097
10.5526 0.312085
10.5558 0.312074
10.5589 0.312065
10.5621 0.312057
10.5652 0.31205
10.5684 0.312044
10.5715 0.312038
10.5747 0.312033
10.5778 0.312029
10.581 0.312026
10.5841 0.312522
10.5873 0.312832
10.5904 0.313103
10.5936 0.31334
10.5967 0.313548
10.5999 0.313729
10.603 0.314013
10.6062 0.314261
10.6093 0.314354
10.6125 0.314435
10.6156 0.314505
10.6188 0.314567
10.622 0.314621
10.6251 0.314794
10.6283 0.314819
10.6314 0.314842
10.6346 0.314862
10.6377 0.314879
10.6409 0.314894
10.644 0.315032
10.6472 0.315153
10.6503 0.315134
10.6535 0.315117
10.6566 0.315103
10.6598 0.31509
10.6629 0.315079
10.6661 0.315194
10.6692 0.31517
10.6724 0.315148
10.6755 0.31513
10.6787 0.315114
10.6818 0.315099
10.685 0.315087
10.6881 0.315201
10.6913 0.315176
10.6944 0.315154
10.6976 0.315135
10.7008 0.315118
10.7039 0.315103
10.7071 0.315215
10.7102 0.315188
10.7134 0.315165
10.7165 0.315144
10.7197 0.315126
10.7228 0.31511
10.726 0.315097
10.7291 0.31521
10.7323 0.315183
10.7354 0.31516
10.7386 0.31514
10.7417 0.315123
10.7449 0.315107
10.748 0.315219
10.7512 0.315317
10.7543 0.315277
10.7575 0.315242
10.7606 0.315212
10.7638 0.315186
10.7669 0.315162
10.7701 0.315267
10.7732 0.315234
10.7764 0.315205
10.7796 0.315179
10.7827 0.315157
10.7859 0.315137
10.789 0.315245
10.7922 0.315339
10.7953 0.315797
10.7985 0.316072
10.8016 0.316313
10.8048 0.316524
10.8079 0.316709
10.8111 0.316995
10.8142 0.317246
10.8174 0.31734
10.8205 0.317422
10.8237 0.317495
10.8268 0.317558
10.83 0.317613
10.8331 0.317786
10.8363 0.317938
10.8394 0.317946
10.8426 0.317953
10.8457 0.317959
10.8489 0.317964
10.852 0.318093
10.8552 0.318207
10.8584 0.318181
10.8615 0.318158
10.8647 0.318138
10.8678 0.318121
10.871 0.318106
10.8741 0.318218
10.8773 0.318316
10.8804 0.318276
10.8836 0.318242
10.8867 0.318211
10.8899 0.318185
10.893 0.318287
10.8962 0.318376
10.8993 0.318454
10.9025 0.318397
10.9056 0.318348
10.9088 0.318304
10.9119 0.318266
10.9151 0.318358
10.9182 0.318438
10.9214 0.318383
10.9245 0.318335
10.9277 0.318294
10.9308 0.318257
10.934 0.31835
10.9372 0.318431
10.9403 0.318502
10.9435 0.318439
10.9466 0.318384
10.9498 0.318336
10.9529 0.318294
10.9561 0.318383
10.9592 0.31846
10.9624 0.318402
10.9655 0.318352
10.9687 0.318308
10.9718 0.318269
10.975 0.318236
10.9781 0.318331
10.9813 0.318415
10.9844 0.318363
10.9876 0.318318
10.9907 0.318278
10.9939 0.318243
10.997 0.318338
11.0002 0.318421
11.0033 0.318493
11.0065 0.318431
11.0096 0.318752
11.0128 0.319033
11.016 0.319279
11.0191 0.319619
11.0223 0.319917
11.0254 0.320177
11.0286 0.32028
11.0317 0.32037
11.0349 0.320449
11.038 0.320643
11.0412 0.320812
11.0443 0.320961
11.0475 0.321091
11.0506 0.321079
11.0538 0.321069
11.0569 0.321061
11.0601 0.321178
11.0632 0.321281
11.0664 0.321371
11.0695 0.321324
11.0727 0.321284
11.0758 0.321248
11.079 0.321217
11.0821 0.321315
11.0853 0.321401
11.0884 0.321476
11.0916 0.321416
11.0948 0.321364
11.0979 0.321319
11.1011 0.321404
11.1042 0.321478
11.1074 0.321544
11.1105 0.321476
11.1137 0.321416
11.1168 0.321364
11.12 0.321319
11.1231 0.321404
11.1263 0.321478
11.1294 0.321544
11.1326 0.321476
11.1357 0.321416
11.1389 0.321364
11.142 0.321444
11.1452 0.321513
11.1483 0.321574
11.1515 0.321627
11.1546 0.321549
11.1578 0.32148
11.1609 0.32142
11.1641 0.321493
11.1672 0.321556
11.1704 0.321612
11.1736 0.321535
11.1767 0.321468
11.1799 0.32141
11.183 0.321483
11.1862 0.321548
11.1893 0.321605
11.1925 0.321654
11.1956 0.321572
11.1988 0.321501
11.2019 0.321438
11.2051 0.321508
11.2082 0.32157
11.2114 0.321624
11.2145 0.321546
11.2177 0.321477
11.2208 0.321418
11.224 0.321366
11.2271 0.32182
11.2303 0.322217
11.2334 0.322565
11.2366 0.32287
11.2397 0.323011
11.2429 0.323134
11.246 0.323368
11.2492 0.323572
11.2524 0.32375
11.2555 0.323906
11.2587 0.323918
11.2618 0.323928
11.265 0.323937
11.2681 0.32407
11.2713 0.324186
11.2744 0.324288
11.2776 0.324377
11.2807 0.32433
11.2839 0.324289
11.287 0.324378
11.2902 0.324455
11.2933 0.324523
11.2965 0.324583
11.2996 0.324635
11.3028 0.324556
11.3059 0.324486
11.3091 0.324551
11.3122 0.324607
11.3154 0.324656
11.3185 0.324699
11.3217 0.324612
11.3248 0.324535
11.328 0.324468
11.3312 0.324535
11.3343 0.324593
11.3375 0.324644
11.3406 0.324688
11.3438 0.324602
11.3469 0.324527
11.3501 0.324586
11.3532 0.324638
11.3564 0.324683
11.3595 0.324723
11.3627 0.324632
11.3658 0.324553
11.369 0.324484
11.3721 0.324549
11.3753 0.324605
11.3784 0.324654
11.3816 0.324698
11.3847 0.32461
11.3879 0.324534
11.391 0.324592
11.3942 0.324643
11.3973 0.324688
11.4005 0.324727
11.4036 0.324761
11.4068 0.324666
11.41 0.324583
11.4131 0.324635
11.4163 0.32468
11.4194 0.32472
11.4226 0.324755
11.4257 0.324661
11.4289 0.324578
11.432 0.324631
11.4352 0.324677
11.4383 0.324718
11.4415 0.324753
11.4446 0.324784
11.4478 0.325186
11.4509 0.325413
11.4541 0.325736
11.4572 0.326019
11.4604 0.326267
11.4635 0.326483
11.4667 0.326673
11.4698 0.326714
11.473 0.32675
11.4761 0.326906
11.4793 0.327043
11.4824 0.327162
11.4856 0.327267
11.4888 0.327359
11.4919 0.327314
11.4951 0.3274
11.4982 0.327475
11.5014 0.32754
11.5045 0.327598
11.5077 0.327648
11.5108 0.327567
11.514 0.327496
11.5171 0.327559
11.5203 0.327614
11.5234 0.327662
11.5266 0.327705
11.5297 0.327742
11.5329 0.327649
11.536 0.327693
11.5392 0.327731
11.5423 0.327765
11.5455 0.327794
11.5486 0.32782
11.5518 0.327842
11.5549 0.327737
11.5581 0.32777
11.5612 0.327799
11.5644 0.327824
11.5676 0.327846
11.5707 0.327865
11.5739 0.327757
11.577 0.327787
11.5802 0.327814
11.5833 0.327837
11.5865 0.327858
11.5896 0.327875
11.5928 0.327891
11.5959 0.32778
11.5991 0.327807
11.6022 0.327831
11.6054 0.327852
11.6085 0.327871
11.6117 0.327887
11.6148 0.327776
11.618 0.327679
11.6211 0.327719
11.6243 0.327754
11.6274 0.327785
11.6306 0.327812
11.6337 0.327835
11.6369 0.327731
11.64 0.327765
11.6432 0.327794
11.6464 0.32782
11.6495 0.327842
11.6527 0.327862
11.6558 0.327879
11.659 0.327769
11.6621 0.327798
11.6653 0.327823
11.6684 0.32822
11.6716 0.328568
11.6747 0.328872
11.6779 0.329138
11.681 0.329371
11.6842 0.329574
11.6873 0.329753
11.6905 0.329908
11.6936 0.330045
11.6968 0.330164
11.6999 0.330269
11.7031 0.33036
11.7062 0.33044
11.7094 0.33051
11.7125 0.330571
11.7157 0.330625
11.7188 0.330672
11.722 0.330588
11.7252 0.330639
11.7283 0.330684
11.7315 0.330724
11.7346 0.330758
11.7378 0.330789
11.7409 0.330815
11.7441 0.330838
11.7472 0.330858
11.7504 0.330876
11.7535 0.330892
11.7567 0.330905
11.7598 0.330917
11.763 0.330802
11.7661 0.330827
11.7693 0.330849
11.7724 0.330868
11.7756 0.330884
11.7787 0.330899
11.7819 0.330911
11.785 0.330922
11.7882 0.330932
11.7913 0.330941
11.7945 0.330948
11.7976 0.330955
11.8008 0.33096
11.804 0.330965
11.8071 0.33097
11.8103 0.330973
11.8134 0.330977
11.8166 0.33098
11.8197 0.330982
11.8229 0.330984
11.826 0.330986
11.8292 0.330988
11.8323 0.33099
11.8355 0.330991
11.8386 0.330992
11.8418 0.330993
11.8449 0.330994
11.8481 0.330995
11.8512 0.330995
11.8544 0.330996
11.8575 0.330996
11.8607 0.330997
11.8638 0.330997
11.867 0.330873
11.8701 0.330889
11.8733 0.330902
11.8764 0.330915
11.8796 0.330925
11.8828 0.330935
11.8859 0.330943
11.8891 0.33095
11.8922 0.331331
11.8954 0.331665
11.8985 0.331957
11.9017 0.332212
11.9048 0.332436
11.908 0.332631
11.9111 0.332802
11.9143 0.332952
11.9174 0.333083
11.9206 0.333198
11.9237 0.333298
11.9269 0.333386
11.93 0.333587
11.9332 0.333639
11.9363 0.333684
11.9395 0.333724
11.9426 0.333758
11.9458 0.333788
11.9489 0.333815
11.9521 0.333963
11.9552 0.333968
11.9584 0.333972
11.9616 0.333975
11.9647 0.333978
11.9679 0.333981
11.971 0.334108
11.9742 0.334095
11.9773 0.334083
11.9805 0.334073
11.9836 0.334064
11.9868 0.334056
11.9899 0.334049
11.9931 0.334168
11.9962 0.334147
11.9994 0.334128
12.0025 0.334112
12.0057 0.334098
12.0088 0.334086
12.012 0.334075
12.0151 0.334066
12.0183 0.334058
12.0214 0.33405
12.0246 0.334044
12.0277 0.334039
12.0309 0.334034
12.034 0.334155
12.0372 0.334135
12.0404 0.334118
12.0435 0.334104
12.0467 0.334091
12.0498 0.334079
12.053 0.334069
12.0561 0.334186
12.0593 0.334162
12.0624 0.334142
12.0656 0.334124
12.0687 0.334109
12.0719 0.334095
12.075 0.334208
12.0782 0.334182
12.0813 0.33416
12.0845 0.33414
12.0876 0.334122
12.0908 0.334107
12.0939 0.334093
12.0971 0.334207
12.1002 0.334181
12.1034 0.334158
12.1065 0.334139
12.1097 0.334121
12.1128 0.334106
12.116 0.334468
12.1192 0.334909
12.1223 0.335171
12.1255 0.335399
12.1286 0.335599
12.1318 0.335774
12.1349 0.335928
12.1381 0.336187
12.1412 0.336413
12.1444 0.336487
12.1475 0.336551
12.1507 0.336607
12.1538 0.336656
12.157 0.336699
12.1601 0.336862
12.1633 0.336879
12.1664 0.336894
12.1696 0.336907
12.1727 0.336919
12.1759 0.336929
12.179 0.337063
12.1822 0.33718
12.1853 0.337158
12.1885 0.337138
12.1916 0.337121
12.1948 0.337106
12.198 0.337092
12.2011 0.337206
12.2043 0.337305
12.2074 0.337267
12.2106 0.337234
12.2137 0.337204
12.2169 0.337179
12.22 0.337281
12.2232 0.337371
12.2263 0.337325
12.2295 0.337284
12.2326 0.337249
12.2358 0.337218
12.2389 0.33719
12.2421 0.337292
12.2452 0.33738
12.2484 0.337333
12.2515 0.337291
12.2547 0.337255
12.2578 0.337223
12.261 0.337195
12.2641 0.337296
12.2673 0.337259
12.2704 0.337226
12.2736 0.337198
12.2768 0.337173
12.2799 0.337152
12.2831 0.337258
12.2862 0.33735
12.2894 0.337307
12.2925 0.337268
12.2957 0.337235
12.2988 0.337205
12.302 0.33718
12.3051 0.337282
12.3083 0.337247
12.3114 0.337216
12.3146 0.337189
12.3177 0.337165
12.3209 0.337145
12.324 0.337252
12.3272 0.337345
12.3303 0.337302
12.3335 0.337264
12.3366 0.337231
12.3398 0.337202
12.7716 0.320052
12.7748 0.305046
12.7779 0.291915
12.7811 0.280426
12.7842 0.270372
12.7874 0.261576
12.7905 0.253879
12.7937 0.247144
12.7968 0.241251
12.8 0.236095
12.8031 0.231583
12.8063 0.227635
12.8094 0.224181
12.8126 0.221158
12.8157 0.218513
12.8189 0.216199
12.822 0.214174
12.8252 0.212402
12.8284 0.210852
12.8315 0.209496
12.8347 0.208309
12.8378 0.20727
12.841 0.206361
12.8441 0.205566
12.8473 0.20487
12.8504 0.204262
12.8536 0.203729
12.8567 0.203263
12.8599 0.202855
12.863 0.202623
12.8662 0.202295
12.8693 0.202008
12.8725 0.201757
12.8756 0.201538
12.8788 0.201345
12.8835 0.201427
12.8867 0.201624
12.8898 0.201796
12.893 0.201946
12.8961 0.202203
12.8993 0.202303
12.9024 0.20239
12.9056 0.202466
12.9087 0.202533
12.9119 0.202591
12.915 0.202767
12.9182 0.202921
12.9213 0.202931
12.9245 0.20294
12.9276 0.202947
12.9308 0.202954
12.9339 0.20296
12.9371 0.20309
12.9402 0.203204
12.9434 0.203178
12.9466 0.203156
12.9497 0.203136
12.9529 0.203119
12.956 0.203229
12.9592 0.203326
12.9623 0.203285
12.9655 0.203249
12.9686 0.203218
12.9718 0.203191
12.9749 0.203167
12.9781 0.203271
12.9812 0.203362
12.9844 0.203317
12.9875 0.203277
12.9907 0.203243
12.9938 0.203212
12.997 0.203561
13.0001 0.203991
13.0033 0.204367
13.0064 0.204696
13.0096 0.204859
13.0127 0.205002
13.0159 0.205126
13.019 0.205361
13.0222 0.205566
13.0254 0.205745
13.0285 0.205777
13.0317 0.205805
13.0348 0.205829
13.038 0.20585
13.0411 0.205994
13.0443 0.20612
13.0474 0.20623
13.0506 0.206201
13.0537 0.206176
13.0569 0.206154
13.06 0.20626
13.0632 0.206352
13.0663 0.206433
13.0695 0.206379
13.0726 0.206332
13.0758 0.20629
13.0789 0.206254
13.0821 0.206347
13.0852 0.206429
13.0884 0.20625
13.0915 0.206094
13.0947 0.205957
13.0978 0.205838
13.101 0.205608
13.1042 0.205532
13.1073 0.205465
13.1105 0.205407
13.1136 0.205356
13.1168 0.205312
13.1199 0.205148
13.1231 0.205129
13.1262 0.205113
13.1294 0.205099
13.1325 0.205087
13.1357 0.205076
13.1388 0.205066
13.142 0.204933
13.1451 0.204941
13.1483 0.204949
13.1514 0.204955
13.1546 0.204961
13.1577 0.204966
13.1609 0.204845
13.164 0.204864
13.1672 0.204881
13.1703 0.204896
13.1735 0.204909
13.1766 0.20492
13.1798 0.20493
13.183 0.204814
13.1861 0.204837
13.1893 0.204858
13.1924 0.204875
13.1956 0.204891
13.1987 0.204905
13.2019 0.204917
13.205 0.205427
13.2082 0.205749
13.2113 0.20603
13.2145 0.206276
13.2176 0.206492
13.2208 0.20668
13.2239 0.206845
13.2271 0.20699
13.2302 0.207116
13.2334 0.207226
13.2365 0.207323
13.2397 0.207408
13.2428 0.207482
13.246 0.207547
13.2491 0.207603
13.2523 0.207653
13.2554 0.207696
13.2586 0.207734
13.2618 0.207767
13.2649 0.207796
13.2681 0.207822
13.2712 0.207844
13.2744 0.207864
13.2775 0.207881
13.2807 0.207896
13.2838 0.207909
13.287 0.20792
13.2901 0.20793
13.2933 0.207939
13.2964 0.207946
13.2996 0.207953
13.3027 0.207959
13.3059 0.207964
13.309 0.208094
13.3122 0.208082
13.3153 0.208072
13.3185 0.208063
13.3216 0.208055
13.3248 0.208048
13.3279 0.208042
13.3311 0.208037
13.3342 0.208032
13.3374 0.208028
13.3406 0.208025
13.3437 0.208022
13.3469 0.208394
13.35 0.208845
13.3532 0.209239
13.3563 0.209459
13.3595 0.209652
13.3626 0.20982
13.3658 0.209968
13.3689 0.210097
13.3721 0.210335
13.3752 0.210418
13.3784 0.210491
13.3815 0.210554
13.3847 0.21061
13.3878 0.210659
13.391 0.210701
13.3941 0.210864
13.3973 0.210881
13.4004 0.210896
13.4036 0.210909
13.4067 0.21092
13.4099 0.21093
13.413 0.211064
13.4162 0.211056
13.4194 0.211049
13.4225 0.211043
13.4257 0.211037
13.4288 0.211033
13.432 0.211029
13.4351 0.21115
13.4383 0.211131
13.4414 0.211115
13.4446 0.211101
13.4477 0.211088
13.4509 0.211077
13.454 0.211192
13.4572 0.211293
13.4603 0.211257
13.4635 0.211225
13.4666 0.211196
13.4698 0.211172
13.4729 0.21115
13.4761 0.211257
13.4792 0.211225
13.4824 0.211196
13.4855 0.211172
13.4887 0.21115
13.4918 0.211507
13.495 0.211818
13.4982 0.212216
13.5013 0.212564
13.5045 0.212744
13.5076 0.212901
13.5108 0.213038
13.5139 0.213158
13.5171 0.213388
13.5202 0.21359
13.5234 0.213641
13.5265 0.213686
13.5297 0.213725
13.5328 0.21376
13.536 0.21379
13.5391 0.213941
13.5423 0.214073
13.5454 0.214064
13.5486 0.214056
13.5517 0.214049
13.5549 0.214043
13.558 0.214163
13.5612 0.214267
13.5643 0.214234
13.5675 0.214205
13.5706 0.214179
13.5738 0.214157
13.577 0.214137
13.5801 0.214245
13.5833 0.214339
13.5864 0.214297
13.5896 0.21426
13.5927 0.214227
13.5959 0.214199
13.599 0.214299
13.6022 0.214387
13.6053 0.214463
13.6085 0.214405
13.6116 0.214355
13.6148 0.21431
13.6179 0.214272
13.6211 0.214363
13.6242 0.214442
13.6274 0.214387
13.6305 0.214339
13.6337 0.214296
13.6368 0.214634
13.64 0.21493
13.6431 0.215314
13.6463 0.21565
13.6494 0.215943
13.6526 0.216075
13.6558 0.216191
13.6589 0.216292
13.6621 0.216506
13.6652 0.216692
13.6684 0.216856
13.6715 0.216874
13.6747 0.21689
13.6778 0.216903
13.681 0.216915
13.6841 0.217051
13.6873 0.21717
13.6904 0.217273
13.6936 0.217239
13.6967 0.217209
13.6999 0.217183
13.703 0.217285
13.7062 0.217375
13.7093 0.217453
13.7125 0.217521
13.7156 0.217456
13.7188 0.217399
13.7219 0.217349
13.7251 0.217431
13.7282 0.217502
13.7314 0.217564
13.7346 0.217493
13.7377 0.217432
13.7409 0.217378
13.744 0.217456
13.7472 0.217524
13.7503 0.217583
13.7535 0.217635
13.7566 0.217556
13.7598 0.217486
13.7629 0.217426
13.7661 0.217497
13.7692 0.21756
13.7724 0.217615
13.7755 0.217538
13.7787 0.217471
13.7818 0.217412
13.785 0.217736
13.7881 0.218144
13.7913 0.218501
13.7944 0.218813
13.7976 0.219086
13.8007 0.219201
13.8039 0.219301
13.807 0.219513
13.8102 0.219699
13.8134 0.219862
13.8165 0.220004
13.8197 0.220003
13.8228 0.220003
13.826 0.220003
13.8291 0.220127
13.8323 0.220236
13.8354 0.220332
13.8386 0.220415
13.8417 0.220363
13.8449 0.220318
13.848 0.220403
13.8512 0.220478
13.8543 0.220543
13.8575 0.2206
13.8606 0.22065
13.8638 0.220569
13.8669 0.220498
13.8701 0.220561
13.8732 0.220615
13.8764 0.220664
13.8795 0.220706
13.8827 0.220617
13.8858 0.22054
13.889 0.220473
13.8922 0.220539
13.8953 0.220596
13.8985 0.220647
13.9016 0.220691
13.9048 0.220605
13.9079 0.220529
13.9111 0.220588
13.9142 0.220639
13.9174 0.220684
13.9205 0.220724
13.9237 0.220633
13.9268 0.220554
13.93 0.220485
13.9331 0.220924
13.9363 0.221309
13.9394 0.221645
13.9426 0.22194
13.9457 0.222197
13.9489 0.222297
13.952 0.22251
13.9552 0.222696
13.9583 0.222859
13.9615 0.223002
13.9646 0.223127
13.9678 0.223111
13.971 0.223097
13.9741 0.22321
13.9773 0.223309
13.9804 0.223395
13.9836 0.223471
13.9867 0.223537
13.9899 0.22347
13.993 0.223536
13.9962 0.223594
13.9993 0.223645
14.0025 0.223689
14.0056 0.223728
14.0088 0.223762
14.0119 0.223667
14.0151 0.223708
14.0182 0.223745
14.0214 0.223777
14.0245 0.223805
14.0277 0.223829
14.0308 0.223725
14.034 0.223635
14.0371 0.22368
14.0403 0.22372
14.0434 0.223755
14.0466 0.223786
14.0498 0.223813
14.0529 0.223711
14.0561 0.223747
14.0592 0.223779
14.0624 0.223806
14.0655 0.223831
14.0687 0.223852
14.0718 0.223745
14.075 0.223652
14.0781 0.223696
14.0813 0.223734
14.0844 0.224142
14.0876 0.224499
14.0907 0.224812
14.0939 0.225085
14.097 0.225325
14.1002 0.225534
14.1033 0.225717
14.1065 0.225878
14.1096 0.226018
14.1128 0.226141
14.1159 0.226248
14.1191 0.226342
14.1222 0.226424
14.1254 0.226496
14.1286 0.226559
14.1317 0.226614
14.1349 0.226663
14.138 0.226705
14.1412 0.226742
14.1443 0.226774
14.1475 0.226802
14.1506 0.226827
14.1538 0.226849
14.1569 0.226867
14.1601 0.226884
14.1632 0.226899
14.1664 0.226911
14.1695 0.226922
14.1727 0.226932
14.1758 0.226941
14.179 0.226823
14.1821 0.226845
14.1853 0.226864
14.1884 0.226881
14.1916 0.226896
14.1947 0.226909
14.1979 0.226921
14.201 0.22693
14.2042 0.226939
14.2074 0.226947
14.2105 0.226953
14.2137 0.226959
14.2168 0.226964
14.22 0.226844
14.2231 0.226863
14.2263 0.22688
14.2294 0.226895
14.2326 0.226908
14.2357 0.22692
14.2389 0.227305
14.242 0.227767
14.2452 0.228046
14.2483 0.22829
14.2515 0.228504
14.2546 0.228691
14.2578 0.228855
14.2609 0.228998
14.2641 0.229248
14.2672 0.229342
14.2704 0.229424
14.2735 0.229496
14.2767 0.229559
14.2798 0.229614
14.283 0.229663
14.2862 0.229705
14.2893 0.229742
14.2925 0.229774
14.2956 0.229802
14.2988 0.229827
14.3019 0.229849
14.3051 0.229992
14.3082 0.229993
14.3114 0.229994
14.3145 0.229995
14.3177 0.229996
14.3208 0.229996
14.324 0.229997
14.3271 0.229997
14.3303 0.229997
14.3334 0.229998
14.3366 0.229998
14.3397 0.229998
14.3429 0.229998
14.346 0.230124
14.3492 0.230108
14.3523 0.230095
14.3555 0.230083
14.3586 0.230072
14.3618 0.230063
14.3649 0.230056
14.3681 0.230049
14.3713 0.230042
14.3744 0.230037
14.3776 0.230033
14.3807 0.230028
14.3839 0.230025
14.387 0.230147
14.3902 0.230128
14.3933 0.230112
14.3965 0.230473
14.3996 0.230789
14.4028 0.231066
14.4059 0.231307
14.4091 0.231644
14.4122 0.231938
14.4154 0.232071
14.4185 0.232187
14.4217 0.232289
14.4248 0.232378
14.428 0.232456
14.4311 0.232649
14.4343 0.232692
14.4374 0.232731
14.4406 0.232765
14.4437 0.232794
14.4469 0.23282
14.4501 0.232967
14.4532 0.233096
14.4564 0.233084
14.4595 0.233074
14.4627 0.233065
14.4658 0.233056
14.469 0.233049
14.4721 0.233168
14.4753 0.233147
14.4784 0.233129
14.4816 0.233113
14.4847 0.233099
14.4879 0.233086
14.491 0.233201
14.4942 0.2333
14.4973 0.233263
14.5005 0.23323
14.5036 0.233201
14.5068 0.233176
14.5099 0.233154
14.5131 0.23326
14.5162 0.233352
14.5194 0.233308
14.5225 0.23327
14.5257 0.233236
14.5289 0.233207
14.532 0.233306
14.5352 0.233393
14.5383 0.233343
14.5415 0.233301
14.5446 0.233263
14.5478 0.23323
14.5509 0.233201
14.5541 0.233676
14.5572 0.234092
14.5604 0.234455
14.5635 0.234648
14.5667 0.234817
14.5698 0.234965
14.573 0.235094
14.5761 0.235333
14.5793 0.235541
14.5824 0.235598
14.5856 0.235649
14.5887 0.235693
14.5919 0.235731
14.595 0.23589
14.5982 0.236028
14.6013 0.23615
14.6045 0.236131
14.6077 0.236115
14.6108 0.2361
14.614 0.236088
14.6171 0.236202
14.6203 0.236302
14.6234 0.236264
14.6266 0.236231
14.6297 0.236202
14.6329 0.236177
14.636 0.23628
14.6392 0.23637
14.6423 0.236449
14.6455 0.236392
14.6486 0.236343
14.6518 0.2363
14.6549 0.236263
14.6581 0.236355
14.6612 0.236436
14.6644 0.236506
14.6675 0.236443
14.6707 0.236388
14.6738 0.236339
14.677 0.236297
14.6801 0.236385
14.6833 0.236462
14.6865 0.236404
14.6896 0.236353
14.6928 0.236309
14.6959 0.236271
14.6991 0.236362
14.7022 0.236442
14.7054 0.236511
14.7085 0.236447
14.7117 0.236391
14.7148 0.236718
14.718 0.237003
14.7211 0.237377
14.7243 0.237705
14.7274 0.237992
14.7306 0.238118
14.7337 0.238228
14.7369 0.238325
14.74 0.238534
14.7432 0.238717
14.7463 0.238878
14.7495 0.239018
14.7526 0.239016
14.7558 0.239014
14.7589 0.239012
14.7621 0.239136
14.7653 0.239244
14.7684 0.239338
14.7716 0.239296
14.7747 0.239259
14.7779 0.239227
14.781 0.239323
14.7842 0.239408
14.7873 0.239482
14.7905 0.239547
14.7936 0.239478
14.7968 0.239419
14.7999 0.239366
14.8031 0.239445
14.8062 0.239515
14.8094 0.239575
14.8125 0.239628
14.8157 0.23955
14.8188 0.239481
14.822 0.239421
14.8251 0.239493
14.8283 0.239557
14.8314 0.239612
14.8346 0.239536
14.8377 0.239469
14.8409 0.23941
14.8441 0.239484
14.8472 0.239548
14.8504 0.239605
14.8535 0.239654
14.8567 0.239572
14.8598 0.239501
14.863 0.239438
14.8661 0.239508
14.8693 0.23957
14.8724 0.239624
14.8756 0.240046
14.8787 0.24029
14.8819 0.240504
14.885 0.240816
14.8882 0.241089
14.8913 0.241328
14.8945 0.241537
14.8976 0.24172
14.9008 0.241755
14.9039 0.241785
14.9071 0.241937
14.9102 0.24207
14.9134 0.242186
14.9165 0.242288
14.9197 0.242377
14.9229 0.24233
14.926 0.242414
14.9292 0.242487
14.9323 0.242551
14.9355 0.242607
14.9386 0.242656
14.9418 0.242574
14.9449 0.242502
14.9481 0.242565
14.9512 0.242619
14.9544 0.242667
14.9575 0.242708
14.9607 0.242745
14.9638 0.242652
14.967 0.24257
14.9701 0.242624
14.9733 0.242671
14.9764 0.242712
14.9796 0.242748
14.9827 0.242655
14.9859 0.242573
14.989 0.242626
14.9922 0.242673
14.9953 0.242714
14.9985 0.24275
15.0017 0.242781
15.0048 0.242683
15.008 0.242598
15.0111 0.242648
15.0143 0.242692
15.0174 0.242731
15.0206 0.242764
15.0237 0.242669
15.0269 0.242585
15.03 0.242637
15.0332 0.242682
15.0363 0.242722
15.0395 0.243132
15.0426 0.24349
15.0458 0.243804
15.0489 0.243954
15.0521 0.244209
15.0552 0.244433
15.0584 0.244629
15.0615 0.2448
15.0647 0.24495
15.0678 0.245082
15.071 0.245071
15.0741 0.245187
15.0773 0.245289
15.0805 0.245378
15.0836 0.245456
15.0868 0.245524
15.0899 0.245458
15.0931 0.245526
15.0962 0.245585
15.0994 0.245637
15.1025 0.245682
15.1057 0.245722
15.1088 0.245757
15.112 0.245662
15.1151 0.245704
15.1183 0.245741
15.1214 0.245774
15.1246 0.245802
15.1277 0.245827
15.1309 0.245723
15.134 0.245758
15.1372 0.245788
15.1403 0.245815
15.1435 0.245838
15.1466 0.245858
15.1498 0.245876
15.1529 0.245766
15.1561 0.245796
15.1593 0.245821
15.1624 0.245843
15.1656 0.245863
15.1687 0.24588
15.1719 0.24577
15.175 0.245799
15.1782 0.245824
15.1813 0.245846
15.1845 0.245865
15.1876 0.245882
15.1908 0.245897
15.1939 0.245785
15.1971 0.245812
15.2002 0.245835
15.2034 0.245856
15.2065 0.246249
15.2097 0.246593
15.2128 0.246894
15.216 0.247157
15.2191 0.247387
15.2223 0.247589
15.2254 0.247765
15.2286 0.24792
15.2317 0.248055
15.2349 0.248173
15.2381 0.248276
15.2412 0.248367
15.2444 0.248446
15.2475 0.248515
15.2507 0.248576
15.2538 0.248629
15.257 0.248675
15.2601 0.248716
15.2633 0.248751
15.2664 0.248782
15.2696 0.24881
15.2727 0.248833
15.2759 0.248854
15.279 0.248872
15.2822 0.248888
15.2853 0.248902
15.2885 0.248915
15.2916 0.248925
15.2948 0.248935
15.2979 0.248943
15.3011 0.24895
15.3042 0.248956
15.3074 0.248962
15.3105 0.248966
15.3137 0.248971
15.3169 0.248974
15.32 0.249103
15.3232 0.24909
15.3263 0.249078
15.3295 0.249069
15.3326 0.24906
15.3358 0.249053
15.3389 0.249046
15.3421 0.24904
15.3452 0.249035
15.3484 0.249031
15.3515 0.249027
15.3547 0.249024
15.3578 0.249021
15.361 0.249018
15.3641 0.249016
15.3673 0.249014
15.3704 0.249012
15.3736 0.249011
15.3767 0.249384
15.3799 0.249711
15.383 0.250122
15.3862 0.250357
15.3893 0.250562
15.3925 0.250742
15.3957 0.250899
15.3988 0.251037
15.402 0.251157
15.4051 0.251388
15.4083 0.251464
15.4114 0.251531
15.4146 0.25159
15.4177 0.251641
15.4209 0.251686
15.424 0.25185
15.4272 0.251869
15.4303 0.251885
15.4335 0.2519
15.4366 0.251912
15.4398 0.251923
15.4429 0.251933
15.4461 0.252066
15.4492 0.252058
15.4524 0.252051
15.4555 0.252044
15.4587 0.252039
15.4618 0.252034
15.465 0.25203
15.4681 0.252151
15.4713 0.252132
15.4745 0.252116
15.4776 0.252101
15.4808 0.252088
15.4839 0.252077
15.4871 0.252193
15.4902 0.252169
15.4934 0.252148
15.4965 0.252129
15.4997 0.252113
15.5028 0.252099
15.506 0.252087
15.5091 0.252201
15.5123 0.252176
15.5154 0.252154
15.5186 0.252134
15.5217 0.252118
15.5249 0.252103
15.528 0.252215
15.5312 0.252188
15.5343 0.252165
15.5375 0.252144
15.5406 0.252126
15.5438 0.25211
15.5469 0.252472
15.5501 0.252913
15.5533 0.253299
15.5564 0.253511
15.5596 0.253697
15.5627 0.25386
15.5659 0.254003
15.569 0.254252
15.5722 0.254471
15.5753 0.254537
15.5785 0.254595
15.5816 0.254645
15.5848 0.25469
15.5879 0.254729
15.5911 0.254887
15.5942 0.255027
15.5974 0.255023
15.6005 0.25502
15.6037 0.255018
15.6068 0.255016
15.61 0.255014
15.6131 0.255137
15.6163 0.255245
15.6194 0.255214
15.6226 0.255187
15.6257 0.255164
15.6289 0.255143
15.6321 0.255251
15.6352 0.255344
15.6384 0.255301
15.6415 0.255264
15.6447 0.255231
15.6478 0.255202
15.651 0.255177
15.6541 0.255279
15.6573 0.25537
15.6604 0.255323
15.6636 0.255283
15.6667 0.255248
15.6699 0.255217
15.673 0.255315
15.6762 0.2554
15.6793 0.25535
15.6825 0.255306
15.6856 0.255268
15.6888 0.255235
15.6919 0.255205
15.6951 0.255305
15.6982 0.255392
15.7014 0.255343
15.7045 0.2553
15.7077 0.255262
15.7109 0.25523
15.714 0.255326
15.7172 0.25541
15.7203 0.255859
15.7235 0.256251
15.7266 0.25647
15.7298 0.256661
15.7329 0.256829
15.7361 0.2571
15.7392 0.257338
15.7424 0.257545
15.7455 0.257602
15.7487 0.257652
15.7518 0.257695
15.755 0.257733
15.7581 0.257892
15.7613 0.25803
15.7644 0.258152
15.7676 0.258133
15.7707 0.258116
15.7739 0.258102
15.777 0.258214
15.7802 0.258312
15.7833 0.258398
15.7865 0.258348
15.7897 0.258305
15.7928 0.258267
15.796 0.258233
15.7991 0.258329
15.8023 0.258413
15.8054 0.258486
15.8086 0.258426
15.8117 0.258372
15.8149 0.258326
15.818 0.25841
15.8212 0.258484
15.8243 0.258548
15.8275 0.25848
15.8306 0.25842
15.8338 0.258367
15.8369 0.258321
15.8401 0.258406
15.8432 0.25848
15.8464 0.258545
15.8495 0.258477
15.8527 0.258418
15.8558 0.258365
15.859 0.25832
15.8621 0.258405
15.8653 0.258479
15.8685 0.258544
15.8716 0.258476
15.8748 0.258417
15.8779 0.258365
15.8811 0.258444
15.8842 0.258514
15.8874 0.258574
15.8905 0.258503
15.8937 0.258815
15.8968 0.259088
15.9 0.259327
15.9031 0.259661
15.9063 0.259953
15.9094 0.260209
15.9126 0.260433
15.9157 0.260504
15.9189 0.260566
15.922 0.260745
15.9252 0.260902
15.9283 0.261039
15.9315 0.261159
15.9346 0.261139
15.9378 0.261122
15.9409 0.261107
15.9441 0.261218
15.9473 0.261316
15.9504 0.261402
15.9536 0.261476
15.9567 0.261417
15.9599 0.261365
15.963 0.261444
15.9662 0.261514
15.9693 0.261574
15.9725 0.261628
15.9756 0.261549
15.9788 0.261481
15.9819 0.26142
15.9851 0.261493
15.9882 0.261556
15.9914 0.261612
15.9945 0.26166
15.9977 0.261578
16.0008 0.261506
16.004 0.261442
16.0071 0.261512
16.0103 0.261573
16.0134 0.261626
16.0166 0.261673
16.0197 0.261589
16.0229 0.261515
16.0261 0.261576
16.0292 0.261629
16.0324 0.261675
16.0355 0.261716
16.0387 0.261626
16.0418 0.261548
16.045 0.26148
16.0481 0.261545
16.0513 0.261602
16.0544 0.261651
16.0576 0.261695
16.0607 0.261608
16.0639 0.261532
16.067 0.261591
16.0702 0.262017
16.0733 0.26239
16.0765 0.262716
16.0796 0.263001
16.0828 0.263126
16.0859 0.263235
16.0891 0.263456
16.0922 0.263649
16.0954 0.263818
16.0985 0.263966
16.1017 0.264095
16.1049 0.264083
16.108 0.264198
16.1112 0.264298
16.1143 0.264386
16.1175 0.264463
16.1206 0.26453
16.1238 0.264588
16.1269 0.264515
16.1301 0.264576
16.1332 0.264629
16.1364 0.264675
16.1395 0.264716
16.1427 0.264751
16.1458 0.264657
16.149 0.264575
16.1521 0.264628
16.1553 0.264675
16.1584 0.264715
16.1616 0.264751
16.1647 0.264782
16.1679 0.264684
16.171 0.264724
16.1742 0.264758
16.1773 0.264789
16.1805 0.264815
16.1837 0.264838
16.1868 0.264733
16.19 0.264642
16.1931 0.264686
16.1963 0.264726
16.1994 0.26476
16.2026 0.26479
16.2057 0.264816
16.2089 0.264714
16.212 0.26475
16.2152 0.264781
16.2183 0.264809
16.2215 0.264832
16.2246 0.264853
16.2278 0.264747
16.2309 0.264653
16.2341 0.264697
16.2372 0.264735
16.2404 0.264768
16.2435 0.264797
16.2467 0.264822
16.2498 0.265219
16.253 0.265442
16.2561 0.265762
16.2593 0.266042
16.2625 0.266286
16.2656 0.266501
16.2688 0.266688
16.2719 0.266852
16.2751 0.266995
16.2782 0.267121
16.2814 0.267231
16.2845 0.267327
16.2877 0.267411
16.2908 0.267485
16.294 0.267424
16.2971 0.267496
16.3003 0.267559
16.3034 0.267614
16.3066 0.267662
16.3097 0.267705
16.3129 0.267742
16.316 0.267774
16.3192 0.267802
16.3223 0.267827
16.3255 0.267849
16.3286 0.267867
16.3318 0.267884
16.3349 0.267774
16.3381 0.267802
16.3413 0.267827
16.3444 0.267848
16.3476 0.267867
16.3507 0.267884
16.3539 0.267898
16.357 0.267911
16.3602 0.267922
16.3633 0.267932
16.3665 0.26794
16.3696 0.267948
16.3728 0.267954
16.3759 0.267835
16.3791 0.267856
16.3822 0.267874
16.3854 0.26789
16.3885 0.267903
16.3917 0.267915
16.3948 0.267926
16.398 0.26781
16.4011 0.267834
16.4043 0.267855
16.4074 0.267873
16.4106 0.267889
16.4137 0.267903
16.4169 0.267915
16.4201 0.267925
16.4232 0.267935
16.4264 0.267943
16.4295 0.26795
16.4327 0.268331
16.4358 0.268665
16.439 0.268957
16.4421 0.269212
16.4453 0.269436
16.4484 0.269631
16.4516 0.269802
16.4547 0.269952
16.4579 0.270083
16.461 0.270323
16.4642 0.270407
16.4673 0.270481
16.4705 0.270546
16.4736 0.270603
16.4768 0.270653
16.4799 0.270696
16.4831 0.270734
16.4862 0.270767
16.4894 0.270796
16.4925 0.270822
16.4957 0.270844
16.4989 0.270864
16.502 0.271006
16.5052 0.271005
16.5083 0.271004
16.5115 0.271004
16.5146 0.271003
16.5178 0.271003
16.5209 0.271003
16.5241 0.271127
16.5272 0.271111
16.5304 0.271097
16.5335 0.271085
16.5367 0.271075
16.5398 0.271065
16.543 0.271057
16.5461 0.27105
16.5493 0.271044
16.5524 0.271038
16.5556 0.271033
16.5587 0.271029
16.5619 0.271026
16.565 0.271147
16.5682 0.271129
16.5713 0.271113
16.5745 0.271099
16.5777 0.271086
16.5808 0.271076
16.584 0.271066
16.5871 0.271058
16.5903 0.271051
16.5934 0.271044
16.5966 0.271039
16.5997 0.271034
16.6029 0.27103
16.606 0.271151
16.6092 0.271132
16.6123 0.271116
16.6155 0.271476
16.6186 0.271792
16.6218 0.272068
16.6249 0.272309
16.6281 0.272646
16.6312 0.272815
16.6344 0.272963
16.6375 0.273093
16.6407 0.273206
16.6438 0.273305
16.647 0.273392
16.6501 0.273593
16.6533 0.273644
16.6565 0.273688
16.6596 0.273727
16.6628 0.273761
16.6659 0.273791
16.6691 0.273942
16.6722 0.274075
16.6754 0.274065
16.6785 0.274057
16.6817 0.27405
16.6848 0.274044
16.688 0.274038
16.6911 0.274158
16.6943 0.274139
16.6974 0.274121
16.7006 0.274106
16.7037 0.274093
16.7069 0.274081
16.71 0.274196
16.7132 0.274297
16.7163 0.27426
16.7195 0.274227
16.7226 0.274199
16.7258 0.274174
16.7289 0.274152
16.7321 0.274258
16.7353 0.274226
16.7384 0.274198
16.7416 0.274173
16.7447 0.274151
16.7479 0.274132
16.751 0.274241
16.7542 0.274336
16.7573 0.274294
16.7605 0.274257
16.7636 0.274225
16.7668 0.274197
16.7699 0.274172
16.7731 0.274276
16.7762 0.274241
16.7794 0.274211
16.7825 0.274185
16.7857 0.274162
16.7888 0.274141
16.792 0.274124
16.7951 0.274233
16.7983 0.274204
16.8014 0.274554
16.8046 0.274859
16.8077 0.275127
16.8109 0.275361
16.8141 0.275691
16.8172 0.27598
16.8204 0.276232
16.8235 0.276328
16.8267 0.276412
16.8298 0.276486
16.833 0.27655
16.8361 0.276731
16.8393 0.27689
16.8424 0.276904
16.8456 0.276916
16.8487 0.276926
16.8519 0.276935
16.855 0.277068
16.8582 0.277185
16.8613 0.277287
16.8645 0.277251
16.8676 0.27722
16.8708 0.277192
16.8739 0.277168
16.8771 0.277272
16.8802 0.277363
16.8834 0.277318
16.8865 0.277278
16.8897 0.277243
16.8929 0.277213
16.896 0.277311
16.8992 0.277397
16.9023 0.277473
16.9055 0.277414
16.9086 0.277362
16.9118 0.277317
16.9149 0.277277
16.9181 0.277367
16.9212 0.277446
16.9244 0.277516
16.9275 0.277451
16.9307 0.277395
16.9338 0.277345
16.937 0.277302
16.9401 0.277389
16.9433 0.277466
16.9464 0.277408
16.9496 0.277357
16.9527 0.277312
16.9559 0.277273
16.959 0.277364
16.9622 0.277443
16.9653 0.277513
16.9685 0.277449
16.9717 0.277393
16.9748 0.277344
16.978 0.277301
16.9811 0.277388
16.9843 0.277465
16.9874 0.277907
16.9906 0.278168
16.9937 0.278397
16.9969 0.278598
17 0.278898
17.0032 0.279161
17.0063 0.279391
17.0095 0.279592
17.0126 0.279643
17.0158 0.279687
17.0189 0.279726
17.0221 0.279886
17.0252 0.280025
17.0284 0.280147
17.0315 0.280128
17.0347 0.280112
17.0378 0.280098
17.041 0.280086
17.0441 0.2802
17.0473 0.2803
17.0505 0.280388
17.0536 0.280339
17.0568 0.280297
17.0599 0.28026
17.0631 0.280352
17.0662 0.280433
17.0694 0.280504
17.0725 0.280566
17.0757 0.280495
17.0788 0.280433
17.082 0.280379
17.0851 0.280457
17.0883 0.280525
17.0914 0.280584
17.0946 0.280511
17.0977 0.280447
17.1009 0.280391
17.104 0.280467
17.1072 0.280534
17.1103 0.280592
17.1135 0.280643
17.1166 0.280563
17.1198 0.280492
17.1229 0.280431
17.1261 0.280502
17.1293 0.280564
17.1324 0.280619
17.1356 0.280541
17.1387 0.280474
17.1419 0.280415
17.145 0.280488
17.1482 0.280552
17.1513 0.280608
17.1545 0.280657
17.1576 0.280575
17.1608 0.280503
17.1639 0.28044
17.1671 0.28051
17.1702 0.280571
17.1734 0.280625
17.1765 0.281047
17.1797 0.281291
17.1828 0.281505
17.186 0.281691
17.1891 0.28198
17.1923 0.282233
17.1954 0.282453
17.1986 0.282647
17.2017 0.282691
17.2049 0.28273
17.2081 0.282888
17.2112 0.283027
17.2144 0.283149
17.2175 0.283255
17.2207 0.283348
17.2238 0.283305
17.227 0.283267
17.2301 0.283358
17.2333 0.283439
17.2364 0.283509
17.2396 0.28357
17.2427 0.283499
17.2459 0.283437
17.249 0.283507
17.2522 0.283569
17.2553 0.283623
17.2585 0.28367
17.2616 0.283711
17.2648 0.283622
17.2679 0.283544
17.2711 0.283601
17.2742 0.283651
17.2774 0.283695
17.2805 0.283733
17.2837 0.283641
17.2869 0.283561
17.29 0.283616
17.2932 0.283664
17.2963 0.283706
17.2995 0.283743
17.3026 0.283775
17.3058 0.283678
17.3089 0.283593
17.3121 0.283644
17.3152 0.283689
17.3184 0.283728
17.3215 0.283762
17.3247 0.283791
17.3278 0.283692
17.331 0.283606
17.3341 0.283655
17.3373 0.283698
17.3404 0.283736
17.3436 0.283769
17.3467 0.283673
17.3499 0.283589
17.353 0.28364
17.3562 0.283685
17.3593 0.283724
17.3625 0.283759
17.3657 0.283789
17.3688 0.28419
17.372 0.284417
17.3751 0.28474
17.3783 0.285022
17.3814 0.285269
17.3846 0.285486
17.3877 0.285675
17.3909 0.285716
17.394 0.285876
17.3972 0.286017
17.4003 0.28614
17.4035 0.286247
17.4066 0.286341
17.4098 0.286424
17.4129 0.286371
17.4161 0.286449
17.4192 0.286518
17.4224 0.286578
17.4255 0.286631
17.4287 0.286677
17.4318 0.286593
17.435 0.286518
17.4381 0.286579
17.4413 0.286631
17.4445 0.286677
17.4476 0.286718
17.4508 0.286753
17.4539 0.286659
17.4571 0.286702
17.4602 0.286739
17.4634 0.286771
17.4665 0.2868
17.4697 0.286825
17.4728 0.286847
17.476 0.286741
17.4791 0.286773
17.4823 0.286802
17.4854 0.286827
17.4886 0.286848
17.4917 0.286867
17.4949 0.286759
17.498 0.286789
17.5012 0.286815
17.5043 0.286838
17.5075 0.286859
17.5106 0.286876
17.5138 0.286892
17.5169 0.28678
17.5201 0.286808
17.5233 0.286832
17.5264 0.286853
17.5296 0.286871
17.5327 0.286887
17.5359 0.286776
17.539 0.286804
17.5422 0.286829
17.5453 0.28685
17.5485 0.286869
17.5516 0.286885
17.5548 0.2869
17.5579 0.286787
17.5611 0.286814
17.5642 0.287212
17.5674 0.287561
17.5705 0.287865
17.5737 0.288132
17.5768 0.288366
17.58 0.288445
17.5831 0.288639
17.5863 0.288809
17.5894 0.288958
17.5926 0.289089
17.5957 0.289202
17.5989 0.289302
17.6021 0.289389
17.6052 0.289466
17.6084 0.289532
17.6115 0.289591
17.6147 0.289642
17.6178 0.289687
17.621 0.289726
17.6241 0.28976
17.6273 0.28979
17.6304 0.289816
17.6336 0.289839
17.6367 0.289859
17.6399 0.289877
17.643 0.289892
17.6462 0.289906
17.6493 0.289918
17.6525 0.289928
17.6556 0.289937
17.6588 0.289945
17.6619 0.289952
17.6651 0.289958
17.6682 0.289963
17.6714 0.289968
17.6745 0.289972
17.6777 0.289975
17.6809 0.289978
17.684 0.289981
17.6872 0.289983
17.6903 0.289985
17.6935 0.289987
17.6966 0.289989
17.6998 0.28999
17.7029 0.289991
17.7061 0.289993
17.7092 0.289993
17.7124 0.289994
17.7155 0.289995
17.7187 0.289996
17.7218 0.289996
17.725 0.289997
17.7281 0.289997
17.7313 0.289997
17.7344 0.289998
17.7376 0.289998
17.7407 0.289998
17.7439 0.289998
17.747 0.289999
17.7502 0.289999
17.7533 0.289999
17.7565 0.289999
17.7597 0.290374
17.7628 0.290702
17.766 0.29099
17.7691 0.291366
17.7723 0.29157
17.7754 0.291749
17.7786 0.291905
17.7817 0.292042
17.7849 0.292162
17.788 0.292392
17.7912 0.292468
17.7943 0.292534
17.7975 0.292592
17.8006 0.292643
17.8038 0.292688
17.8069 0.292727
17.8101 0.292886
17.8132 0.2929
17.8164 0.292913
17.8195 0.292924
17.8227 0.292933
17.8258 0.292942
17.829 0.292949
17.8321 0.292955
17.8353 0.292961
17.8385 0.292966
17.8416 0.29297
17.8448 0.292974
17.8479 0.292977
17.8511 0.293105
17.8542 0.293092
17.8574 0.29308
17.8605 0.29307
17.8637 0.293062
17.8668 0.293054
17.87 0.293047
17.8731 0.293166
17.8763 0.293145
17.8794 0.293127
17.8826 0.293111
17.8857 0.293097
17.8889 0.293085
17.892 0.2932
17.8952 0.293175
17.8983 0.293153
17.9015 0.293134
17.9046 0.293117
17.9078 0.293102
17.9109 0.29309
17.9141 0.293203
17.9173 0.293178
17.9204 0.293156
17.9236 0.293136
17.9267 0.293119
17.9299 0.293104
17.933 0.293216
17.9362 0.293189
17.9393 0.293166
17.9425 0.293145
17.9456 0.293127
17.9488 0.293111
17.9519 0.293097
17.9551 0.29321
17.9582 0.293684
17.9614 0.293973
17.9645 0.294227
17.9677 0.294448
17.9708 0.294642
17.974 0.294812
17.9771 0.295085
17.9803 0.2952
17.9834 0.2953
17.9866 0.295387
17.9897 0.295464
17.9929 0.295531
17.9961 0.295715
17.9992 0.295875
18.0024 0.295891
18.0055 0.295904
18.0087 0.295916
18.0118 0.295927
18.015 0.295936
18.0181 0.296069
18.0213 0.296185
18.0244 0.296162
18.0276 0.296142
18.0307 0.296124
18.0339 0.296109
18.037 0.29622
18.0402 0.296318
18.0433 0.296278
18.0465 0.296243
18.0496 0.296213
18.0528 0.296186
18.0559 0.296163
18.0591 0.296268
18.0622 0.296359
18.0654 0.296314
18.0685 0.296275
18.0717 0.296241
18.0749 0.29621
18.078 0.296309
18.0812 0.296396
18.0843 0.296346
18.0875 0.296303
18.0906 0.296265
18.0938 0.296232
18.0969 0.296203
18.1001 0.296303
18.1032 0.29639
18.1064 0.296341
18.1095 0.296298
18.1127 0.296261
18.1158 0.296228
18.119 0.2962
18.1221 0.2963
18.1253 0.296387
18.1284 0.296339
18.1316 0.296297
18.1347 0.29626
18.1379 0.296227
18.141 0.296324
18.1442 0.296408
18.1473 0.296357
18.1505 0.296313
18.1537 0.296273
18.1568 0.296614
18.16 0.296913
18.1631 0.297298
18.1663 0.297636
18.1694 0.297932
18.1726 0.298065
18.1757 0.298182
18.1789 0.298284
18.182 0.298499
18.1852 0.298686
18.1883 0.298851
18.1915 0.298869
18.1946 0.298886
18.1978 0.2989
18.2009 0.298912
18.2041 0.299048
18.2072 0.299167
18.2104 0.299271
18.2135 0.299237
18.2167 0.299208
18.2198 0.299182
18.223 0.299159
18.2261 0.299264
18.2293 0.299356
18.2325 0.299312
18.2356 0.299273
18.2388 0.299239
18.2419 0.299209
18.2451 0.299308
18.2482 0.299394
18.2514 0.29947
18.2545 0.299411
18.2577 0.29936
18.2608 0.299315
18.264 0.299275
18.2671 0.299366
18.2703 0.299445
18.2734 0.299515
18.2766 0.29945
18.2797 0.299394
18.2829 0.299345
18.286 0.299427
18.2892 0.299498
18.2923 0.299561
18.2955 0.299491
18.2986 0.29943
18.3018 0.299376
18.3049 0.299329
18.3081 0.299413
18.3113 0.299486
18.3144 0.29955
18.3176 0.299482
18.3207 0.299421
18.3239 0.299369
18.327 0.299448
18.3302 0.299517
18.3333 0.299577
18.3365 0.299505
18.3396 0.299442
18.3428 0.299387
18.3459 0.299338
18.3491 0.299421
18.3522 0.299493
18.3554 0.299557
18.3585 0.299987
18.3617 0.300239
18.3648 0.300459
18.368 0.300652
18.3711 0.300945
18.3743 0.301202
18.3774 0.301427
18.3806 0.301498
18.3837 0.301561
18.3869 0.301616
18.3901 0.301789
18.3932 0.30194
18.3964 0.302073
18.3995 0.302189
18.4027 0.302165
18.4058 0.302144
18.409 0.302126
18.4121 0.302236
18.4153 0.302331
18.4184 0.302415
18.4216 0.302488
18.4247 0.302427
18.4279 0.302374
18.431 0.302452
18.4342 0.30252
18.4373 0.30258
18.4405 0.302633
18.4436 0.302554
18.4468 0.302484
18.4499 0.302424
18.4531 0.302496
18.4562 0.302559
18.4594 0.302614
18.4625 0.302662
18.4657 0.30258
18.4689 0.302507
18.472 0.302569
18.4752 0.302623
18.4783 0.30267
18.4815 0.302711
18.4846 0.302622
18.4878 0.302544
18.4909 0.302476
18.4941 0.302542
18.4972 0.302599
18.5004 0.302649
18.5035 0.302693
18.5067 0.302606
18.5098 0.302531
18.513 0.302464
18.5161 0.302531
18.5193 0.30259
18.5224 0.302641
18.5256 0.302686
18.5287 0.3026
18.5319 0.302525
18.535 0.302585
18.5382 0.302636
18.5413 0.302682
18.5445 0.302722
18.5477 0.302631
18.5508 0.302553
18.554 0.302483
18.5571 0.302548
18.5603 0.302605
18.5634 0.303029
18.5666 0.3034
18.5697 0.303725
18.5729 0.303885
18.576 0.304149
18.5792 0.30438
18.5823 0.304583
18.5855 0.30476
18.5886 0.304915
18.5918 0.304926
18.5949 0.304935
18.5981 0.305068
18.6012 0.305185
18.6044 0.305286
18.6075 0.305376
18.6107 0.305454
18.6138 0.305397
18.617 0.305347
18.6201 0.305429
18.6233 0.3055
18.6265 0.305563
18.6296 0.305617
18.6328 0.30554
18.6359 0.305473
18.6391 0.305539
18.6422 0.305596
18.6454 0.305647
18.6485 0.305691
18.6517 0.30573
18.6548 0.305638
18.658 0.305559
18.6611 0.305614
18.6643 0.305662
18.6674 0.305704
18.6706 0.305741
18.6737 0.305774
18.6769 0.305677
18.68 0.305717
18.6832 0.305753
18.6863 0.305784
18.6895 0.305811
18.6926 0.305834
18.6958 0.30573
18.6989 0.305639
18.7021 0.305684
18.7053 0.305723
18.7084 0.305758
18.7116 0.305788
18.7147 0.305815
18.7179 0.305713
18.721 0.305749
18.7242 0.30578
18.7273 0.305808
18.7305 0.305832
18.7336 0.305853
18.7368 0.305746
18.7399 0.305653
18.7431 0.305696
18.7462 0.305734
18.7494 0.305767
18.7525 0.305797
18.7557 0.305822
18.7588 0.305719
18.762 0.305629
18.7651 0.305676
18.7683 0.305716
18.7714 0.306127
18.7746 0.306486
18.7777 0.3068
18.7809 0.30695
18.7841 0.307206
18.7872 0.307431
18.7904 0.307627
18.7935 0.307798
18.7967 0.307949
18.7998 0.30808
18.803 0.30807
18.8061 0.308186
18.8093 0.308288
18.8124 0.308377
18.8156 0.308455
18.8187 0.308523
18.8219 0.308583
18.825 0.308635
18.8282 0.30868
18.8313 0.30872
18.8345 0.308755
18.8376 0.308786
18.8408 0.308813
18.8439 0.308711
18.8471 0.308747
18.8502 0.308779
18.8534 0.308806
18.8565 0.308831
18.8597 0.308852
18.8629 0.30887
18.866 0.308887
18.8692 0.308901
18.8723 0.308913
18.8755 0.308924
18.8786 0.308933
18.8818 0.308942
18.8849 0.308824
18.8881 0.308846
18.8912 0.308865
18.8944 0.308882
18.8975 0.308897
18.9007 0.30891
18.9038 0.308921
18.907 0.308806
18.9101 0.30883
18.9133 0.308851
18.9164 0.30887
18.9196 0.308886
18.9227 0.3089
18.9259 0.308913
18.929 0.308924
18.9322 0.308933
18.9353 0.308942
18.9385 0.308949
18.9417 0.308955
18.9448 0.308961
18.948 0.308841
18.9511 0.308861
18.9543 0.308878
18.9574 0.308893
18.9606 0.308907
18.9637 0.308918
18.9669 0.308929
18.97 0.308937
18.9732 0.308945
18.9763 0.308952
18.9795 0.309333
18.9826 0.309666
18.9858 0.309958
18.9889 0.310213
18.9921 0.310437
18.9952 0.310632
18.9984 0.310803
19.0015 0.310953
19.0047 0.311084
19.0078 0.311198
19.011 0.311298
19.0141 0.311386
19.0173 0.311463
19.0205 0.31153
19.0236 0.311589
19.0268 0.31164
19.0299 0.311685
19.0331 0.311724
19.0362 0.311759
19.0394 0.311789
19.0425 0.311815
19.0457 0.311838
19.0488 0.311859
19.052 0.311876
19.0551 0.311892
19.0583 0.311905
19.0614 0.311917
19.0646 0.311928
19.0677 0.311937
19.0709 0.311945
19.074 0.312076
19.0772 0.312067
19.0803 0.312059
19.0835 0.312051
19.0866 0.312045
19.0898 0.312039
19.0929 0.312034
19.0961 0.31203
19.0993 0.312026
19.1024 0.312023
19.1056 0.31202
19.1087 0.312018
19.1119 0.312015
19.115 0.312138
19.1182 0.312121
19.1213 0.312106
19.1245 0.312093
19.1276 0.312081
19.1308 0.312071
19.1339 0.312062
19.1371 0.312054
19.1402 0.312048
19.1434 0.312042
19.1465 0.312036
19.1497 0.312032
19.1528 0.312028
19.156 0.312024
19.1591 0.312021
19.1623 0.312019
19.1654 0.312016
19.1686 0.312014
19.1717 0.312013
19.1749 0.312011
19.1781 0.31201
19.1812 0.312008
19.1844 0.312007
19.1875 0.312006
19.1907 0.312381
19.1938 0.312708
19.197 0.312995
19.2001 0.31337
19.2033 0.313574
19.2064 0.313752
19.2096 0.313908
19.2127 0.314045
19.2159 0.314164
19.219 0.314394
19.2222 0.314594
19.2253 0.314645
19.2285 0.314689
19.2316 0.314728
19.2348 0.314762
19.2379 0.314792
19.2411 0.314943
19.2442 0.31495
19.2474 0.314956
19.2505 0.314962
19.2537 0.314967
19.2569 0.314971
19.26 0.315099
19.2632 0.315212
19.2663 0.315185
19.2695 0.315162
19.2726 0.315142
19.2758 0.315124
19.2789 0.315109
19.2821 0.31522
19.2852 0.315193
19.2884 0.315169
19.2915 0.315147
19.2947 0.315129
19.2978 0.315113
19.301 0.315099
19.3041 0.315211
19.3073 0.315185
19.3104 0.315162
19.3136 0.315142
19.3167 0.315124
19.3199 0.315108
19.323 0.31522
19.3262 0.315317
19.3293 0.315278
19.3325 0.315243
19.3357 0.315213
19.3388 0.315186
19.342 0.315163
19.3451 0.315267
19.3483 0.315234
19.3514 0.315205
19.3546 0.315179
19.3577 0.315157
19.3609 0.315137
19.364 0.315245
19.3672 0.315339
19.3703 0.315297
19.3735 0.31526
19.3766 0.315227
19.3798 0.315199
19.3829 0.315174
19.3861 0.315277
19.3892 0.315243
19.3924 0.315212
19.3955 0.315186
19.3987 0.315163
19.4018 0.315517
19.405 0.315828
19.4081 0.316224
19.4113 0.316571
19.4145 0.31675
19.4176 0.316906
19.4208 0.317043
19.4239 0.317162
19.4271 0.317392
19.4302 0.317593
19.4334 0.317644
19.4365 0.317688
19.4397 0.317727
19.4428 0.317761
19.446 0.317791
19.4491 0.317942
19.4523 0.318075
19.4554 0.318065
19.4586 0.318057
19.4617 0.31805
19.4649 0.318044
19.468 0.318163
19.4712 0.318268
19.4743 0.318359
19.4775 0.318314
19.4806 0.318275
19.4838 0.318241
19.4869 0.318211
19.4901 0.318309
19.4933 0.318396
19.4964 0.318346
19.4996 0.318303
19.5027 0.318265
19.5059 0.318232
19.509 0.318328
19.5122 0.318412
19.5153 0.318485
19.5185 0.318425
19.5216 0.318372
19.5248 0.318325
19.5279 0.318285
19.5311 0.318374
19.5342 0.318452
19.5374 0.318396
19.5405 0.318346
19.5437 0.318303
19.5468 0.318265
19.55 0.318232
19.5531 0.318328
19.5563 0.318412
19.5594 0.31836
19.5626 0.318315
19.5657 0.318276
19.5689 0.318241
19.5721 0.318336
19.5752 0.318419
19.5784 0.318367
19.5815 0.318321
19.5847 0.318281
19.5878 0.318246
19.591 0.318215
19.5941 0.318313
19.5973 0.318399
19.6004 0.318349
19.6036 0.318305
19.6067 0.318267
19.6099 0.318234
19.613 0.31833
19.6162 0.318788
19.6193 0.31919
19.6225 0.319541
19.6256 0.319724
19.6288 0.319883
19.6319 0.320023
19.6351 0.32027
19.6382 0.320486
19.6414 0.320675
19.6445 0.320716
19.6477 0.320751
19.6509 0.320783
19.654 0.320935
19.6572 0.321068
19.6603 0.321184
19.6635 0.321286
19.6666 0.321251
19.6698 0.321219
19.6729 0.321192
19.6761 0.321293
19.6792 0.321381
19.6824 0.321459
19.6855 0.321401
19.6887 0.321351
19.6918 0.321307
19.695 0.321269
19.6981 0.32136
19.7013 0.32144
19.7044 0.32151
19.7076 0.321446
19.7107 0.321391
19.7139 0.321342
19.717 0.321424
19.7202 0.321496
19.7233 0.321559
19.7265 0.321614
19.7297 0.321537
19.7328 0.32147
19.736 0.321411
19.7391 0.321485
19.7423 0.321549
19.7454 0.321606
19.7486 0.32153
19.7517 0.321464
19.7549 0.321406
19.758 0.32148
19.7612 0.321545
19.7643 0.321602
19.7675 0.321652
19.7706 0.32157
19.7738 0.321499
19.7769 0.321437
19.7801 0.321507
19.7832 0.321569
19.7864 0.321623
19.7895 0.321545
19.7927 0.321477
19.7958 0.321417
19.799 0.321365
19.8021 0.321444
19.8053 0.321514
19.8085 0.321575
19.8116 0.321503
19.8148 0.32144
19.8179 0.321385
19.8211 0.321462
19.8242 0.321529
19.8274 0.321588
19.8305 0.321514
19.8337 0.321825
19.8368 0.322097
19.84 0.322335
19.8431 0.322668
19.8463 0.32296
19.8494 0.323215
19.8526 0.323438
19.8557 0.323508
19.8589 0.32357
19.862 0.323748
19.8652 0.323905
19.8683 0.324042
19.8715 0.324161
19.8746 0.324266
19.8778 0.324233
19.8809 0.324204
19.8841 0.324303
19.8873 0.32439
19.8904 0.324467
19.8936 0.324533
19.8967 0.324467
19.8999 0.324408
19.903 0.324482
19.9062 0.324547
19.9093 0.324604
19.9125 0.324653
19.9156 0.324697
19.9188 0.324609
19.9219 0.324533
19.9251 0.324592
19.9282 0.324643
19.9314 0.324687
19.9345 0.324726
19.9377 0.324636
19.9408 0.324556
19.944 0.324487
19.9471 0.324551
19.9503 0.324607
19.9534 0.324656
19.9566 0.324699
19.9597 0.324612
19.9629 0.324535
19.9661 0.324593
19.9692 0.324644
19.9724 0.324689
19.9755 0.324728
19.9787 0.324637
19.9818 0.324557
19.985 0.324487
19.9881 0.324551
19.9913 0.324608
19.9944 0.324657
19.9976 0.3247
20.0007 0.324612
20.0039 0.324536
20.007 0.324594
20.0102 0.324644
20.0133 0.324689
20.0165 0.324728
20.0196 0.324762
20.0228 0.324667
20.0259 0.324583
20.0291 0.324635
20.0322 0.324681
20.0354 0.324721
20.0385 0.324756
20.0417 0.324661
20.0449 0.324579
20.048 0.324631
20.0512 0.324677
20.0543 0.325093
20.0575 0.325456
20.0606 0.325774
20.0638 0.326052
20.0669 0.326171
20.0701 0.326399
20.0732 0.3266
20.0764 0.326775
20.0795 0.326928
20.0827 0.327062
20.0858 0.327054
20.089 0.327047
20.0921 0.327166
20.0953 0.327271
20.0984 0.327362
