0.0 0
0.0905768 340
0.0905768 340
0.18279 680
0.276537 1020
0.370283 1360
0.462454 1700
0.465606 2040
0.5562 2380
0.559352 2720
0.562504 3060
0.649946 3400
0.653098 3740
0.65625 4080
0.659402 4420
0.742117 4760
0.745269 5100
0.748421 5440
0.751573 5780
0.754725 6120
0.757877 6460
0.834287 6800
0.837439 7140
0.840591 7480
0.843743 7820
0.846895 8160
0.850047 8500
0.853199 8840
0.856351 9180
0.859503 9520
0.926458 9860
0.92961 10200
0.932762 10540
0.935914 10880
0.939066 11220
0.942218 11560
0.94537 11900
0.948522 12240
0.951674 12580
0.954826 12920
0.957978 13260
0.96113 13600
0.964282 13940
0.967434 14280
1.0202 14620
1.02336 14960
1.02651 15300
1.02966 15640
1.03281 15980
1.03596 16320
1.03912 16660
1.04227 17000
1.04542 17340
1.04857 17680
1.05172 18020
1.05488 18360
1.05803 18700
1.06118 19040
1.06433 19380
1.06748 19720
1.07064 20060
1.07379 20400
1.07694 20740
1.08009 21080
1.08324 21420
1.11395 21760
1.1171 22100
1.12025 22440
1.12341 22780
1.12656 23120
1.12971 23460
1.13286 23800
1.13601 24140
1.13917 24480
1.14232 24820
1.14547 25160
1.14862 25500
1.15177 25840
1.15493 26180
1.15808 26520
1.16123 26860
1.16438 27200
1.16753 27540
1.17069 27880
1.17384 28220
1.17699 28560
1.18014 28900
1.18329 29240
1.18645 29580
1.1896 29920
1.19275 30260
1.1959 30600
1.19905 30940
1.20221 31280
1.20536 31620
1.20851 31960
1.21166 32300
1.21481 32640
1.21797 32980
1.22112 33320
1.22427 33660
1.22742 34000
1.23057 34340
1.23373 34680
1.23688 35020
1.24003 35360
1.24318 35700
1.24633 36040
1.24949 36380
1.25264 36720
1.25579 37060
1.25894 37400
1.26209 37740
1.26525 38080
1.2684 38420
1.27155 38760
1.2747 39100
1.27785 39440
1.28101 39780
1.28416 40120
1.28731 40460
1.29046 40800
1.29361 41140
1.29677 41480
1.29992 41820
1.30307 42160
1.30622 42500
1.30937 42840
1.31253 43180
1.31568 43520
1.31883 43860
1.32198 44200
1.32513 44540
1.32829 44880
1.33144 45220
1.33459 45560
1.33774 45900
1.34089 46240
1.34405 46580
1.3472 46920
1.35035 47260
1.3535 47600
1.35665 47940
1.35981 48280
1.36296 48620
1.36611 48960
1.36926 49300
1.37241 49640
1.37557 49980
1.37872 50320
1.38187 50660
1.38502 51000
1.38817 51340
1.39133 51680
1.39448 52020
1.39763 52360
1.40078 52700
1.40393 53040
1.40709 53380
1.41024 53720
1.41339 54060
1.41654 54400
1.41969 54740
1.42285 55080
1.426 55420
1.42915 55760
1.4323 56100
1.43545 56440
1.43861 56780
1.44176 57120
1.44491 57460
1.44806 57800
1.45121 58140
1.45437 58480
1.45752 58820
1.46067 59160
1.46382 59500
1.46697 59840
1.47013 60180
1.47328 60520
1.47643 60860
1.47958 61200
1.48273 61540
1.48589 61880
1.48904 62220
1.49219 62560
1.49534 62900
1.49849 63240
1.50165 63580
1.5048 63920
1.50795 64260
1.5111 64600
1.51425 64940
1.51741 65280
1.52056 65620
1.52371 65960
1.52686 66300
1.53001 66640
1.53317 66980
1.53632 67320
1.53947 67660
1.54262 68000
1.54577 68340
1.54893 68680
1.55208 69020
1.55523 69360
1.55838 69700
1.56153 70040
1.56469 70380
1.56784 70720
1.57099 71060
1.57414 71400
1.57729 71740
1.58045 72080
1.5836 72420
1.58675 72760
1.5899 73100
1.59305 73440
1.59621 73780
1.59936 74120
1.60251 74460
1.60566 74800
1.60881 75140
1.61197 75480
1.61512 75820
1.61827 76160
1.62142 76500
1.62457 76840
1.62773 77180
1.63088 77520
1.63403 77860
1.63718 78200
1.64033 78540
1.64349 78880
1.64664 79220
1.64979 79560
1.65294 79900
1.65609 80240
1.65925 80580
1.6624 80920
1.66555 81260
1.6687 81600
1.67185 81940
1.67501 82280
1.67816 82620
1.68131 82960
1.68446 83300
1.68761 83640
1.69077 83980
1.69392 84320
1.69707 84660
1.70022 85000
1.70337 85340
1.70653 85680
1.70968 86020
1.71283 86360
1.71598 86700
1.71913 87040
1.72229 87380
1.72544 87720
1.72859 88060
1.73174 88400
1.73489 88740
1.73805 89080
1.7412 89420
1.74435 89760
1.7475 90100
1.75065 90440
1.75381 90780
1.75696 91120
1.76011 91460
1.76326 91800
1.76641 92140
1.76957 92480
1.77272 92820
1.77587 93160
1.77902 93500
1.78217 93840
1.78533 94180
1.78848 94520
1.79163 94860
1.79478 95200
1.79793 95540
1.80109 95880
1.80424 96220
1.80739 96560
1.81054 96900
1.81369 97240
1.81685 97580
1.82 97920
1.82315 98260
1.8263 98600
1.82945 98940
1.83261 99280
1.83576 99620
1.83891 99960
1.84206 100300
1.84521 100640
1.84837 100980
1.85152 101320
1.85467 101660
1.85782 102000
1.86097 102340
1.86413 102680
1.86728 103020
1.87043 103360
1.87358 103700
1.87673 104040
1.87989 104380
1.88304 104720
1.88619 105060
1.88934 105400
1.89249 105740
1.89565 106080
1.8988 106420
1.90195 106760
1.9051 107100
1.90825 107440
1.91141 107780
1.91456 108120
1.91771 108460
1.92086 108800
1.92401 109140
1.92717 109480
1.93197 109480
1.93197 54400
2.74046 54400
2.74046 26860
3.03194 26865
3.03509 26870
3.03825 26875
3.0414 26880
3.04455 26885
3.0477 26890
3.05085 26895
3.05401 26900
3.05716 26905
3.06031 26910
3.06346 26915
3.06661 26920
3.06977 26925
3.07449 26930
3.07765 26935
3.0808 26940
3.08395 26945
3.0871 26950
3.09025 26955
3.09341 26960
3.09656 26965
3.09971 26970
3.10286 26975
3.10601 26980
3.10917 26985
3.11232 26990
3.11547 26995
3.11862 27000
3.12177 27005
3.12493 27010
3.12808 27015
3.13123 27020
3.13438 27025
3.13753 27030
3.14069 27035
3.14384 27040
3.14699 27045
3.15014 27050
3.15329 27055
3.15645 27060
3.1596 27065
3.16275 27070
3.1659 27075
3.16905 27080
3.17221 27085
3.17536 27090
3.17851 27095
3.18166 27100
3.18481 27105
3.18797 27110
3.19112 27115
3.19427 27120
3.19742 27125
3.20057 27130
3.20373 27135
3.20688 27140
3.21003 27145
3.21318 27150
3.21633 27155
3.21949 27160
3.22264 27165
3.22579 27170
3.22894 27175
3.23209 27180
3.23525 27185
3.2384 27190
3.24155 27195
3.2447 27200
3.24785 27205
3.25101 27210
3.25416 27215
3.25731 27220
3.26046 27225
3.26361 27230
3.26677 27235
3.26992 27240
3.27307 27245
3.27622 27250
3.27937 27255
3.28252 27260
3.28568 27265
3.28883 27270
3.29198 27275
3.29513 27280
3.29828 27285
3.30144 27290
3.30459 27295
3.30774 27300
3.31089 27305
3.31404 27310
3.3172 27315
3.32035 27320
3.3235 27325
3.32665 27330
3.3298 27335
3.33296 27340
3.33611 27345
3.33926 27350
3.34241 27355
3.34556 27360
3.34872 27365
3.35187 27370
3.35502 27375
3.35817 27380
3.36132 27385
3.36448 27390
3.36763 27395
3.37078 27400
3.37393 27405
3.37708 27410
3.38024 27415
3.38339 27420
3.38654 27425
3.38969 27430
3.39284 27435
3.396 27440
3.39915 27445
3.4023 27450
3.40545 27455
3.4086 27460
3.41176 27465
3.41491 27470
3.41806 27475
3.42121 27480
3.42436 27485
3.42752 27490
3.43067 27495
3.43382 27500
3.43697 27505
3.44012 27510
3.44328 27515
3.44643 27520
3.44958 27525
3.45273 27530
3.45588 27535
3.45904 27540
3.46219 27545
3.46534 27550
3.46849 27555
3.47164 27560
3.4748 27565
3.47795 27570
3.4811 27575
3.48425 27580
3.4874 27585
3.49056 27590
3.49371 27595
3.49686 27600
3.50001 27605
3.50316 27610
3.50632 27615
3.50947 27620
3.51262 27625
3.51577 27630
3.51892 27635
3.52208 27640
3.52523 27645
3.52838 27650
3.53153 27655
3.53468 27660
3.53784 27665
3.54099 27670
3.54414 27675
3.54729 27680
3.55044 27685
3.5536 27690
3.55675 27695
3.5599 27700
3.56305 27705
3.5662 27710
3.56936 27715
3.57251 27720
3.57566 27725
3.57881 27730
3.58196 27735
3.58512 27740
3.58827 27745
3.59142 27750
3.59457 27755
3.59772 27760
3.60088 27765
3.60403 27770
3.60718 27775
3.61033 27780
3.61348 27785
3.61664 27790
3.61979 27795
3.62294 27800
3.62609 27805
3.62924 27810
3.6324 27815
3.63555 27820
3.6387 27825
3.64185 27830
3.645 27835
3.64816 27840
3.65131 27845
3.65446 27850
3.65761 27855
3.66076 27860
3.66392 27865
3.66707 27870
3.67022 27875
3.67337 27880
3.67652 27885
3.67968 27890
3.68283 27895
3.68598 27900
3.68913 27905
3.69228 27910
3.69544 27915
3.69859 27920
3.70174 27925
3.70489 27930
3.70804 27935
3.7112 27940
3.71435 27945
3.7175 27950
3.72065 27955
3.7238 27960
3.72696 27965
3.73011 27970
3.73326 27975
3.73641 27980
3.73956 27985
3.74272 27990
3.74587 27995
3.74902 28000
3.75217 28005
3.75532 28010
3.75848 28015
3.76163 28020
3.76478 28025
3.76793 28030
3.77108 28035
3.77424 28040
3.77739 28045
3.78054 28050
3.78369 28055
3.78684 28060
3.79 28065
3.79315 28070
3.7963 28075
3.79945 28080
3.8026 28085
3.80576 28090
3.80891 28095
3.81206 28100
3.81521 28105
3.81836 28110
3.82152 28115
3.82467 28120
3.82782 28125
3.83097 28131
3.83412 28137
3.83728 28143
3.84043 28149
3.84358 28155
3.84673 28161
3.84988 28167
3.85304 28173
3.85619 28179
3.85934 28185
3.86249 28191
3.86564 28197
3.8688 28203
3.87195 28209
3.8751 28215
3.87825 28221
3.8814 28227
3.88456 28233
3.88771 28239
3.89086 28245
3.89401 28251
3.89716 28257
3.90032 28263
3.90347 28269
3.90662 28275
3.90977 28281
3.91292 28287
3.91608 28293
3.91923 28299
3.92238 28305
3.92553 28311
3.92868 28317
3.93184 28324
3.93499 28331
3.93814 28338
3.94129 28345
3.94444 28352
3.9476 28359
3.95075 28366
3.9539 28373
3.95705 28380
3.9602 28387
3.96336 28394
3.96651 28401
3.96966 28408
3.97281 28415
3.97596 28422
3.97912 28429
3.98227 28436
3.98542 28443
3.98857 28450
3.99172 28457
3.99488 28464
3.99803 28471
4.00118 28478
4.00433 28485
4.00748 28492
4.01064 28499
4.01379 28506
4.01694 28513
4.02009 28520
4.02324 28527
4.0264 28534
4.02955 28541
4.0327 28548
4.03585 28556
4.039 28564
4.04216 28572
4.04531 28580
4.04846 28588
4.05161 28596
4.05476 28604
4.05792 28612
4.06107 28620
4.06422 28628
4.06737 28636
4.07052 28644
4.07368 28652
4.07683 28660
4.07998 28668
4.08313 28676
4.08628 28684
4.08944 28692
4.09259 28700
4.09574 28708
4.09889 28716
4.10204 28724
4.1052 28732
4.10835 28740
4.1115 28748
4.11465 28756
4.1178 28764
4.12096 28772
4.12411 28780
4.12726 28788
4.13041 28796
4.13356 28804
4.13672 28813
4.13987 28822
4.14302 28831
4.14617 28840
4.14932 28849
4.15248 28858
4.15563 28867
4.15878 28876
4.16193 28885
4.16508 28894
4.16824 28903
4.17139 28912
4.17454 28921
4.17769 28930
4.18084 28939
4.184 28948
4.18715 28957
4.1903 28966
4.19345 28975
4.1966 28984
4.19976 28993
4.20291 29002
4.20606 29011
4.20921 29020
4.21236 29029
4.21552 29038
4.21867 29047
4.22182 29056
4.22497 29065
4.22812 29074
4.23128 29083
4.23443 29092
4.23758 29102
4.24073 29112
4.24388 29122
4.24704 29132
4.25019 29142
4.25334 29152
4.25649 29162
4.25964 29172
4.2628 29182
4.26595 29192
4.2691 29202
4.27225 29212
4.2754 29222
4.27856 29232
4.28171 29242
4.28486 29252
4.28801 29262
4.29116 29272
4.29432 29282
4.29747 29292
4.30062 29302
4.30377 29312
4.30692 29322
4.31008 29332
4.31323 29342
4.31638 29352
4.31953 29362
4.32268 29372
4.32584 29382
4.32899 29392
4.33214 29402
4.33529 29412
4.33844 29422
4.3416 29433
4.34475 29444
4.3479 29455
4.35105 29466
4.3542 29477
4.35736 29488
4.36051 29499
4.36366 29510
4.36681 29521
4.36996 29532
4.37312 29543
4.37627 29554
4.37942 29565
4.38257 29576
4.38572 29587
4.38888 29598
4.39203 29609
4.39518 29620
4.39833 29631
4.40148 29642
4.40464 29653
4.40779 29664
4.41094 29675
4.41409 29686
4.41724 29697
4.4204 29708
4.42355 29719
4.4267 29730
4.42985 29741
4.433 29752
4.43616 29763
4.43931 29774
4.44246 29786
4.44561 29798
4.44876 29810
4.45192 29822
4.45507 29834
4.45822 29846
4.46137 29858
4.46452 29870
4.46768 29882
4.47083 29894
4.47398 29906
4.47713 29918
4.48028 29930
4.48344 29942
4.48659 29954
4.48974 29966
4.49289 29978
4.49604 29990
4.4992 30002
4.50235 30014
4.5055 30026
4.50865 30038
4.5118 30050
4.51496 30062
4.51811 30074
4.52126 30086
4.52441 30098
4.52756 30110
4.53072 30122
4.53387 30134
4.53702 30146
4.54017 30158
4.54332 30171
4.54648 30184
4.54963 30197
4.55278 30210
4.55593 30223
4.55908 30236
4.56224 30249
4.56539 30262
4.56854 30275
4.57169 30288
4.57484 30301
4.578 30314
4.58115 30327
4.5843 30340
4.58745 30353
4.5906 30366
4.59376 30379
4.59691 30392
4.60006 30405
4.60321 30418
4.60636 30431
4.60952 30444
4.61267 30457
4.61582 30470
4.61897 30483
4.62212 30496
4.62528 30509
4.62843 30522
4.63158 30535
4.63473 30548
4.63788 30561
4.64104 30574
4.64419 30588
4.64734 30602
4.65049 30616
4.65364 30630
4.6568 30644
4.65995 30658
4.6631 30672
4.66625 30686
4.6694 30700
4.67256 30714
4.67571 30728
4.67886 30742
4.68201 30756
4.68516 30770
4.68832 30784
4.69147 30798
4.69462 30812
4.69777 30826
4.70092 30840
4.70408 30854
4.70723 30868
4.71038 30882
4.71353 30896
4.71668 30910
4.71984 30924
4.72299 30938
4.72614 30952
4.72929 30966
4.73244 30980
4.7356 30994
4.73875 31008
4.7419 31022
4.74505 31037
4.7482 31052
4.75136 31067
4.75451 31082
4.75766 31097
4.76081 31112
4.76396 31127
4.76712 31142
4.77027 31157
4.77342 31172
4.77657 31187
4.77972 31202
4.78288 31217
4.78603 31232
4.78918 31247
4.79233 31262
4.79548 31277
4.79864 31292
4.80179 31307
4.80494 31322
4.80809 31337
4.81124 31352
4.8144 31367
4.81755 31382
4.8207 31397
4.82385 31412
4.827 31427
4.83016 31442
4.83331 31457
4.83646 31472
4.83961 31487
4.84276 31502
4.84592 31518
4.84907 31534
4.85222 31550
4.85537 31566
4.85852 31582
4.86168 31598
4.86483 31614
4.86798 31630
4.87113 31646
4.87428 31662
4.87744 31678
4.88059 31694
4.88374 31710
4.88689 31726
4.89004 31742
4.8932 31758
4.89635 31774
4.8995 31790
4.90265 31806
4.9058 31822
4.90896 31838
4.91211 31854
4.91526 31870
4.91841 31886
4.92156 31902
4.92472 31918
4.92787 31934
4.93102 31950
4.93417 31966
4.93732 31982
4.94048 31998
4.94363 32015
4.94678 32032
4.94993 32049
4.95308 32066
4.95624 32083
4.95939 32100
4.96254 32117
4.96569 32134
4.96884 32151
4.972 32168
4.97515 32185
4.9783 32202
4.98145 32219
4.9846 32236
4.98776 32253
4.99091 32270
4.99406 32287
4.99721 32304
5.00036 32321
5.00352 32338
5.00667 32355
5.00982 32372
5.01297 32389
5.01612 32406
5.01928 32423
5.02243 32440
5.02558 32457
5.02873 32474
5.03188 32491
5.03504 32508
5.03819 32525
5.04134 32542
5.04449 32560
5.04764 32578
5.0508 32596
5.05395 32614
5.0571 32632
5.06025 32650
5.0634 32668
5.06656 32686
5.06971 32704
5.07286 32722
5.07601 32740
5.07916 32758
5.08232 32776
5.08547 32794
5.08862 32812
5.09177 32830
5.09492 32848
5.09808 32866
5.10123 32884
5.10438 32902
5.10753 32920
5.11068 32938
5.11384 32956
5.11699 32974
5.12014 32992
5.12329 33010
5.12644 33028
5.1296 33046
5.13275 33064
5.1359 33082
5.13905 33100
5.1422 33119
5.14536 33138
5.14851 33157
5.15166 33176
5.15481 33195
5.15796 33214
5.16112 33233
5.16427 33252
5.16742 33271
5.17057 33290
5.17372 33309
5.17688 33328
5.18003 33347
5.18318 33366
5.18633 33385
5.18948 33404
5.19264 33423
5.19579 33442
5.19894 33461
5.20209 33480
5.20524 33499
5.2084 33518
5.21155 33537
5.2147 33556
5.21785 33575
5.221 33594
5.22416 33613
5.22731 33632
5.23046 33651
5.23361 33670
5.23676 33689
5.23992 33708
5.24307 33728
5.24622 33748
5.24937 33768
5.25252 33788
5.25568 33808
5.25883 33828
5.26198 33848
5.26513 33868
5.26828 33888
5.27144 33908
5.27459 33928
5.27774 33948
5.28089 33968
5.28404 33988
5.2872 34008
5.29035 34028
5.2935 34048
5.29665 34068
5.2998 34088
5.30296 34108
5.30611 34128
5.30926 34148
5.31241 34168
5.31556 34188
5.31872 34208
5.32187 34228
5.32502 34248
5.32817 34268
5.33132 34288
5.33448 34308
5.33763 34328
5.34078 34349
5.34393 34370
5.34708 34391
5.35024 34412
5.35339 34433
5.35654 34454
5.35969 34475
5.36284 34496
5.366 34517
5.36915 34538
5.3723 34559
5.37545 34580
5.3786 34601
5.38176 34622
5.38491 34643
5.38806 34664
5.39121 34685
5.39436 34706
5.39752 34727
5.40067 34748
5.40382 34769
5.40697 34790
5.41012 34811
5.41328 34832
5.41643 34853
5.41958 34874
5.42273 34895
5.42588 34916
5.42904 34937
5.43219 34958
5.43534 34979
5.43849 35001
5.44164 35023
5.4448 35045
5.44795 35067
5.4511 35089
5.45425 35111
5.4574 35133
5.46056 35155
5.46371 35177
5.46686 35199
5.47001 35221
5.47316 35243
5.47632 35265
5.47947 35287
5.48262 35309
5.48577 35331
5.48892 35353
5.49208 35375
5.49523 35397
5.49838 35419
5.50153 35441
5.50468 35463
5.50784 35485
5.51099 35507
5.51414 35529
5.51729 35551
5.52044 35573
5.5236 35595
5.52675 35617
5.5299 35639
5.53305 35661
5.5362 35684
5.53936 35707
5.54251 35730
5.54566 35753
5.54881 35776
5.55196 35799
5.55512 35822
5.55827 35845
5.56142 35868
5.56457 35891
5.56772 35914
5.57088 35937
5.57403 35960
5.57718 35983
5.58033 36006
5.58348 36029
5.58664 36052
5.58979 36075
5.59294 36098
5.59609 36121
5.59924 36144
5.6024 36167
5.60555 36190
5.6087 36213
5.61185 36236
5.615 36259
5.61816 36282
5.62131 36305
5.62446 36328
5.62761 36351
5.63076 36374
5.63392 36398
5.63707 36422
5.64022 36446
5.64337 36470
5.64652 36494
5.64968 36518
5.65283 36542
5.65598 36566
5.65913 36590
5.66228 36614
5.66544 36638
5.66859 36662
5.67174 36686
5.67489 36710
5.67804 36734
5.6812 36758
5.68435 36782
5.6875 36806
5.69065 36830
5.6938 36854
5.69696 36878
5.70011 36902
5.70326 36926
5.70641 36950
5.70956 36974
5.71272 36998
5.71587 37022
5.71902 37046
5.72217 37070
5.72532 37094
5.72848 37118
5.73163 37143
5.73478 37168
5.73793 37193
5.74108 37218
5.74424 37243
5.74739 37268
5.75054 37293
5.75369 37318
5.75684 37343
5.76 37368
5.76315 37393
5.7663 37418
5.76945 37443
5.7726 37468
5.77576 37493
5.77891 37518
5.78206 37543
5.78521 37568
5.78836 37593
5.79152 37618
5.79467 37643
5.79782 37668
5.80097 37693
5.80412 37718
5.80728 37743
5.81043 37768
5.81358 37793
5.81673 37818
5.81988 37843
5.82304 37868
5.82619 37893
5.82934 37919
5.83249 37945
5.83564 37971
5.8388 37997
5.84195 38023
5.8451 38049
5.84825 38075
5.8514 38101
5.85456 38127
5.85771 38153
5.86086 38179
5.86401 38205
5.86716 38231
5.87032 38257
5.87347 38283
5.87662 38309
5.87977 38335
5.88292 38361
5.88608 38387
5.88923 38413
5.89238 38439
5.89553 38465
5.89868 38491
5.90184 38517
5.90499 38543
5.90814 38569
5.91129 38595
5.91444 38621
5.9176 38647
5.92075 38673
5.9239 38700
5.92705 38727
5.9302 38754
5.93336 38781
5.93651 38808
5.93966 38835
5.94281 38862
5.94596 38889
5.94912 38916
5.95227 38943
5.95542 38970
5.95857 38997
5.96172 39024
5.96488 39051
5.96803 39078
5.97118 39105
5.97433 39132
5.97748 39159
5.98064 39186
5.98379 39213
5.98694 39240
5.99009 39267
5.99324 39294
5.9964 39321
5.99955 39348
6.0027 39375
6.00585 39402
6.009 39429
6.01216 39456
6.01531 39483
6.01846 39511
6.02161 39539
6.02476 39567
6.02792 39595
6.03107 39623
6.03422 39651
6.03737 39679
6.04052 39707
6.04368 39735
6.04683 39763
6.04998 39791
6.05313 39819
6.05628 39847
6.05944 39875
6.06259 39903
6.06574 39931
6.06889 39959
6.07204 39987
6.0752 40015
6.07835 40043
6.0815 40071
6.08465 40099
6.0878 40127
6.09096 40155
6.09411 40183
6.09726 40211
6.10041 40239
6.10356 40267
6.10672 40295
6.10987 40323
6.11302 40351
6.11617 40380
6.11932 40409
6.12248 40438
6.12563 40467
6.12878 40496
6.13193 40525
6.13508 40554
6.13824 40583
6.14139 40612
6.14454 40641
6.14769 40670
6.15084 40699
6.154 40728
6.15715 40757
6.1603 40786
6.16345 40815
6.1666 40844
6.16976 40873
6.17291 40902
6.17606 40931
6.17921 40960
6.18236 40989
6.18552 41018
6.18867 41047
6.19182 41076
6.19497 41105
6.19812 41134
6.20128 41163
6.20443 41192
6.20758 41221
6.21073 41251
6.21388 41281
6.21704 41311
6.22019 41341
6.22334 41371
6.22649 41401
6.22964 41431
6.2328 41461
6.23595 41491
6.2391 41521
6.24225 41551
6.2454 41581
6.24856 41611
6.25171 41641
6.25486 41671
6.25801 41701
6.26116 41731
6.26432 41761
6.26747 41791
6.27062 41821
6.27377 41851
6.27692 41881
6.28008 41911
6.28323 41941
6.28638 41971
6.28953 42001
6.29268 42031
6.29584 42061
6.29899 42091
6.30214 42122
6.30529 42153
6.30844 42184
6.3116 42215
6.31475 42246
6.3179 42277
6.32105 42308
6.3242 42339
6.32736 42370
6.33051 42401
6.33366 42432
6.33681 42463
6.33996 42494
6.34312 42525
6.34627 42556
6.34942 42587
6.35257 42618
6.35572 42649
6.35888 42680
6.36203 42711
6.36518 42742
6.36833 42773
6.37148 42804
6.37464 42835
6.37779 42866
6.38094 42897
6.38409 42928
6.38724 42959
6.3904 42990
6.39355 43021
6.3967 43053
6.39985 43085
6.403 43117
6.40616 43149
6.40931 43181
6.41246 43213
6.41561 43245
6.41876 43277
6.42192 43309
6.42507 43341
6.42822 43373
6.43137 43405
6.43452 43437
6.43767 43469
6.44083 43501
6.44398 43533
6.44713 43565
6.45028 43597
6.45343 43629
6.45659 43661
6.45974 43693
6.46289 43725
6.46604 43757
6.46919 43789
6.47235 43821
6.4755 43853
6.47865 43885
6.4818 43917
6.48495 43949
6.48811 43981
6.49126 44014
6.49441 44047
6.49756 44080
6.50071 44113
6.50387 44146
6.50702 44179
6.51017 44212
6.51332 44245
6.51647 44278
6.51963 44311
6.52278 44344
6.52593 44377
6.52908 44410
6.53223 44443
6.53539 44476
6.53854 44509
6.54169 44542
6.54484 44575
6.54799 44608
6.55115 44641
6.5543 44674
6.55745 44707
6.5606 44740
6.56375 44773
6.56691 44806
6.57006 44839
6.57321 44872
6.57636 44905
6.57951 44938
6.58267 44972
6.58582 45006
6.58897 45040
6.59212 45074
6.59527 45108
6.59843 45142
6.60158 45176
6.60473 45210
6.60788 45244
6.61103 45278
6.61419 45312
6.61734 45346
6.62049 45380
6.62364 45414
6.62679 45448
6.62995 45482
6.6331 45516
6.63625 45550
6.6394 45584
6.64255 45618
6.64571 45652
6.64886 45686
6.65201 45720
6.65516 45754
6.65831 45788
6.66147 45822
6.66462 45856
6.66777 45890
6.67092 45924
6.67407 45959
6.67723 45994
6.68038 46029
6.68353 46064
6.68668 46099
6.68983 46134
6.69299 46169
6.69614 46204
6.69929 46239
6.70244 46274
6.70559 46309
6.70875 46344
6.7119 46379
6.71505 46414
6.7182 46449
6.72135 46484
6.72451 46519
6.72766 46554
6.73081 46589
6.73396 46624
6.73711 46659
6.74027 46694
6.74342 46729
6.74657 46764
6.74972 46799
6.75287 46834
6.75603 46869
6.75918 46904
6.76233 46939
6.76548 46975
6.76863 47011
6.77179 47047
6.77494 47083
6.77809 47119
6.78124 47155
6.78439 47191
6.78755 47227
6.7907 47263
6.79385 47299
6.797 47335
6.80015 47371
6.80331 47407
6.80646 47443
6.80961 47479
6.81276 47515
6.81591 47551
6.81907 47587
6.82222 47623
6.82537 47659
6.82852 47695
6.83167 47731
6.83483 47767
6.83798 47803
6.84113 47839
6.84428 47875
6.84743 47911
6.85059 47947
6.85374 47983
6.85689 48020
6.86004 48057
6.86319 48094
6.86635 48131
6.8695 48168
6.87265 48205
6.8758 48242
6.87895 48279
6.88211 48316
6.88526 48353
6.88841 48390
6.89156 48427
6.89471 48464
6.89787 48501
6.90102 48538
6.90417 48575
6.90732 48612
6.91047 48649
6.91363 48686
6.91678 48723
6.91993 48760
6.92308 48797
6.92623 48834
6.92939 48871
6.93254 48908
6.93569 48945
6.93884 48982
6.94199 49019
6.94515 49056
6.9483 49094
6.95145 49132
6.9546 49170
6.95775 49208
6.96091 49246
6.96406 49284
6.96721 49322
6.97036 49360
6.97351 49398
6.97667 49436
6.97982 49474
6.98297 49512
6.98612 49550
6.98927 49588
6.99243 49626
6.99558 49664
6.99873 49702
7.00188 49740
7.00503 49778
7.00819 49816
7.01134 49854
7.01449 49892
7.01764 49930
7.02079 49968
7.02395 50006
7.0271 50044
7.03025 50082
7.0334 50120
7.03655 50158
7.03971 50197
7.04286 50236
7.04601 50275
7.04916 50314
7.05231 50353
7.05547 50392
7.05862 50431
7.06177 50470
7.06492 50509
7.06807 50548
7.07123 50587
7.07438 50626
7.07753 50665
7.08068 50704
7.08383 50743
7.08699 50782
7.09014 50821
7.09329 50860
7.09644 50899
7.09959 50938
7.10275 50977
7.1059 51016
7.10905 51055
7.1122 51094
7.11535 51133
7.11851 51172
7.12166 51211
7.12481 51250
7.12796 51289
7.13111 51329
7.13427 51369
7.13742 51409
7.14057 51449
7.14372 51489
7.14687 51529
7.15003 51569
7.15318 51609
7.15633 51649
7.15948 51689
7.16263 51729
7.16579 51769
7.16894 51809
7.17209 51849
7.17524 51889
7.17839 51929
7.18155 51969
7.1847 52009
7.18785 52049
7.191 52089
7.19415 52129
7.19731 52169
7.20046 52209
7.20361 52249
7.20676 52289
7.20991 52329
7.21307 52369
7.21622 52409
7.21937 52450
7.22252 52491
7.22567 52532
7.22883 52573
7.23198 52614
7.23513 52655
7.23828 52696
7.24143 52737
7.24459 52778
7.24774 52819
7.25089 52860
7.25404 52901
7.25719 52942
7.26035 52983
7.2635 53024
7.26665 53065
7.2698 53106
7.27295 53147
7.27611 53188
7.27926 53229
7.28241 53270
7.28556 53311
7.28871 53352
7.29187 53393
7.29502 53434
7.29817 53475
7.30132 53516
7.30447 53557
7.30763 53599
7.31078 53641
7.31393 53683
7.31708 53725
7.32023 53767
7.32339 53809
7.32654 53851
7.32969 53893
7.33284 53935
7.33599 53977
7.33915 54019
7.3423 54061
7.34545 54103
7.3486 54145
7.35175 54187
7.35491 54229
7.35806 54271
7.36121 54313
7.36436 54355
7.36751 54397
7.37067 54439
7.37382 54481
7.37697 54523
7.38012 54565
7.38327 54607
7.38643 54649
7.38958 54691
7.39273 54733
7.39588 54776
7.39903 54819
7.40219 54862
7.40534 54905
7.40849 54948
7.41164 54991
7.41479 55034
7.41795 55077
7.4211 55120
7.42425 55163
7.4274 55206
7.43055 55249
7.43371 55292
7.43686 55335
7.44001 55378
7.44316 55421
7.44631 55464
7.44947 55507
7.45262 55550
7.45577 55593
7.45892 55636
7.46207 55679
7.46523 55722
7.46838 55765
7.47153 55808
7.47468 55851
7.47783 55894
7.48099 55937
7.48414 55981
7.48729 56025
7.49044 56069
7.49359 56113
7.49675 56157
7.4999 56201
7.50305 56245
7.5062 56289
7.50935 56333
7.51251 56377
7.51566 56421
7.51881 56465
7.52196 56509
7.52511 56553
7.52827 56597
7.53142 56641
7.53457 56685
7.53772 56729
7.54087 56773
7.54403 56817
7.54718 56861
7.55033 56905
7.55348 56949
7.55663 56993
7.55979 57037
7.56294 57081
7.56609 57125
7.56924 57169
7.57239 57214
7.57555 57259
7.5787 57304
7.58185 57349
7.585 57394
7.58815 57439
7.59131 57484
7.59446 57529
7.59761 57574
7.60076 57619
7.60391 57664
7.60707 57709
7.61022 57754
7.61337 57799
7.61652 57844
7.61967 57889
7.62283 57934
7.62598 57979
7.62913 58024
7.63228 58069
7.63543 58114
7.63859 58159
7.64174 58204
7.64489 58249
7.64804 58294
7.65119 58339
7.65435 58384
7.6575 58429
7.66065 58475
7.6638 58521
7.66695 58567
7.67011 58613
7.67326 58659
7.67641 58705
7.67956 58751
7.68271 58797
7.68587 58843
7.68902 58889
7.69217 58935
7.69532 58981
7.69847 59027
7.70163 59073
7.70478 59119
7.70793 59165
7.71108 59211
7.71423 59257
7.71739 59303
7.72054 59349
7.72369 59395
7.72684 59441
7.72999 59487
7.73315 59533
7.7363 59579
7.73945 59625
7.7426 59671
7.74575 59718
7.74891 59765
7.75206 59812
7.75521 59859
7.75836 59906
7.76151 59953
7.76467 60000
7.76782 60047
7.77097 60094
7.77412 60141
7.77727 60188
7.78043 60235
7.78358 60282
7.78673 60329
7.78988 60376
7.79303 60423
7.79619 60470
7.79934 60517
7.80249 60564
7.80564 60611
7.80879 60658
7.81195 60705
7.8151 60752
7.81825 60799
7.8214 60846
7.82455 60893
7.82771 60940
7.83086 60987
7.83401 61035
7.83716 61083
7.84031 61131
7.84347 61179
7.84662 61227
7.84977 61275
7.85292 61323
7.85607 61371
7.85923 61419
7.86238 61467
7.86553 61515
7.86868 61563
7.87183 61611
7.87499 61659
7.87814 61707
7.88129 61755
7.88444 61803
7.88759 61851
7.89075 61899
7.8939 61947
7.89705 61995
7.9002 62043
7.90335 62091
7.90651 62139
7.90966 62187
7.91281 62235
7.91596 62283
7.91911 62332
7.92227 62381
7.92542 62430
7.92857 62479
7.93172 62528
7.93487 62577
7.93803 62626
7.94118 62675
7.94433 62724
7.94748 62773
7.95063 62822
7.95379 62871
7.95694 62920
7.96009 62969
7.96324 63018
7.96639 63067
7.96955 63116
7.9727 63165
7.97585 63214
7.979 63263
7.98215 63312
7.98531 63361
7.98846 63410
7.99161 63459
7.99476 63508
7.99791 63557
8.00107 63606
8.00422 63655
8.00737 63705
8.01052 63755
8.01367 63805
8.01683 63855
8.01998 63905
8.02313 63955
8.02628 64005
8.02943 64055
8.03259 64105
8.03574 64155
8.03889 64205
8.04204 64255
8.04519 64305
8.04835 64355
8.0515 64405
8.05465 64455
8.0578 64505
8.06095 64555
8.06411 64605
8.06726 64655
8.07041 64705
8.07356 64755
8.07671 64805
8.07987 64855
8.08302 64905
8.08617 64955
8.08932 65005
8.09247 65056
8.09563 65107
8.09878 65158
8.10193 65209
8.10508 65260
8.10823 65311
8.11139 65362
8.11454 65413
8.11769 65464
8.12084 65515
8.12399 65566
8.12715 65617
8.1303 65668
8.13345 65719
8.1366 65770
8.13975 65821
8.14291 65872
8.14606 65923
8.14921 65974
8.15236 66025
8.15551 66076
8.15867 66127
8.16182 66178
8.16497 66229
8.16812 66280
8.17127 66331
8.17443 66382
8.17758 66434
8.18073 66486
8.18388 66538
8.18703 66590
8.19019 66642
8.19334 66694
8.19649 66746
8.19964 66798
8.20279 66850
8.20595 66902
8.2091 66954
8.21225 67006
8.2154 67058
8.21855 67110
8.22171 67162
8.22486 67214
8.22801 67266
8.23116 67318
8.23431 67370
8.23747 67422
8.24062 67474
8.24377 67526
8.24692 67578
8.25007 67630
8.25323 67682
8.25638 67734
8.25953 67787
8.26268 67840
8.26583 67893
8.26899 67946
8.27214 67999
8.27529 68052
8.27844 68105
8.28159 68158
8.28475 68211
8.2879 68264
8.29105 68317
8.2942 68370
8.29735 68423
8.30051 68476
8.30366 68529
8.30681 68582
8.30996 68635
8.31311 68688
8.31627 68741
8.31942 68794
8.32257 68847
8.32572 68900
8.32887 68953
8.33203 69006
8.33518 69059
8.33833 69112
8.34148 69165
8.34463 69219
8.34779 69273
8.35094 69327
8.35409 69381
8.35724 69435
8.36039 69489
8.36355 69543
8.3667 69597
8.36985 69651
8.373 69705
8.37615 69759
8.37931 69813
8.38246 69867
8.38561 69921
8.38876 69975
8.39191 70029
8.39507 70083
8.39822 70137
8.40137 70191
8.40452 70245
8.40767 70299
8.41083 70353
8.41398 70407
8.41713 70461
8.42028 70515
8.42343 70569
8.42659 70623
8.42974 70678
8.43289 70733
8.43604 70788
8.43919 70843
8.44235 70898
8.4455 70953
8.44865 71008
8.4518 71063
8.45495 71118
8.45811 71173
8.46126 71228
8.46441 71283
8.46756 71338
8.47071 71393
8.47387 71448
8.47702 71503
8.48017 71558
8.48332 71613
8.48647 71668
8.48963 71723
8.49278 71778
8.49593 71833
8.49908 71888
8.50223 71943
8.50539 71998
8.50854 72053
8.51169 72109
8.51484 72165
8.51799 72221
8.52115 72277
8.5243 72333
8.52745 72389
8.5306 72445
8.53375 72501
8.53691 72557
8.54006 72613
8.54321 72669
8.54636 72725
8.54951 72781
8.55267 72837
8.55582 72893
8.55897 72949
8.56212 73005
8.56527 73061
8.56843 73117
8.57158 73173
8.57473 73229
8.57788 73285
8.58103 73341
8.58419 73397
8.58734 73453
8.59049 73509
8.59364 73565
8.59679 73622
8.59995 73679
8.6031 73736
8.60625 73793
8.6094 73850
8.61255 73907
8.61571 73964
8.61886 74021
8.62201 74078
8.62516 74135
8.62831 74192
8.63147 74249
8.63462 74306
8.63777 74363
8.64092 74420
8.64407 74477
8.64723 74534
8.65038 74591
8.65353 74648
8.65668 74705
8.65983 74762
8.66299 74819
8.66614 74876
8.66929 74933
8.67244 74990
8.67559 75047
8.67875 75105
8.6819 75163
8.68505 75221
8.6882 75279
8.69135 75337
8.69451 75395
8.69766 75453
8.70081 75511
8.70396 75569
8.70711 75627
8.71027 75685
8.71342 75743
8.71657 75801
8.71972 75859
8.72287 75917
8.72603 75975
8.72918 76033
8.73233 76091
8.73548 76149
8.73863 76207
8.74179 76265
8.74494 76323
8.74809 76381
8.75124 76439
8.75439 76497
8.75755 76555
8.7607 76614
8.76385 76673
8.767 76732
8.77015 76791
8.77331 76850
8.77646 76909
8.77961 76968
8.78276 77027
8.78591 77086
8.78907 77145
8.79222 77204
8.79537 77263
8.79852 77322
8.80167 77381
8.80483 77440
8.80798 77499
8.81113 77558
8.81428 77617
8.81743 77676
8.82059 77735
8.82374 77794
8.82689 77853
8.83004 77912
8.83319 77971
8.83635 78030
8.8395 78089
8.84265 78149
8.8458 78209
8.84895 78269
8.85211 78329
8.85526 78389
8.85841 78449
8.86156 78509
8.86471 78569
8.86787 78629
8.87102 78689
8.87417 78749
8.87732 78809
8.88047 78869
8.88363 78929
8.88678 78989
8.88993 79049
8.89308 79109
8.89623 79169
8.89939 79229
8.90254 79289
8.90569 79349
8.91046 79349
8.91046 39270
9.42419 39273
9.42735 39276
9.43207 39279
9.43523 39282
9.43838 39285
9.44153 39288
9.44468 39291
9.44783 39294
9.45099 39297
9.45414 39300
9.45729 39303
9.46044 39306
9.46359 39309
9.46675 39312
9.4699 39315
9.47305 39318
9.4762 39321
9.47935 39324
9.48251 39327
9.48566 39330
9.48881 39333
9.49196 39336
9.49511 39339
9.49827 39342
9.50142 39345
9.50457 39348
9.50772 39351
9.51087 39354
9.51403 39357
9.51718 39360
9.52033 39363
9.52348 39366
9.52663 39369
9.52979 39372
9.53294 39375
9.53609 39378
9.53924 39381
9.54239 39384
9.54555 39387
9.5487 39390
9.55185 39393
9.555 39396
9.55815 39399
9.56131 39402
9.56446 39405
9.56761 39408
9.57076 39411
9.57391 39414
9.57706 39417
9.58022 39420
9.58337 39423
9.58652 39426
9.58967 39429
9.59282 39432
9.59598 39435
9.59913 39438
9.60228 39441
9.60543 39444
9.60858 39447
9.61174 39450
9.61489 39453
9.61804 39456
9.62119 39459
9.62434 39462
9.6275 39465
9.63065 39468
9.6338 39471
9.63695 39474
9.6401 39477
9.64326 39480
9.64641 39483
9.64956 39486
9.65271 39489
9.65586 39492
9.65902 39495
9.66217 39498
9.66532 39501
9.66847 39504
9.67162 39507
9.67478 39510
9.67793 39513
9.68108 39516
9.68423 39519
9.68738 39522
9.69054 39525
9.69369 39528
9.69684 39531
9.69999 39534
9.70314 39537
9.7063 39540
9.70945 39543
9.7126 39546
9.71575 39549
9.7189 39552
9.72206 39555
9.72521 39558
9.72836 39561
9.73151 39564
9.73466 39567
9.73782 39570
9.74097 39573
9.74412 39576
9.74727 39579
9.75042 39582
9.75358 39585
9.75673 39588
9.75988 39591
9.76303 39594
9.76618 39597
9.76934 39600
9.77249 39603
9.77564 39606
9.77879 39609
9.78194 39612
9.7851 39615
9.78825 39618
9.7914 39621
9.79455 39624
9.7977 39627
9.80086 39630
9.80401 39633
9.80716 39636
9.81031 39639
9.81346 39642
9.81662 39645
9.81977 39648
9.82292 39651
9.82607 39654
9.82922 39657
9.83238 39660
9.83553 39663
9.83868 39666
9.84183 39669
9.84498 39672
9.84814 39675
9.85129 39678
9.85444 39681
9.85759 39684
9.86074 39687
9.8639 39690
9.86705 39693
9.8702 39696
9.87335 39699
9.8765 39702
9.87966 39705
9.88281 39708
9.88596 39711
9.88911 39714
9.89226 39717
9.89542 39720
9.89857 39723
9.90172 39726
9.90487 39729
9.90802 39732
9.91118 39735
9.91433 39738
9.91748 39741
9.92063 39745
9.92378 39749
9.92694 39753
9.93009 39757
9.93324 39761
9.93639 39765
9.93954 39769
9.9427 39773
9.94585 39777
9.949 39781
9.95215 39785
9.9553 39789
9.95846 39793
9.96161 39797
9.96476 39801
9.96791 39805
9.97106 39809
9.97422 39813
9.97737 39817
9.98052 39821
9.98367 39825
9.98682 39829
9.98998 39833
9.99313 39837
9.99628 39841
9.99943 39845
10.0026 39849
10.0057 39853
10.0089 39857
10.012 39861
10.0152 39865
10.0183 39869
10.0215 39874
10.0246 39879
10.0278 39884
10.031 39889
10.0341 39894
10.0373 39899
10.0404 39904
10.0436 39909
10.0467 39914
10.0499 39919
10.053 39924
10.0562 39929
10.0593 39934
10.0625 39939
10.0656 39944
10.0688 39949
10.0719 39954
10.0751 39959
10.0782 39964
10.0814 39969
10.0845 39974
10.0877 39979
10.0908 39984
10.094 39989
10.0971 39994
10.1003 39999
10.1034 40004
10.1066 40009
10.1098 40014
10.1129 40019
10.1161 40024
10.1192 40029
10.1224 40035
10.1255 40041
10.1287 40047
10.1318 40053
10.135 40059
10.1381 40065
10.1413 40071
10.1444 40077
10.1476 40083
10.1507 40089
10.1539 40095
10.157 40101
10.1602 40107
10.1633 40113
10.1665 40119
10.1696 40125
10.1728 40131
10.1759 40137
10.1791 40143
10.1822 40149
10.1854 40155
10.1886 40161
10.1917 40167
10.1949 40173
10.198 40179
10.2012 40185
10.2043 40191
10.2075 40197
10.2106 40203
10.2138 40209
10.2169 40215
10.2201 40221
10.2232 40228
10.2264 40235
10.2295 40242
10.2327 40249
10.2358 40256
10.239 40263
10.2421 40270
10.2453 40277
10.2484 40284
10.2516 40291
10.2547 40298
10.2579 40305
10.261 40312
10.2642 40319
10.2674 40326
10.2705 40333
10.2737 40340
10.2768 40347
10.28 40354
10.2831 40361
10.2863 40368
10.2894 40375
10.2926 40382
10.2957 40389
10.2989 40396
10.302 40403
10.3052 40410
10.3083 40417
10.3115 40424
10.3146 40431
10.3178 40438
10.3209 40446
10.3241 40454
10.3272 40462
10.3304 40470
10.3335 40478
10.3367 40486
10.3398 40494
10.343 40502
10.3462 40510
10.3493 40518
10.3525 40526
10.3556 40534
10.3588 40542
10.3619 40550
10.3651 40558
10.3682 40566
10.3714 40574
10.3745 40582
10.3777 40590
10.3808 40598
10.384 40606
10.3871 40614
10.3903 40622
10.3934 40630
10.3966 40638
10.3997 40646
10.4029 40654
10.406 40662
10.4092 40670
10.4123 40678
10.4155 40686
10.4186 40694
10.4218 40703
10.425 40712
10.4281 40721
10.4313 40730
10.4344 40739
10.4376 40748
10.4407 40757
10.4439 40766
10.447 40775
10.4502 40784
10.4533 40793
10.4565 40802
10.4596 40811
10.4628 40820
10.4659 40829
10.4691 40838
10.4722 40847
10.4754 40856
10.4785 40865
10.4817 40874
10.4848 40883
10.488 40892
10.4911 40901
10.4943 40910
10.4974 40919
10.5006 40928
10.5038 40937
10.5069 40946
10.5101 40955
10.5132 40964
10.5164 40973
10.5195 40983
10.5227 40993
10.5258 41003
10.529 41013
10.5321 41023
10.5353 41033
10.5384 41043
10.5416 41053
10.5447 41063
10.5479 41073
10.551 41083
10.5542 41093
10.5573 41103
10.5605 41113
10.5636 41123
10.5668 41133
10.5699 41143
10.5731 41153
10.5762 41163
10.5794 41173
10.5826 41183
10.5857 41193
10.5889 41203
10.592 41213
10.5952 41223
10.5983 41233
10.6015 41243
10.6046 41253
10.6078 41263
10.6109 41273
10.6141 41283
10.6172 41293
10.6204 41304
10.6235 41315
10.6267 41326
10.6298 41337
10.633 41348
10.6361 41359
10.6393 41370
10.6424 41381
10.6456 41392
10.6487 41403
10.6519 41414
10.655 41425
10.6582 41436
10.6614 41447
10.6645 41458
10.6677 41469
10.6708 41480
10.674 41491
10.6771 41502
10.6803 41513
10.6834 41524
10.6866 41535
10.6897 41546
10.6929 41557
10.696 41568
10.6992 41579
10.7023 41590
10.7055 41601
10.7086 41612
10.7118 41623
10.7149 41634
10.7181 41646
10.7212 41658
10.7244 41670
10.7275 41682
10.7307 41694
10.7338 41706
10.737 41718
10.7402 41730
10.7433 41742
10.7465 41754
10.7496 41766
10.7528 41778
10.7559 41790
10.7591 41802
10.7622 41814
10.7654 41826
10.7685 41838
10.7717 41850
10.7748 41862
10.778 41874
10.7811 41886
10.7843 41898
10.7874 41910
10.7906 41922
10.7937 41934
10.7969 41946
10.8 41958
10.8032 41970
10.8063 41982
10.8095 41994
10.8126 42006
10.8158 42019
10.819 42032
10.8221 42045
10.8253 42058
10.8284 42071
10.8316 42084
10.8347 42097
10.8379 42110
10.841 42123
10.8442 42136
10.8473 42149
10.8505 42162
10.8536 42175
10.8568 42188
10.8599 42201
10.8631 42214
10.8662 42227
10.8694 42240
10.8725 42253
10.8757 42266
10.8788 42279
10.882 42292
10.8851 42305
10.8883 42318
10.8914 42331
10.8946 42344
10.8978 42357
10.9009 42370
10.9041 42383
10.9072 42396
10.9104 42409
10.9135 42423
10.9167 42437
10.9198 42451
10.923 42465
10.9261 42479
10.9293 42493
10.9324 42507
10.9356 42521
10.9387 42535
10.9419 42549
10.945 42563
10.9482 42577
10.9513 42591
10.9545 42605
10.9576 42619
10.9608 42633
10.9639 42647
10.9671 42661
10.9702 42675
10.9734 42689
10.9766 42703
10.9797 42717
10.9829 42731
10.986 42745
10.9892 42759
10.9923 42773
10.9955 42787
10.9986 42801
11.0018 42815
11.0049 42829
11.0081 42843
11.0112 42858
11.0144 42873
11.0175 42888
11.0207 42903
11.0238 42918
11.027 42933
11.0301 42948
11.0333 42963
11.0364 42978
11.0396 42993
11.0427 43008
11.0459 43023
11.049 43038
11.0522 43053
11.0554 43068
11.0585 43083
11.0617 43098
11.0648 43113
11.068 43128
11.0711 43143
11.0743 43158
11.0774 43173
11.0806 43188
11.0837 43203
11.0869 43218
11.09 43233
11.0932 43248
11.0963 43263
11.0995 43278
11.1026 43293
11.1058 43308
11.1089 43324
11.1121 43340
11.1152 43356
11.1184 43372
11.1215 43388
11.1247 43404
11.1278 43420
11.131 43436
11.1342 43452
11.1373 43468
11.1405 43484
11.1436 43500
11.1468 43516
11.1499 43532
11.1531 43548
11.1562 43564
11.1594 43580
11.1625 43596
11.1657 43612
11.1688 43628
11.172 43644
11.1751 43660
11.1783 43676
11.1814 43692
11.1846 43708
11.1877 43724
11.1909 43740
11.194 43756
11.1972 43772
11.2003 43788
11.2035 43804
11.2066 43821
11.2098 43838
11.213 43855
11.2161 43872
11.2193 43889
11.2224 43906
11.2256 43923
11.2287 43940
11.2319 43957
11.235 43974
11.2382 43991
11.2413 44008
11.2445 44025
11.2476 44042
11.2508 44059
11.2539 44076
11.2571 44093
11.2602 44110
11.2634 44127
11.2665 44144
11.2697 44161
11.2728 44178
11.276 44195
11.2791 44212
11.2823 44229
11.2854 44246
11.2886 44263
11.2918 44280
11.2949 44297
11.2981 44314
11.3012 44331
11.3044 44349
11.3075 44367
11.3107 44385
11.3138 44403
11.317 44421
11.3201 44439
11.3233 44457
11.3264 44475
11.3296 44493
11.3327 44511
11.3359 44529
11.339 44547
11.3422 44565
11.3453 44583
11.3485 44601
11.3516 44619
11.3548 44637
11.3579 44655
11.3611 44673
11.3642 44691
11.3674 44709
11.3706 44727
11.3737 44745
11.3769 44763
11.38 44781
11.3832 44799
11.3863 44817
11.3895 44835
11.3926 44853
11.3958 44871
11.3989 44890
11.4021 44909
11.4052 44928
11.4084 44947
11.4115 44966
11.4147 44985
11.4178 45004
11.421 45023
11.4241 45042
11.4273 45061
11.4304 45080
11.4336 45099
11.4367 45118
11.4399 45137
11.443 45156
11.4462 45175
11.4494 45194
11.4525 45213
11.4557 45232
11.4588 45251
11.462 45270
11.4651 45289
11.4683 45308
11.4714 45327
11.4746 45346
11.4777 45365
11.4809 45384
11.484 45403
11.4872 45422
11.4903 45441
11.4935 45461
11.4966 45481
11.4998 45501
11.5029 45521
11.5061 45541
11.5092 45561
11.5124 45581
11.5155 45601
11.5187 45621
11.5218 45641
11.525 45661
11.5282 45681
11.5313 45701
11.5345 45721
11.5376 45741
11.5408 45761
11.5439 45781
11.5471 45801
11.5502 45821
11.5534 45841
11.5565 45861
11.5597 45881
11.5628 45901
11.566 45921
11.5691 45941
11.5723 45961
11.5754 45981
11.5786 46001
11.5817 46021
11.5849 46041
11.588 46061
11.5912 46082
11.5943 46103
11.5975 46124
11.6006 46145
11.6038 46166
11.607 46187
11.6101 46208
11.6133 46229
11.6164 46250
11.6196 46271
11.6227 46292
11.6259 46313
11.629 46334
11.6322 46355
11.6353 46376
11.6385 46397
11.6416 46418
11.6448 46439
11.6479 46460
11.6511 46481
11.6542 46502
11.6574 46523
11.6605 46544
11.6637 46565
11.6668 46586
11.67 46607
11.6731 46628
11.6763 46649
11.6794 46670
11.6826 46691
11.6858 46713
11.6889 46735
11.6921 46757
11.6952 46779
11.6984 46801
11.7015 46823
11.7047 46845
11.7078 46867
11.711 46889
11.7141 46911
11.7173 46933
11.7204 46955
11.7236 46977
11.7267 46999
11.7299 47021
11.733 47043
11.7362 47065
11.7393 47087
11.7425 47109
11.7456 47131
11.7488 47153
11.7519 47175
11.7551 47197
11.7582 47219
11.7614 47241
11.7646 47263
11.7677 47285
11.7709 47307
11.774 47329
11.7772 47351
11.7803 47374
11.7835 47397
11.7866 47420
11.7898 47443
11.7929 47466
11.7961 47489
11.7992 47512
11.8024 47535
11.8055 47558
11.8087 47581
11.8118 47604
11.815 47627
11.8181 47650
11.8213 47673
11.8244 47696
11.8276 47719
11.8307 47742
11.8339 47765
11.837 47788
11.8402 47811
11.8434 47834
11.8465 47857
11.8497 47880
11.8528 47903
11.856 47926
11.8591 47949
11.8623 47972
11.8654 47995
11.8686 48018
11.8717 48041
11.8749 48065
11.878 48089
11.8812 48113
11.8843 48137
11.8875 48161
11.8906 48185
11.8938 48209
11.8969 48233
11.9001 48257
11.9032 48281
11.9064 48305
11.9095 48329
11.9127 48353
11.9158 48377
11.919 48401
11.9222 48425
11.9253 48449
11.9285 48473
11.9316 48497
11.9348 48521
11.9379 48545
11.9411 48569
11.9442 48593
11.9474 48617
11.9505 48641
11.9537 48665
11.9568 48689
11.96 48713
11.9631 48737
11.9663 48761
11.9694 48786
11.9726 48811
11.9757 48836
11.9789 48861
11.982 48886
11.9852 48911
11.9883 48936
11.9915 48961
11.9946 48986
11.9978 49011
12.001 49036
12.0041 49061
12.0073 49086
12.0104 49111
12.0136 49136
12.0167 49161
12.0199 49186
12.023 49211
12.0262 49236
12.0293 49261
12.0325 49286
12.0356 49311
12.0388 49336
12.0419 49361
12.0451 49386
12.0482 49411
12.0514 49436
12.0545 49461
12.0577 49486
12.0608 49511
12.064 49537
12.0671 49563
12.0703 49589
12.0734 49615
12.0766 49641
12.0798 49667
12.0829 49693
12.0861 49719
12.0892 49745
12.0924 49771
12.0955 49797
12.0987 49823
12.1018 49849
12.105 49875
12.1081 49901
12.1113 49927
12.1144 49953
12.1176 49979
12.1207 50005
12.1239 50031
12.127 50057
12.1302 50083
12.1333 50109
12.1365 50135
12.1396 50161
12.1428 50187
12.1459 50213
12.1491 50239
12.1522 50265
12.1554 50292
12.1586 50319
12.1617 50346
12.1649 50373
12.168 50400
12.1712 50427
12.1743 50454
12.1775 50481
12.1806 50508
12.1838 50535
12.1869 50562
12.1901 50589
12.1932 50616
12.1964 50643
12.1995 50670
12.2027 50697
12.2058 50724
12.209 50751
12.2121 50778
12.2153 50805
12.2184 50832
12.2216 50859
12.2247 50886
12.2279 50913
12.231 50940
12.2342 50967
12.2374 50994
12.2405 51021
12.2437 51048
12.2468 51075
12.25 51103
12.2531 51131
12.2563 51159
12.2594 51187
12.2626 51215
12.2657 51243
12.2689 51271
12.272 51299
12.2752 51327
12.2783 51355
12.2815 51383
12.2846 51411
12.2878 51439
12.2909 51467
12.2941 51495
12.2972 51523
12.3004 51551
12.3035 51579
12.3067 51607
12.3098 51635
12.313 51663
12.3162 51691
12.3193 51719
12.3225 51747
12.3256 51775
12.3288 51803
12.3319 51831
12.3351 51859
12.3382 51887
12.3414 51916
12.3445 51945
12.3477 51974
12.3508 52003
12.354 52032
12.3571 52061
12.3603 52090
12.3634 52119
12.3666 52148
12.3697 52177
12.3729 52206
12.376 52235
12.3792 52264
12.3823 52293
12.3855 52322
12.3886 52351
12.3918 52380
12.395 52409
12.3981 52438
12.4013 52467
12.4044 52496
12.4076 52525
12.4107 52554
12.4139 52583
12.417 52612
12.4202 52641
12.4233 52670
12.4265 52699
12.4296 52728
12.4328 52758
12.4359 52788
12.4391 52818
12.4422 52848
12.4454 52878
12.4485 52908
12.4517 52938
12.4548 52968
12.458 52998
12.4611 53028
12.4643 53058
12.4674 53088
12.4706 53118
12.4738 53148
12.4769 53178
12.4801 53208
12.4832 53238
12.4864 53268
12.4895 53298
12.4927 53328
12.4958 53358
12.499 53388
12.5021 53418
12.5053 53448
12.5084 53478
12.5116 53508
12.5147 53538
12.5179 53568
12.521 53598
12.5242 53629
12.5273 53660
12.5305 53691
12.5336 53722
12.5368 53753
12.5399 53784
12.5431 53815
12.5462 53846
12.5494 53877
12.5526 53908
12.5557 53939
12.5589 53970
12.562 54001
12.5652 54032
12.5683 54063
12.5715 54094
12.5746 54125
12.5778 54156
12.5809 54187
12.5841 54218
12.5872 54249
12.5904 54280
12.5935 54311
12.5967 54342
12.5998 54373
12.603 54404
12.6061 54435
12.6093 54466
12.6124 54497
12.6156 54529
12.6187 54561
12.6219 54593
12.625 54625
12.6282 54657
12.6314 54689
12.6345 54721
12.6377 54753
12.6408 54785
12.644 54817
12.6471 54849
12.6503 54881
12.6534 54913
12.6566 54945
12.6597 54977
12.6629 55009
12.666 55041
12.6692 55073
12.6723 55105
12.6755 55137
12.6786 55169
12.6818 55201
12.6849 55233
12.6881 55265
12.6912 55297
12.6944 55329
12.6975 55361
12.7007 55393
12.7038 55425
12.707 55458
12.7102 55491
12.7133 55524
12.7165 55557
12.7196 55590
12.7228 55623
12.7259 55656
12.7291 55689
12.7322 55722
12.7354 55755
12.7385 55788
12.7417 55821
12.7448 55854
12.748 55887
12.7511 55920
12.7543 55953
12.7574 55986
12.7606 56019
12.7637 56052
12.7669 56085
12.77 56118
12.7732 56151
12.7763 56184
12.7795 56217
12.7826 56250
12.7858 56283
12.789 56316
12.7921 56349
12.7953 56382
12.7984 56416
12.8016 56450
12.8047 56484
12.8079 56518
12.811 56552
12.8142 56586
12.8173 56620
12.8205 56654
12.8236 56688
12.8268 56722
12.8299 56756
12.8331 56790
12.8362 56824
12.8394 56858
12.8425 56892
12.8457 56926
12.8488 56960
12.852 56994
12.8551 57028
12.8583 57062
12.8614 57096
12.8646 57130
12.8678 57164
12.8709 57198
12.8741 57232
12.8772 57266
12.8804 57300
12.8835 57334
12.8867 57368
12.8898 57403
12.893 57438
12.8961 57473
12.8993 57508
12.9024 57543
12.9056 57578
12.9087 57613
12.9119 57648
12.915 57683
12.9182 57718
12.9213 57753
12.9245 57788
12.9276 57823
12.9308 57858
12.9339 57893
12.9371 57928
12.9402 57963
12.9434 57998
12.9466 58033
12.9497 58068
12.9529 58103
12.956 58138
12.9592 58173
12.9623 58208
12.9655 58243
12.9686 58278
12.9718 58313
12.9749 58348
12.9781 58384
12.9812 58420
12.9844 58456
12.9875 58492
12.9907 58528
12.9938 58564
12.997 58600
13.0001 58636
13.0033 58672
13.0064 58708
13.0096 58744
13.0127 58780
13.0159 58816
13.019 58852
13.0222 58888
13.0254 58924
13.0285 58960
13.0317 58996
13.0348 59032
13.038 59068
13.0411 59104
13.0443 59140
13.0474 59176
13.0506 59212
13.0537 59248
13.0569 59284
13.06 59320
13.0632 59356
13.0663 59392
13.0695 59429
13.0726 59466
13.0758 59503
13.0789 59540
13.0821 59577
13.0852 59614
13.0884 59651
13.0915 59688
13.0947 59725
13.0978 59762
13.101 59799
13.1042 59836
13.1073 59873
13.1105 59910
13.1136 59947
13.1168 59984
13.1199 60021
13.1231 60058
13.1262 60095
13.1294 60132
13.1325 60169
13.1357 60206
13.1388 60243
13.142 60280
13.1451 60317
13.1483 60354
13.1514 60391
13.1546 60428
13.1577 60466
13.1609 60504
13.164 60542
13.1672 60580
13.1703 60618
13.1735 60656
13.1766 60694
13.1798 60732
13.183 60770
13.1861 60808
13.1893 60846
13.1924 60884
13.1956 60922
13.1987 60960
13.2019 60998
13.205 61036
13.2082 61074
13.2113 61112
13.2145 61150
13.2176 61188
13.2208 61226
13.2239 61264
13.2271 61302
13.2302 61340
13.2334 61378
13.2365 61416
13.2397 61454
13.2428 61492
13.246 61531
13.2491 61570
13.2523 61609
13.2554 61648
13.2586 61687
13.2618 61726
13.2649 61765
13.2681 61804
13.2712 61843
13.2744 61882
13.2775 61921
13.2807 61960
13.2838 61999
13.287 62038
13.2901 62077
13.2933 62116
13.2964 62155
13.2996 62194
13.3027 62233
13.3059 62272
13.309 62311
13.3122 62350
13.3153 62389
13.3185 62428
13.3216 62467
13.3248 62506
13.3279 62545
13.3311 62584
13.3342 62624
13.3374 62664
13.3406 62704
13.3437 62744
13.3469 62784
13.35 62824
13.3532 62864
13.3563 62904
13.3595 62944
13.3626 62984
13.3658 63024
13.3689 63064
13.3721 63104
13.3752 63144
13.3784 63184
13.3815 63224
13.3847 63264
13.3878 63304
13.391 63344
13.3941 63384
13.3973 63424
13.4004 63464
13.4036 63504
13.4067 63544
13.4099 63584
13.413 63624
13.4162 63664
13.4194 63704
13.4225 63745
13.4257 63786
13.4288 63827
13.432 63868
13.4351 63909
13.4383 63950
13.4414 63991
13.4446 64032
13.4477 64073
13.4509 64114
13.454 64155
13.4572 64196
13.4603 64237
13.4635 64278
13.4666 64319
13.4698 64360
13.4729 64401
13.4761 64442
13.4792 64483
13.4824 64524
13.4855 64565
13.4887 64606
13.4918 64647
13.495 64688
13.4982 64729
13.5013 64770
13.5045 64811
13.5076 64852
13.5108 64894
13.5139 64936
13.5171 64978
13.5202 65020
13.5234 65062
13.5265 65104
13.5297 65146
13.5328 65188
13.536 65230
13.5391 65272
13.5423 65314
13.5454 65356
13.5486 65398
13.5517 65440
13.5549 65482
13.558 65524
13.5612 65566
13.5643 65608
13.5675 65650
13.5706 65692
13.5738 65734
13.577 65776
13.5801 65818
13.5833 65860
13.5864 65902
13.5896 65944
13.5927 65986
13.5959 66029
13.599 66072
13.6022 66115
13.6053 66158
13.6085 66201
13.6116 66244
13.6148 66287
13.6179 66330
13.6211 66373
13.6242 66416
13.6274 66459
13.6305 66502
13.6337 66545
13.6368 66588
13.64 66631
13.6431 66674
13.6463 66717
13.6494 66760
13.6526 66803
13.6558 66846
13.6589 66889
13.6621 66932
13.6652 66975
13.6684 67018
13.6715 67061
13.6747 67104
13.6778 67147
13.681 67190
13.6841 67234
13.6873 67278
13.6904 67322
13.6936 67366
13.6967 67410
13.6999 67454
13.703 67498
13.7062 67542
13.7093 67586
13.7125 67630
13.7156 67674
13.7188 67718
13.7219 67762
13.7251 67806
13.7282 67850
13.7314 67894
13.7346 67938
13.7377 67982
13.7409 68026
13.744 68070
13.7472 68114
13.7503 68158
13.7535 68202
13.7566 68246
13.7598 68290
13.7629 68334
13.7661 68378
13.7692 68423
13.7724 68468
13.7755 68513
13.7787 68558
13.7818 68603
13.785 68648
13.7881 68693
13.7913 68738
13.7944 68783
13.7976 68828
13.8007 68873
13.8039 68918
13.807 68963
13.8102 69008
13.8134 69053
13.8165 69098
13.8197 69143
13.8228 69188
13.826 69233
13.8291 69278
13.8323 69323
13.8354 69368
13.8386 69413
13.8417 69458
13.8449 69503
13.848 69548
13.8512 69593
13.8543 69638
13.8575 69684
13.8606 69730
13.8638 69776
13.8669 69822
13.8701 69868
13.8732 69914
13.8764 69960
13.8795 70006
13.8827 70052
13.8858 70098
13.889 70144
13.8922 70190
13.8953 70236
13.8985 70282
13.9016 70328
13.9048 70374
13.9079 70420
13.9111 70466
13.9142 70512
13.9174 70558
13.9205 70604
13.9237 70650
13.9268 70696
13.93 70742
13.9331 70788
13.9363 70834
13.9394 70880
13.9426 70927
13.9457 70974
13.9489 71021
13.952 71068
13.9552 71115
13.9583 71162
13.9615 71209
13.9646 71256
13.9678 71303
13.971 71350
13.9741 71397
13.9773 71444
13.9804 71491
13.9836 71538
13.9867 71585
13.9899 71632
13.993 71679
13.9962 71726
13.9993 71773
14.0025 71820
14.0056 71867
14.0088 71914
14.0119 71961
14.0151 72008
14.0182 72055
14.0214 72102
14.0245 72149
14.0277 72197
14.0308 72245
14.034 72293
14.0371 72341
14.0403 72389
14.0434 72437
14.0466 72485
14.0498 72533
14.0529 72581
14.0561 72629
14.0592 72677
14.0624 72725
14.0655 72773
14.0687 72821
14.0718 72869
14.075 72917
14.0781 72965
14.0813 73013
14.0844 73061
14.0876 73109
14.0907 73157
14.0939 73205
14.097 73253
14.1002 73301
14.1033 73349
14.1065 73397
14.1096 73445
14.1128 73494
14.1159 73543
14.1191 73592
14.1222 73641
14.1254 73690
14.1286 73739
14.1317 73788
14.1349 73837
14.138 73886
14.1412 73935
14.1443 73984
14.1475 74033
14.1506 74082
14.1538 74131
14.1569 74180
14.1601 74229
14.1632 74278
14.1664 74327
14.1695 74376
14.1727 74425
14.1758 74474
14.179 74523
14.1821 74572
14.1853 74621
14.1884 74670
14.1916 74719
14.1947 74768
14.1979 74818
14.201 74868
14.2042 74918
14.2074 74968
14.2105 75018
14.2137 75068
14.2168 75118
14.22 75168
14.2231 75218
14.2263 75268
14.2294 75318
14.2326 75368
14.2357 75418
14.2389 75468
14.242 75518
14.2452 75568
14.2483 75618
14.2515 75668
14.2546 75718
14.2578 75768
14.2609 75818
14.2641 75868
14.2672 75918
14.2704 75968
14.2735 76018
14.2767 76068
14.2798 76118
14.283 76169
14.2862 76220
14.2893 76271
14.2925 76322
14.2956 76373
14.2988 76424
14.3019 76475
14.3051 76526
14.3082 76577
14.3114 76628
14.3145 76679
14.3177 76730
14.3208 76781
14.324 76832
14.3271 76883
14.3303 76934
14.3334 76985
14.3366 77036
14.3397 77087
14.3429 77138
14.346 77189
14.3492 77240
14.3523 77291
14.3555 77342
14.3586 77393
14.3618 77444
14.3649 77495
14.3681 77547
14.3713 77599
14.3744 77651
14.3776 77703
14.3807 77755
14.3839 77807
14.387 77859
14.3902 77911
14.3933 77963
14.3965 78015
14.3996 78067
14.4028 78119
14.4059 78171
14.4091 78223
14.4122 78275
14.4154 78327
14.4185 78379
14.4217 78431
14.4248 78483
14.4296 78483
14.4296 38760
14.9323 38763
14.9355 38766
14.9386 38769
14.9418 38772
14.9449 38775
14.9496 38778
14.9528 38781
14.9559 38784
14.9591 38787
14.9623 38790
14.9654 38793
14.9686 38796
14.9717 38799
14.9749 38802
14.978 38805
14.9812 38808
14.9843 38811
14.9875 38814
14.9906 38817
14.9938 38820
14.9969 38823
15.0001 38826
15.0032 38829
15.0064 38832
15.0095 38835
15.0127 38838
15.0158 38841
15.019 38844
15.0221 38847
15.0253 38850
15.0284 38853
15.0316 38856
15.0347 38859
15.0379 38862
15.0411 38865
15.0442 38868
15.0474 38871
15.0505 38874
15.0537 38877
15.0568 38880
15.06 38883
15.0631 38886
15.0663 38889
15.0694 38892
15.0726 38895
15.0757 38898
15.0789 38901
15.082 38904
15.0852 38907
15.0883 38910
15.0915 38913
15.0946 38916
15.0978 38919
15.1009 38922
15.1041 38925
15.1072 38928
15.1104 38931
15.1135 38934
15.1167 38937
15.1199 38940
15.123 38943
15.1262 38946
15.1293 38949
15.1325 38952
15.1356 38955
15.1388 38958
15.1419 38961
15.1451 38964
15.1482 38967
15.1514 38970
15.1545 38973
15.1577 38976
15.1608 38979
15.164 38982
15.1671 38985
15.1703 38988
15.1734 38991
15.1766 38994
15.1797 38997
15.1829 39000
15.186 39003
15.1892 39006
15.1923 39009
15.1955 39012
15.1987 39015
15.2018 39018
15.205 39021
15.2081 39024
15.2113 39027
15.2144 39030
15.2176 39033
15.2207 39036
15.2239 39039
15.227 39042
15.2302 39045
15.2333 39048
15.2365 39051
15.2396 39054
15.2428 39057
15.2459 39060
15.2491 39063
15.2522 39066
15.2554 39069
15.2585 39072
15.2617 39075
15.2648 39078
15.268 39081
15.2711 39084
15.2743 39087
15.2775 39090
15.2806 39093
15.2838 39096
15.2869 39099
15.2901 39102
15.2932 39105
15.2964 39108
15.2995 39111
15.3027 39114
15.3058 39117
15.309 39120
15.3121 39123
15.3153 39126
15.3184 39129
15.3216 39132
15.3247 39135
15.3279 39138
15.331 39141
15.3342 39144
15.3373 39147
15.3405 39150
15.3436 39153
15.3468 39156
15.3499 39159
15.3531 39162
15.3563 39165
15.3594 39168
15.3626 39171
15.3657 39174
15.3689 39177
15.372 39180
15.3752 39183
15.3783 39186
15.3815 39189
15.3846 39192
15.3878 39195
15.3909 39198
15.3941 39201
15.3972 39204
15.4004 39207
15.4035 39210
15.4067 39213
15.4098 39216
15.413 39219
15.4161 39222
15.4193 39225
15.4224 39228
15.4256 39231
15.4287 39234
15.4319 39237
15.4351 39241
15.4382 39245
15.4414 39249
15.4445 39253
15.4477 39257
15.4508 39261
15.454 39265
15.4571 39269
15.4603 39273
15.4634 39277
15.4666 39281
15.4697 39285
15.4729 39289
15.476 39293
15.4792 39297
15.4823 39301
15.4855 39305
15.4886 39309
15.4918 39313
15.4949 39317
15.4981 39321
15.5012 39325
15.5044 39329
15.5075 39333
15.5107 39337
15.5139 39341
15.517 39345
15.5202 39349
15.5233 39353
15.5265 39357
15.5296 39361
15.5328 39365
15.5359 39370
15.5391 39375
15.5422 39380
15.5454 39385
15.5485 39390
15.5517 39395
15.5548 39400
15.558 39405
15.5611 39410
15.5643 39415
15.5674 39420
15.5706 39425
15.5737 39430
15.5769 39435
15.58 39440
15.5832 39445
15.5863 39450
15.5895 39455
15.5927 39460
15.5958 39465
15.599 39470
15.6021 39475
15.6053 39480
15.6084 39485
15.6116 39490
15.6147 39495
15.6179 39500
15.621 39505
15.6242 39510
15.6273 39515
15.6305 39520
15.6336 39525
15.6368 39531
15.6399 39537
15.6431 39543
15.6462 39549
15.6494 39555
15.6525 39561
15.6557 39567
15.6588 39573
15.662 39579
15.6651 39585
15.6683 39591
15.6715 39597
15.6746 39603
15.6778 39609
15.6809 39615
15.6841 39621
15.6872 39627
15.6904 39633
15.6935 39639
15.6967 39645
15.6998 39651
15.703 39657
15.7061 39663
15.7093 39669
15.7124 39675
15.7156 39681
15.7187 39687
15.7219 39693
15.725 39699
15.7282 39705
15.7313 39711
15.7345 39717
15.7376 39724
15.7408 39731
15.7439 39738
15.7471 39745
15.7503 39752
15.7534 39759
15.7566 39766
15.7597 39773
15.7629 39780
15.766 39787
15.7692 39794
15.7723 39801
15.7755 39808
15.7786 39815
15.7818 39822
15.7849 39829
15.7881 39836
15.7912 39843
15.7944 39850
15.7975 39857
15.8007 39864
15.8038 39871
15.807 39878
15.8101 39885
15.8133 39892
15.8164 39899
15.8196 39906
15.8227 39913
15.8259 39920
15.8291 39927
15.8322 39934
15.8354 39941
15.8385 39949
15.8417 39957
15.8448 39965
15.848 39973
15.8511 39981
15.8543 39989
15.8574 39997
15.8606 40005
15.8637 40013
15.8669 40021
15.87 40029
15.8732 40037
15.8763 40045
15.8795 40053
15.8826 40061
15.8858 40069
15.8889 40077
15.8921 40085
15.8952 40093
15.8984 40101
15.9015 40109
15.9047 40117
15.9079 40125
15.911 40133
15.9142 40141
15.9173 40149
15.9205 40157
15.9236 40165
15.9268 40173
15.9299 40181
15.9331 40189
15.9362 40198
15.9394 40207
15.9425 40216
15.9457 40225
15.9488 40234
15.952 40243
15.9551 40252
15.9583 40261
15.9614 40270
15.9646 40279
15.9677 40288
15.9709 40297
15.974 40306
15.9772 40315
15.9803 40324
15.9835 40333
15.9867 40342
15.9898 40351
15.993 40360
15.9961 40369
15.9993 40378
16.0024 40387
16.0056 40396
16.0087 40405
16.0119 40414
16.015 40423
16.0182 40432
16.0213 40441
16.0245 40450
16.0276 40459
16.0308 40468
16.0339 40477
16.0371 40487
16.0402 40497
16.0434 40507
16.0465 40517
16.0497 40527
16.0528 40537
16.056 40547
16.0591 40557
16.0623 40567
16.0655 40577
16.0686 40587
16.0718 40597
16.0749 40607
16.0781 40617
16.0812 40627
16.0844 40637
16.0875 40647
16.0907 40657
16.0938 40667
16.097 40677
16.1001 40687
16.1033 40697
16.1064 40707
16.1096 40717
16.1127 40727
16.1159 40737
16.119 40747
16.1222 40757
16.1253 40767
16.1285 40777
16.1316 40787
16.1348 40798
16.1379 40809
16.1411 40820
16.1443 40831
16.1474 40842
16.1506 40853
16.1537 40864
16.1569 40875
16.16 40886
16.1632 40897
16.1663 40908
16.1695 40919
16.1726 40930
16.1758 40941
16.1789 40952
16.1821 40963
16.1852 40974
16.1884 40985
16.1915 40996
16.1947 41007
16.1978 41018
16.201 41029
16.2041 41040
16.2073 41051
16.2104 41062
16.2136 41073
16.2167 41084
16.2199 41095
16.2231 41106
16.2262 41117
16.2294 41128
16.2325 41140
16.2357 41152
16.2388 41164
16.242 41176
16.2451 41188
16.2483 41200
16.2514 41212
16.2546 41224
16.2577 41236
16.2609 41248
16.264 41260
16.2672 41272
16.2703 41284
16.2735 41296
16.2766 41308
16.2798 41320
16.2829 41332
16.2861 41344
16.2892 41356
16.2924 41368
16.2955 41380
16.2987 41392
16.3019 41404
16.305 41416
16.3082 41428
16.3113 41440
16.3145 41452
16.3176 41464
16.3208 41476
16.3239 41488
16.3271 41500
16.3302 41512
16.3334 41525
16.3365 41538
16.3397 41551
16.3428 41564
16.346 41577
16.3491 41590
16.3523 41603
16.3554 41616
16.3586 41629
16.3617 41642
16.3649 41655
16.368 41668
16.3712 41681
16.3743 41694
16.3775 41707
16.3807 41720
16.3838 41733
16.387 41746
16.3901 41759
16.3933 41772
16.3964 41785
16.3996 41798
16.4027 41811
16.4059 41824
16.409 41837
16.4122 41850
16.4153 41863
16.4185 41876
16.4216 41889
16.4248 41902
16.4279 41915
16.4311 41929
16.4342 41943
16.4374 41957
16.4405 41971
16.4437 41985
16.4468 41999
16.45 42013
16.4531 42027
16.4563 42041
16.4595 42055
16.4626 42069
16.4658 42083
16.4689 42097
16.4721 42111
16.4752 42125
16.4784 42139
16.4815 42153
16.4847 42167
16.4878 42181
16.491 42195
16.4941 42209
16.4973 42223
16.5004 42237
16.5036 42251
16.5067 42265
16.5099 42279
16.513 42293
16.5162 42307
16.5193 42321
16.5225 42335
16.5256 42349
16.5288 42364
16.5319 42379
16.5351 42394
16.5383 42409
16.5414 42424
16.5446 42439
16.5477 42454
16.5509 42469
16.554 42484
16.5572 42499
16.5603 42514
16.5635 42529
16.5666 42544
16.5698 42559
16.5729 42574
16.5761 42589
16.5792 42604
16.5824 42619
16.5855 42634
16.5887 42649
16.5918 42664
16.595 42679
16.5981 42694
16.6013 42709
16.6044 42724
16.6076 42739
16.6107 42754
16.6139 42769
16.6171 42784
16.6202 42799
16.6234 42814
16.6265 42830
16.6297 42846
16.6328 42862
16.636 42878
16.6391 42894
16.6423 42910
16.6454 42926
16.6486 42942
16.6517 42958
16.6549 42974
16.658 42990
16.6612 43006
16.6643 43022
16.6675 43038
16.6706 43054
16.6738 43070
16.6769 43086
16.6801 43102
16.6832 43118
16.6864 43134
16.6895 43150
16.6927 43166
16.6959 43182
16.699 43198
16.7022 43214
16.7053 43230
16.7085 43246
16.7116 43262
16.7148 43278
16.7179 43294
16.7211 43311
16.7242 43328
16.7274 43345
16.7305 43362
16.7337 43379
16.7368 43396
16.74 43413
16.7431 43430
16.7463 43447
16.7494 43464
16.7526 43481
16.7557 43498
16.7589 43515
16.762 43532
16.7652 43549
16.7683 43566
16.7715 43583
16.7747 43600
16.7778 43617
16.781 43634
16.7841 43651
16.7873 43668
16.7904 43685
16.7936 43702
16.7967 43719
16.7999 43736
16.803 43753
16.8062 43770
16.8093 43787
16.8125 43804
16.8156 43821
16.8188 43839
16.8219 43857
16.8251 43875
16.8282 43893
16.8314 43911
16.8345 43929
16.8377 43947
16.8408 43965
16.844 43983
16.8471 44001
16.8503 44019
16.8535 44037
16.8566 44055
16.8598 44073
16.8629 44091
16.8661 44109
16.8692 44127
16.8724 44145
16.8755 44163
16.8787 44181
16.8818 44199
16.885 44217
16.8881 44235
16.8913 44253
16.8944 44271
16.8976 44289
16.9007 44307
16.9039 44325
16.907 44343
16.9102 44361
16.9133 44379
16.9165 44398
16.9196 44417
16.9228 44436
16.9259 44455
16.9291 44474
16.9323 44493
16.9354 44512
16.9386 44531
16.9417 44550
16.9449 44569
16.948 44588
16.9512 44607
16.9543 44626
16.9575 44645
16.9606 44664
16.9638 44683
16.9669 44702
16.9701 44721
16.9732 44740
16.9764 44759
16.9795 44778
16.9827 44797
16.9858 44816
16.989 44835
16.9921 44854
16.9953 44873
16.9984 44892
17.0016 44911
17.0047 44930
17.0079 44949
17.0111 44969
17.0142 44989
17.0174 45009
17.0205 45029
17.0237 45049
17.0268 45069
17.03 45089
17.0331 45109
17.0363 45129
17.0394 45149
17.0426 45169
17.0457 45189
17.0489 45209
17.052 45229
17.0552 45249
17.0583 45269
17.0615 45289
17.0646 45309
17.0678 45329
17.0709 45349
17.0741 45369
17.0772 45389
17.0804 45409
17.0835 45429
17.0867 45449
17.0899 45469
17.093 45489
17.0962 45509
17.0993 45529
17.1025 45549
17.1056 45570
17.1088 45591
17.1119 45612
17.1151 45633
17.1182 45654
17.1214 45675
17.1245 45696
17.1277 45717
17.1308 45738
17.134 45759
17.1371 45780
17.1403 45801
17.1434 45822
17.1466 45843
17.1497 45864
17.1529 45885
17.156 45906
17.1592 45927
17.1623 45948
17.1655 45969
17.1687 45990
17.1718 46011
17.175 46032
17.1781 46053
17.1813 46074
17.1844 46095
17.1876 46116
17.1907 46137
17.1939 46158
17.197 46179
17.2002 46200
17.2033 46222
17.2065 46244
17.2096 46266
17.2128 46288
17.2159 46310
17.2191 46332
17.2222 46354
17.2254 46376
17.2285 46398
17.2317 46420
17.2348 46442
17.238 46464
17.2411 46486
17.2443 46508
17.2475 46530
17.2506 46552
17.2538 46574
17.2569 46596
17.2601 46618
17.2632 46640
17.2664 46662
17.2695 46684
17.2727 46706
17.2758 46728
17.279 46750
17.2821 46772
17.2853 46794
17.2884 46816
17.2916 46838
17.2947 46860
17.2979 46883
17.301 46906
17.3042 46929
17.3073 46952
17.3105 46975
17.3136 46998
17.3168 47021
17.3199 47044
17.3231 47067
17.3263 47090
17.3294 47113
17.3326 47136
17.3357 47159
17.3389 47182
17.342 47205
17.3452 47228
17.3483 47251
17.3515 47274
17.3546 47297
17.3578 47320
17.3609 47343
17.3641 47366
17.3672 47389
17.3704 47412
17.3735 47435
17.3767 47458
17.3798 47481
17.383 47504
17.3861 47527
17.3893 47550
17.3924 47574
17.3956 47598
17.3987 47622
17.4019 47646
17.4051 47670
17.4082 47694
17.4114 47718
17.4145 47742
17.4177 47766
17.4208 47790
17.424 47814
17.4271 47838
17.4303 47862
17.4334 47886
17.4366 47910
17.4397 47934
17.4429 47958
17.446 47982
17.4492 48006
17.4523 48030
17.4555 48054
17.4586 48078
17.4618 48102
17.4649 48126
17.4681 48150
17.4712 48174
17.4744 48198
17.4775 48222
17.4807 48246
17.4839 48270
17.487 48295
17.4902 48320
17.4933 48345
17.4965 48370
17.4996 48395
17.5028 48420
17.5059 48445
17.5091 48470
17.5122 48495
17.5154 48520
17.5185 48545
17.5217 48570
17.5248 48595
17.528 48620
17.5311 48645
17.5343 48670
17.5374 48695
17.5406 48720
17.5437 48745
17.5469 48770
17.55 48795
17.5532 48820
17.5563 48845
17.5595 48870
17.5627 48895
17.5658 48920
17.569 48945
17.5721 48970
17.5753 48995
17.5784 49021
17.5816 49047
17.5847 49073
17.5879 49099
17.591 49125
17.5942 49151
17.5973 49177
17.6005 49203
17.6036 49229
17.6068 49255
17.6099 49281
17.6131 49307
17.6162 49333
17.6194 49359
17.6225 49385
17.6257 49411
17.6288 49437
17.632 49463
17.6351 49489
17.6383 49515
17.6415 49541
17.6446 49567
17.6478 49593
17.6509 49619
17.6541 49645
17.6572 49671
17.6604 49697
17.6635 49723
17.6667 49749
17.6698 49775
17.673 49802
17.6761 49829
17.6793 49856
17.6824 49883
17.6856 49910
17.6887 49937
17.6919 49964
17.695 49991
17.6982 50018
17.7013 50045
17.7045 50072
17.7076 50099
17.7108 50126
17.7139 50153
17.7171 50180
17.7203 50207
17.7234 50234
17.7266 50261
17.7297 50288
17.7329 50315
17.736 50342
17.7392 50369
17.7423 50396
17.7455 50423
17.7486 50450
17.7518 50477
17.7549 50504
17.7581 50531
17.7612 50558
17.7644 50585
17.7675 50613
17.7707 50641
17.7738 50669
17.777 50697
17.7801 50725
17.7833 50753
17.7864 50781
17.7896 50809
17.7927 50837
17.7959 50865
17.7991 50893
17.8022 50921
17.8054 50949
17.8085 50977
17.8117 51005
17.8148 51033
17.818 51061
17.8211 51089
17.8243 51117
17.8274 51145
17.8306 51173
17.8337 51201
17.8369 51229
17.84 51257
17.8432 51285
17.8463 51313
17.8495 51341
17.8526 51369
17.8558 51397
17.8589 51426
17.8621 51455
17.8652 51484
17.8684 51513
17.8715 51542
17.8747 51571
17.8779 51600
17.881 51629
17.8842 51658
17.8873 51687
17.8905 51716
17.8936 51745
17.8968 51774
17.8999 51803
17.9031 51832
17.9062 51861
17.9094 51890
17.9125 51919
17.9157 51948
17.9188 51977
17.922 52006
17.9251 52035
17.9283 52064
17.9314 52093
17.9346 52122
17.9377 52151
17.9409 52180
17.944 52209
17.9472 52238
17.9503 52268
17.9535 52298
17.9567 52328
17.9598 52358
17.963 52388
17.9661 52418
17.9693 52448
17.9724 52478
17.9756 52508
17.9787 52538
17.9819 52568
17.985 52598
17.9882 52628
17.9913 52658
17.9945 52688
17.9976 52718
18.0008 52748
18.0039 52778
18.0071 52808
18.0102 52838
18.0134 52868
18.0165 52898
18.0197 52928
18.0228 52958
18.026 52988
18.0291 53018
18.0323 53048
18.0355 53078
18.0386 53108
18.0418 53139
18.0449 53170
18.0481 53201
18.0512 53232
18.0544 53263
18.0575 53294
18.0607 53325
18.0638 53356
18.067 53387
18.0701 53418
18.0733 53449
18.0764 53480
18.0796 53511
18.0827 53542
18.0859 53573
18.089 53604
18.0922 53635
18.0953 53666
18.0985 53697
18.1016 53728
18.1048 53759
18.1079 53790
18.1111 53821
18.1143 53852
18.1174 53883
18.1206 53914
18.1237 53945
18.1269 53976
18.13 54007
18.1332 54039
18.1363 54071
18.1395 54103
18.1426 54135
18.1458 54167
18.1489 54199
18.1521 54231
18.1552 54263
18.1584 54295
18.1615 54327
18.1647 54359
18.1678 54391
18.171 54423
18.1741 54455
18.1773 54487
18.1804 54519
18.1836 54551
18.1867 54583
18.1899 54615
18.1931 54647
18.1962 54679
18.1994 54711
18.2025 54743
18.2057 54775
18.2088 54807
18.212 54839
18.2151 54871
18.2183 54903
18.2214 54935
18.2246 54968
18.2277 55001
18.2309 55034
18.234 55067
18.2372 55100
18.2403 55133
18.2435 55166
18.2466 55199
18.2498 55232
18.2529 55265
18.2561 55298
18.2592 55331
18.2624 55364
18.2655 55397
18.2687 55430
18.2719 55463
18.275 55496
18.2782 55529
18.2813 55562
18.2845 55595
18.2876 55628
18.2908 55661
18.2939 55694
18.2971 55727
18.3002 55760
18.3034 55793
18.3065 55826
18.3097 55859
18.3128 55892
18.316 55926
18.3191 55960
18.3223 55994
18.3254 56028
18.3286 56062
18.3317 56096
18.3349 56130
18.338 56164
18.3412 56198
18.3443 56232
18.3475 56266
18.3507 56300
18.3538 56334
18.357 56368
18.3601 56402
18.3633 56436
18.3664 56470
18.3696 56504
18.3727 56538
18.3759 56572
18.379 56606
18.3822 56640
18.3853 56674
18.3885 56708
18.3916 56742
18.3948 56776
18.3979 56810
18.4011 56844
18.4042 56878
18.4074 56913
18.4105 56948
18.4137 56983
18.4168 57018
18.42 57053
18.4231 57088
18.4263 57123
18.4295 57158
18.4326 57193
18.4358 57228
18.4389 57263
18.4421 57298
18.4452 57333
18.4484 57368
18.4515 57403
18.4547 57438
18.4578 57473
18.461 57508
18.4641 57543
18.4673 57578
18.4704 57613
18.4736 57648
18.4767 57683
18.4799 57718
18.483 57753
18.4862 57788
18.4893 57823
18.4925 57858
18.4956 57894
18.4988 57930
18.5019 57966
18.5051 58002
18.5083 58038
18.5114 58074
18.5146 58110
18.5177 58146
18.5209 58182
18.524 58218
18.5272 58254
18.5303 58290
18.5335 58326
18.5366 58362
18.5398 58398
18.5429 58434
18.5461 58470
18.5492 58506
18.5524 58542
18.5555 58578
18.5587 58614
18.5618 58650
18.565 58686
18.5681 58722
18.5713 58758
18.5744 58794
18.5776 58830
18.5807 58866
18.5839 58902
18.5871 58939
18.5902 58976
18.5934 59013
18.5965 59050
18.5997 59087
18.6028 59124
18.606 59161
18.6091 59198
18.6123 59235
18.6154 59272
18.6186 59309
18.6217 59346
18.6249 59383
18.628 59420
18.6312 59457
18.6343 59494
18.6375 59531
18.6406 59568
18.6438 59605
18.6469 59642
18.6501 59679
18.6532 59716
18.6564 59753
18.6595 59790
18.6627 59827
18.6659 59864
18.669 59901
18.6722 59938
18.6753 59976
18.6785 60014
18.6816 60052
18.6848 60090
18.6879 60128
18.6911 60166
18.6942 60204
18.6974 60242
18.7005 60280
18.7037 60318
18.7068 60356
18.71 60394
18.7131 60432
18.7163 60470
18.7194 60508
18.7226 60546
18.7257 60584
18.7289 60622
18.732 60660
18.7352 60698
18.7383 60736
18.7415 60774
18.7447 60812
18.7478 60850
18.751 60888
18.7541 60926
18.7573 60964
18.7604 61002
18.7636 61041
18.7667 61080
18.7699 61119
18.773 61158
18.7762 61197
18.7793 61236
18.7825 61275
18.7856 61314
18.7888 61353
18.7919 61392
18.7951 61431
18.7982 61470
18.8014 61509
18.8045 61548
18.8077 61587
18.8108 61626
18.814 61665
18.8171 61704
18.8203 61743
18.8235 61782
18.8266 61821
18.8298 61860
18.8329 61899
18.8361 61938
18.8392 61977
18.8424 62016
18.8455 62055
18.8487 62094
18.8518 62134
18.855 62174
18.8581 62214
18.8613 62254
18.8644 62294
18.8676 62334
18.8707 62374
18.8739 62414
18.877 62454
18.8802 62494
18.8833 62534
18.8865 62574
18.8896 62614
18.8928 62654
18.8959 62694
18.8991 62734
18.9023 62774
18.9054 62814
18.9086 62854
18.9117 62894
18.9149 62934
18.918 62974
18.9212 63014
18.9243 63054
18.9275 63094
18.9306 63134
18.9338 63174
18.9369 63214
18.9401 63255
18.9432 63296
18.9464 63337
18.9495 63378
18.9527 63419
18.9558 63460
18.959 63501
18.9621 63542
18.9653 63583
18.9684 63624
18.9716 63665
18.9747 63706
18.9779 63747
18.9811 63788
18.9842 63829
18.9874 63870
18.9905 63911
18.9937 63952
18.9968 63993
19 64034
19.0031 64075
19.0063 64116
19.0094 64157
19.0126 64198
19.0157 64239
19.0189 64280
19.022 64321
19.0252 64362
19.0283 64404
19.0315 64446
19.0346 64488
19.0378 64530
19.0409 64572
19.0441 64614
19.0472 64656
19.0504 64698
19.0535 64740
19.0567 64782
19.0599 64824
19.063 64866
19.0662 64908
19.0693 64950
19.0725 64992
19.0756 65034
19.0788 65076
19.0819 65118
19.0851 65160
19.0882 65202
19.0914 65244
19.0945 65286
19.0977 65328
19.1008 65370
19.104 65412
19.1071 65454
19.1103 65496
19.1134 65538
19.1166 65581
19.1197 65624
19.1229 65667
19.126 65710
19.1292 65753
19.1323 65796
19.1355 65839
19.1387 65882
19.1418 65925
19.145 65968
19.1481 66011
19.1513 66054
19.1544 66097
19.1576 66140
19.1607 66183
19.1639 66226
19.167 66269
19.1702 66312
19.1733 66355
19.1765 66398
19.1796 66441
19.1828 66484
19.1859 66527
19.1891 66570
19.1922 66613
19.1954 66656
19.1985 66699
19.2017 66743
19.2048 66787
19.208 66831
19.2111 66875
19.2143 66919
19.2175 66963
19.2206 67007
19.2238 67051
19.2269 67095
19.2301 67139
19.2332 67183
19.2364 67227
19.2395 67271
19.2427 67315
19.2458 67359
19.249 67403
19.2521 67447
19.2553 67491
19.2584 67535
19.2616 67579
19.2647 67623
19.2679 67667
19.271 67711
19.2742 67755
19.2773 67799
19.2805 67843
19.2836 67887
19.2868 67931
19.2899 67976
19.2931 68021
19.2963 68066
19.2994 68111
19.3026 68156
19.3057 68201
19.3089 68246
19.312 68291
19.3152 68336
19.3183 68381
19.3215 68426
19.3246 68471
19.3278 68516
19.3309 68561
19.3341 68606
19.3372 68651
19.3404 68696
19.3435 68741
19.3467 68786
19.3498 68831
19.353 68876
19.3561 68921
19.3593 68966
19.3624 69011
19.3656 69056
19.3687 69101
19.3719 69146
19.3751 69192
19.3782 69238
19.3814 69284
19.3845 69330
19.3877 69376
19.3908 69422
19.394 69468
19.3971 69514
19.4003 69560
19.4034 69606
19.4066 69652
19.4097 69698
19.4129 69744
19.416 69790
19.4192 69836
19.4223 69882
19.4255 69928
19.4286 69974
19.4318 70020
19.4349 70066
19.4381 70112
19.4412 70158
19.4444 70204
19.4475 70250
19.4507 70296
19.4539 70342
19.457 70388
19.4602 70435
19.4633 70482
19.4665 70529
19.4696 70576
19.4728 70623
19.4759 70670
19.4791 70717
19.4822 70764
19.4854 70811
19.4885 70858
19.4917 70905
19.4948 70952
19.498 70999
19.5011 71046
19.5043 71093
19.5074 71140
19.5106 71187
19.5137 71234
19.5169 71281
19.52 71328
19.5232 71375
19.5263 71422
19.5295 71469
19.5327 71516
19.5358 71563
19.539 71610
19.5421 71657
19.5453 71705
19.5484 71753
19.5516 71801
19.5547 71849
19.5579 71897
19.561 71945
19.5642 71993
19.5673 72041
19.5705 72089
19.5736 72137
19.5768 72185
19.5799 72233
19.5831 72281
19.5862 72329
19.5894 72377
19.5925 72425
19.5957 72473
19.5988 72521
19.602 72569
19.6051 72617
19.6083 72665
19.6115 72713
19.6146 72761
19.6178 72809
19.6209 72857
19.6241 72905
19.6272 72953
19.6304 73002
19.6335 73051
19.6367 73100
19.6398 73149
19.643 73198
19.6461 73247
19.6493 73296
19.6524 73345
19.6556 73394
19.6587 73443
19.6619 73492
19.665 73541
19.6682 73590
19.6713 73639
19.6745 73688
19.6776 73737
19.6808 73786
19.6839 73835
19.6871 73884
19.6903 73933
19.6934 73982
19.6966 74031
19.6997 74080
19.7029 74129
19.706 74178
19.7092 74227
19.7123 74276
19.7155 74326
19.7186 74376
19.7218 74426
19.7249 74476
19.7281 74526
19.7312 74576
19.7344 74626
19.7375 74676
19.7407 74726
19.7438 74776
19.747 74826
19.7501 74876
19.7533 74926
19.7564 74976
19.7596 75026
19.7627 75076
19.7659 75126
19.7691 75176
19.7722 75226
19.7754 75276
19.7785 75326
19.7817 75376
19.7848 75426
19.788 75476
19.7911 75526
19.7943 75576
19.7974 75626
19.8006 75677
19.8037 75728
19.8069 75779
19.81 75830
19.8132 75881
19.8163 75932
19.8195 75983
19.8226 76034
19.8258 76085
19.8289 76136
19.8321 76187
19.8352 76238
19.8384 76289
19.8415 76340
19.8447 76391
19.8479 76442
19.851 76493
19.8542 76544
19.8573 76595
19.8605 76646
19.8636 76697
19.8668 76748
19.8699 76799
19.8731 76850
19.8762 76901
19.8794 76952
19.8825 77003
19.8857 77055
19.8888 77107
19.892 77159
19.8951 77211
19.8983 77263
19.9014 77315
19.9046 77367
19.9077 77419
19.9109 77471
19.914 77523
19.9172 77575
19.9203 77627
19.9235 77679
19.9267 77731
19.9298 77783
19.933 77835
19.9361 77887
19.9393 77939
19.9424 77991
19.9456 78043
19.9487 78095
19.9519 78147
19.955 78199
19.9582 78251
19.9613 78303
19.9645 78355
19.9676 78408
19.9708 78461
19.9739 78514
19.9787 78514
19.9787 41330
