0.0905768 1
0.18279 341
0.276537 1021
0.370283 1701
0.462454 2381
0.465606 3061
0.5562 3741
0.559352 4421
0.562504 5101
0.649946 5781
0.653098 6461
0.65625 7141
0.659402 7821
0.742117 8501
0.745269 9181
0.748421 9861
0.751573 10541
0.754725 11221
0.757877 11901
0.834287 12581
0.837439 13261
0.840591 13941
0.843743 14621
0.846895 15301
0.850047 15981
0.853199 16661
0.856351 17341
0.859503 18021
0.926458 18701
0.92961 19381
0.932762 20061
0.935914 20741
0.939066 21421
0.942218 22101
0.94537 22781
0.948522 23461
0.951674 24141
0.954826 24821
0.957978 25501
0.96113 26181
0.964282 26861
0.967434 27541
1.0202 28221
1.02336 28901
1.02651 29581
1.02966 30261
1.03281 30941
1.03596 31621
1.03912 32301
1.04227 32981
1.04542 33661
1.04857 34341
1.05172 35021
1.05488 35701
1.05803 36381
1.06118 37061
1.06433 37741
1.06748 38421
1.07064 39101
1.07379 39781
1.07694 40461
1.08009 41141
1.08324 41821
1.11395 42501
1.1171 43181
1.12025 43861
1.12341 44541
1.12656 45221
1.12971 45901
1.13286 46581
1.13601 47261
1.13917 47941
1.14232 48621
1.14547 49301
1.14862 49981
1.15177 50661
1.15493 51341
1.15808 52021
1.16123 52701
1.16438 53381
1.16753 54061
1.17069 54741
1.17384 55421
1.17699 56101
1.18014 56781
1.18329 57461
1.18645 58141
1.1896 58821
1.19275 59501
1.1959 60181
1.19905 60861
1.20221 61541
1.20536 62221
1.20851 62901
1.21166 63581
1.21481 64261
1.21797 64941
1.22112 65621
1.22427 66301
1.22742 66981
1.23057 67661
1.23373 68341
1.23688 69021
1.24003 69701
1.24318 70381
1.24633 71061
1.24949 71741
1.25264 72421
1.25579 73101
1.25894 73781
1.26209 74461
1.26525 75141
1.2684 75821
1.27155 76501
1.2747 77181
1.27785 77861
1.28101 78541
1.28416 79221
1.28731 79901
1.29046 80581
1.29361 81261
1.29677 81941
1.29992 82621
1.30307 83301
1.30622 83981
1.30937 84661
1.31253 85341
1.31568 86021
1.31883 86701
1.32198 87381
1.32513 88061
1.32829 88741
1.33144 89421
1.33459 90101
1.33774 90781
1.34089 91461
1.34405 92141
1.3472 92821
1.35035 93501
1.3535 94181
1.35665 94861
1.35981 95541
1.36296 96221
1.36611 96901
1.36926 97581
1.37241 98261
1.37557 98941
1.37872 99621
1.38187 100301
1.38502 100981
1.38817 101661
1.39133 102341
1.39448 103021
1.39763 103701
1.40078 104381
1.40393 105061
1.40709 105741
1.41024 106421
1.41339 107101
1.41654 107781
1.41969 108461
1.42285 109141
1.426 109821
1.42915 110501
1.4323 111181
1.43545 111861
1.43861 112541
1.44176 113221
1.44491 113901
1.44806 114581
1.45121 115261
1.45437 115941
1.45752 116621
1.46067 117301
1.46382 117981
1.46697 118661
1.47013 119341
1.47328 120021
1.47643 120701
1.47958 121381
1.48273 122061
1.48589 122741
1.48904 123421
1.49219 124101
1.49534 124781
1.49849 125461
1.50165 126141
1.5048 126821
1.50795 127501
1.5111 128181
1.51425 128861
1.51741 129541
1.52056 130221
1.52371 130901
1.52686 131581
1.53001 132261
1.53317 132941
1.53632 133621
1.53947 134301
1.54262 134981
1.54577 135661
1.54893 136341
1.55208 137021
1.55523 137701
1.55838 138381
1.56153 139061
1.56469 139741
1.56784 140421
1.57099 141101
1.57414 141781
1.57729 142461
1.58045 143141
1.5836 143821
1.58675 144501
1.5899 145181
1.59305 145861
1.59621 146541
1.59936 147221
1.60251 147901
1.60566 148581
1.60881 149261
1.61197 149941
1.61512 150621
1.61827 151301
1.62142 151981
1.62457 152661
1.62773 153341
1.63088 154021
1.63403 154701
1.63718 155381
1.64033 156061
1.64349 156741
1.64664 157421
1.64979 158101
1.65294 158781
1.65609 159461
1.65925 160141
1.6624 160821
1.66555 161501
1.6687 162181
1.67185 162861
1.67501 163541
1.67816 164221
1.68131 164901
1.68446 165581
1.68761 166261
1.69077 166941
1.69392 167621
1.69707 168301
1.70022 168981
1.70337 169661
1.70653 170341
1.70968 171021
1.71283 171701
1.71598 172381
1.71913 173061
1.72229 173741
1.72544 174421
1.72859 175101
1.73174 175781
1.73489 176461
1.73805 177141
1.7412 177821
1.74435 178501
1.7475 179181
1.75065 179861
1.75381 180541
1.75696 181221
1.76011 181901
1.76326 182581
1.76641 183261
1.76957 183941
1.77272 184621
1.77587 185301
1.77902 185981
1.78217 186661
1.78533 187341
1.78848 188021
1.79163 188701
1.79478 189381
1.79793 190061
1.80109 190741
1.80424 191421
1.80739 192101
1.81054 192781
1.81369 193461
1.81685 194141
1.82 194821
1.82315 195501
1.8263 196181
1.82945 196861
1.83261 197541
1.83576 198221
1.83891 198901
1.84206 199581
1.84521 200261
1.84837 200941
1.85152 201621
1.85467 202301
1.85782 202981
1.86097 203661
1.86413 204341
1.86728 205021
1.87043 205701
1.87358 206381
1.87673 207061
1.87989 207741
1.88304 208421
1.88619 209101
1.88934 209781
1.89249 210461
1.89565 211141
1.8988 211821
1.90195 212501
1.9051 213181
1.90825 213861
1.91141 214541
1.91456 215221
1.91771 215901
1.92086 216581
1.92401 217261
1.92717 217941
2.26927 218961
2.27085 219981
2.27242 221001
2.274 222021
2.27558 223041
2.27715 224061
2.27873 225081
2.2803 226101
2.28188 227121
2.28346 228141
2.28503 229161
2.28661 230181
2.28818 231201
2.28976 232221
2.29134 233241
2.29291 234261
2.29449 235281
2.29606 236301
2.29764 237321
2.29922 238341
2.30079 239361
2.30237 240381
2.30394 241401
2.30552 242421
2.3071 243441
2.30867 244461
2.31025 245481
2.31182 246501
2.3134 247521
2.31498 248541
2.31655 249561
2.31813 250581
2.3197 251601
2.32128 252621
2.32286 253641
2.32443 254661
2.32601 255681
2.32758 256701
2.32916 257721
2.33074 258741
2.33231 259761
2.33389 260781
2.33546 261801
2.33704 262821
2.33862 263841
2.34019 264861
2.34177 265881
2.34334 266901
2.34492 267921
2.3465 268941
2.34807 269961
2.34965 270981
2.35122 272001
2.3528 273021
2.35438 274041
2.35595 275061
2.35753 276081
2.3591 277101
2.36068 278121
2.36226 279141
2.36383 280161
2.36541 281181
2.36698 282201
2.36856 283221
2.37014 284241
2.37171 285261
2.37329 286281
2.37486 287301
2.37644 288321
2.37802 289341
2.37959 290361
2.38117 291381
2.38274 292401
2.38432 293421
2.3859 294441
2.38747 295461
2.38905 296481
2.39062 297501
2.3922 298521
2.39535 299541
2.40008 300561
2.40481 301581
2.40954 302601
2.41426 303621
2.41899 304641
2.42372 305661
2.42845 306681
2.43318 307701
2.4379 308721
2.44263 309741
2.44736 310761
2.45209 311781
2.45682 312801
2.46154 313821
2.46627 314841
2.471 315861
2.47573 316881
2.48046 317901
2.48518 318921
2.48991 319941
2.49464 320961
2.49937 321981
2.5041 323001
2.50882 324021
2.51355 325041
2.51824 326061
2.52293 327081
2.73093 364481
2.94853 364821
2.9501 365161
2.95168 365501
2.95326 365841
2.95483 366181
2.95641 366521
2.95798 366861
2.95956 367201
2.96114 367541
2.96271 367881
2.96429 368221
2.96586 368561
2.96744 368901
2.96902 369241
2.97059 369581
2.97217 369921
2.97374 370261
2.97532 370601
2.9769 370941
2.97847 371281
2.98005 371621
2.98162 371961
2.9832 372301
2.98478 372641
2.98635 372981
2.98793 373321
2.9895 373661
2.99108 374001
2.99266 374341
2.99423 374681
2.99581 375701
2.99738 376721
2.99896 377741
3.00054 378761
3.00211 379781
3.00369 380801
3.00526 381821
3.00684 382841
3.00842 383861
3.00999 384881
3.01157 385901
3.01314 386921
3.01472 387941
3.0163 388961
3.01787 389981
3.01945 391001
3.02102 392021
3.0226 393041
3.02418 394061
3.02575 395081
3.02733 396101
3.0289 397121
3.03048 398141
3.03206 399161
3.03363 400181
3.03517 401201
3.03671 402221
3.03825 421261
3.0414 421941
3.04455 422621
3.0477 423301
3.05085 423981
3.05401 424661
3.05716 425341
3.06031 426021
3.06346 426701
3.06661 427381
3.06977 428061
3.07292 428741
3.07607 429421
3.07922 430101
3.08395 430441
3.0871 430781
3.09025 431121
3.09341 431461
3.09656 431801
3.09971 432141
3.10286 432481
3.10601 432821
3.10917 433161
3.11232 433501
3.11547 433841
3.11862 434181
3.12177 434521
3.12493 434861
3.12808 435201
3.13123 435541
3.13438 435881
3.13753 436221
3.14069 436561
3.14384 436901
3.14699 437241
3.15014 437581
3.15329 437921
3.15645 438261
3.1596 438601
3.16275 438941
3.1659 439281
3.16905 439621
3.17221 439961
3.17536 440301
3.17851 440641
3.18166 440981
3.18481 441321
3.18797 441661
3.19112 442001
3.19427 442341
3.19742 442681
3.20057 443021
3.20373 443361
3.20688 443701
3.21003 444041
3.21318 444381
3.21633 444721
3.21949 445061
3.22264 445401
3.22579 445741
3.22894 446081
3.23209 446421
3.23525 446761
3.2384 447101
3.24155 447441
3.2447 447781
3.24785 448121
3.25101 448461
3.25416 448801
3.25731 449141
3.26046 449821
3.26361 450501
3.26677 451181
3.26992 451861
3.27307 452541
3.27622 453221
3.27937 453901
3.28252 454581
3.28568 455261
3.28883 455941
3.29198 456621
3.29513 457301
3.29828 457981
3.30144 458661
3.30459 459341
3.30774 460021
3.31089 460701
3.31404 461381
3.3172 462061
3.32035 462741
3.3235 463421
3.32665 464101
3.3298 464781
3.33296 465461
3.33611 466141
3.33926 466821
3.34241 467501
3.34556 468181
3.34872 468861
3.35187 469541
3.35502 470221
3.35817 470901
3.36132 471581
3.36448 472261
3.36763 472941
3.37078 473621
3.37393 474301
3.37708 474981
3.38024 475661
3.38339 476341
3.38654 477021
3.38969 477701
3.39284 478381
3.396 479061
3.39915 479741
3.4023 480421
3.40545 481101
3.4086 481781
3.41176 482461
3.41491 483141
3.41806 483821
3.42121 484501
3.42436 485181
3.42752 485861
3.43067 486541
3.43382 487221
3.43697 487901
3.44012 488581
3.44328 489261
3.44643 489941
3.44958 490621
3.45273 491301
3.45588 491981
3.45904 492661
3.46219 493341
3.46534 494021
3.46849 494701
3.47164 495381
3.4748 496061
3.47795 496741
3.4811 497421
3.48425 498101
3.4874 498781
3.49056 499461
3.49371 500141
3.49686 500821
3.50001 501501
3.50316 502181
3.50632 502861
3.50947 503541
3.51262 504221
3.51577 504901
3.51892 505581
3.52208 506261
3.52523 506941
3.52838 507621
3.53153 508301
3.53468 508981
3.53784 509661
3.54099 510341
3.54414 511021
3.54729 511701
3.55044 512381
3.5536 513061
3.55675 513741
3.5599 514421
3.56305 515101
3.5662 515781
3.56936 516461
3.57251 517141
3.57566 517821
3.57881 518501
3.58196 519181
3.58512 519861
3.58827 520541
3.59142 521221
3.59457 521901
3.59772 522581
3.60088 523261
3.60403 523941
3.60718 524621
3.61033 525301
3.61348 525981
3.61664 526661
3.61979 527341
3.62294 528021
3.62609 528701
3.62924 529381
3.6324 530061
3.63555 530741
3.6387 531421
3.64185 532101
3.645 532781
3.64816 533461
3.65131 534141
3.65446 534821
3.65761 535501
3.66076 536181
3.66392 536861
3.66707 537541
3.67022 538221
3.67337 538901
3.67652 539581
3.67968 540261
3.68283 540941
3.68598 541621
3.68913 542301
3.69228 542981
3.69544 543661
3.69859 544341
3.70174 545021
3.70489 545701
3.70804 546381
3.7112 547061
3.71435 547741
3.7175 548421
3.72065 549101
3.7238 549781
3.72696 550461
3.73011 551141
3.73326 551821
3.73641 552501
3.73956 553181
3.74272 553861
3.74587 554541
3.74902 555221
3.75217 555901
3.75532 556581
3.75848 557261
3.76163 557941
3.76478 558621
3.76793 559301
3.77108 559981
3.77424 560661
3.77739 561341
3.78054 562021
3.78369 562701
3.78684 563381
3.79 564061
3.79315 564741
3.7963 565421
3.79945 566101
3.8026 566781
3.80576 567461
3.80891 568141
3.81206 568821
3.81521 569501
3.81836 570181
3.82152 570861
3.82467 571541
3.82782 572221
3.83097 572901
3.83412 573581
3.83728 574261
3.84043 574941
3.84358 575621
3.84673 576301
3.84988 576981
3.85304 577661
3.85619 578341
3.85934 579021
3.86249 579701
3.86564 580381
3.8688 581061
3.87195 581741
3.8751 582421
3.87825 583101
3.8814 583781
3.88456 584461
3.88771 585141
3.89086 585821
3.89401 586501
3.89716 587181
3.90032 587861
3.90347 588541
3.90662 589221
3.90977 589901
3.91292 590581
3.91608 591261
3.91923 591941
3.92238 592621
3.92553 593301
3.92868 593981
3.93184 594661
3.93499 595341
3.93814 596021
3.94129 596701
3.94444 597381
3.9476 598061
3.95075 598741
3.9539 599421
3.95705 600101
3.9602 600781
3.96336 601461
3.96651 602141
3.96966 602821
3.97281 603501
3.97596 604181
3.97912 604861
3.98227 605541
3.98542 606221
3.98857 606901
3.99172 607581
3.99488 608261
3.99803 608941
4.00118 609621
4.00433 610301
4.00748 610981
4.01064 611661
4.01379 612341
4.01694 613021
4.02009 613701
4.02324 614381
4.0264 615061
4.02955 615741
4.0327 616421
4.03585 617101
4.039 617781
4.04216 618461
4.04531 619141
4.04846 619821
4.05161 620501
4.05476 621181
4.05792 621861
4.06107 622541
4.06422 623221
4.06737 623901
4.07052 624581
4.07368 625261
4.07683 625941
4.07998 626621
4.08313 627301
4.08628 627981
4.08944 628661
4.09259 629341
4.09574 630021
4.09889 630701
4.10204 631381
4.1052 632061
4.10835 632741
4.1115 633421
4.11465 634101
4.1178 634781
4.12096 635461
4.12411 636141
4.12726 636821
4.13041 637501
4.13356 638181
4.13672 638861
4.13987 639541
4.14302 640221
4.14617 640901
4.14932 641581
4.15248 642261
4.15563 642941
4.15878 643621
4.16193 644301
4.16508 644981
4.16824 645661
4.17139 646341
4.17454 647021
4.17769 647701
4.18084 648381
4.184 649061
4.18715 649741
4.1903 650421
4.19345 651101
4.1966 651781
4.19976 652461
4.20291 653141
4.20606 653821
4.20921 654501
4.21236 655181
4.21552 655861
4.21867 656541
4.22182 657221
4.22497 657901
4.22812 658581
4.23128 659261
4.23443 659941
4.23758 660621
4.24073 661301
4.24388 661981
4.24704 662661
4.25019 663341
4.25334 664021
4.25649 664701
4.25964 665381
4.2628 666061
4.26595 666741
4.2691 667421
4.27225 668101
4.2754 668781
4.27856 669461
4.28171 670141
4.28486 670821
4.28801 671501
4.29116 672181
4.29432 672861
4.29747 673541
4.30062 674221
4.30377 674901
4.30692 675581
4.31008 676261
4.31323 676941
4.31638 677621
4.31953 678301
4.32268 678981
4.32584 679661
4.32899 680341
4.33214 681021
4.33529 681701
4.33844 682381
4.3416 683061
4.34475 683741
4.3479 684421
4.35105 685101
4.3542 685781
4.35736 686461
4.36051 687141
4.36366 687821
4.36681 688501
4.36996 689181
4.37312 689861
4.37627 690541
4.37942 691221
4.38257 691901
4.38572 692581
4.38888 693261
4.39203 693941
4.39518 694621
4.39833 695301
4.40148 695981
4.40464 696661
4.40779 697341
4.41094 698021
4.41409 698701
4.41724 699381
4.4204 700061
4.42355 700741
4.4267 701421
4.42985 702101
4.433 702781
4.43616 703461
4.43931 704141
4.44246 704821
4.44561 705501
4.44876 706181
4.45192 706861
4.45507 707541
4.45822 708221
4.46137 708901
4.46452 709581
4.46768 710261
4.47083 710941
4.47398 711621
4.47713 712301
4.48028 712981
4.48344 713661
4.48659 714341
4.48974 715021
4.49289 715701
4.49604 716381
4.4992 717061
4.50235 717741
4.5055 718421
4.50865 719101
4.5118 719781
4.51496 720461
4.51811 721141
4.52126 721821
4.52441 722501
4.52756 723181
4.53072 723861
4.53387 724541
4.53702 725221
4.54017 725901
4.54332 726581
4.54648 727261
4.54963 727941
4.55278 728621
4.55593 729301
4.55908 729981
4.56224 730661
4.56539 731341
4.56854 732021
4.57169 732701
4.57484 733381
4.578 734061
4.58115 734741
4.5843 735421
4.58745 736101
4.5906 736781
4.59376 737461
4.59691 738141
4.60006 738821
4.60321 739501
4.60636 740181
4.60952 740861
4.61267 741541
4.61582 742221
4.61897 742901
4.62212 743581
4.62528 744261
4.62843 744941
4.63158 745621
4.63473 746301
4.63788 746981
4.64104 747661
4.64419 748341
4.64734 749021
4.65049 749701
4.65364 750381
4.6568 751061
4.65995 751741
4.6631 752421
4.66625 753101
4.6694 753781
4.67256 754461
4.67571 755141
4.67886 755821
4.68201 756501
4.68516 757181
4.68832 757861
4.69147 758541
4.69462 759221
4.69777 759901
4.70092 760581
4.70408 761261
4.70723 761941
4.71038 762621
4.71353 763301
4.71668 763981
4.71984 764661
4.72299 765341
4.72614 766021
4.72929 766701
4.73244 767381
4.7356 768061
4.73875 768741
4.7419 769421
4.74505 770101
4.7482 770781
4.75136 771461
4.75451 772141
4.75766 772821
4.76081 773501
4.76396 774181
4.76712 774861
4.77027 775541
4.77342 776221
4.77657 776901
4.77972 777581
4.78288 778261
4.78603 778941
4.78918 779621
4.79233 780301
4.79548 780981
4.79864 781661
4.80179 782341
4.80494 783021
4.80809 783701
4.81124 784381
4.8144 785061
4.81755 785741
4.8207 786421
4.82385 787101
4.827 787781
4.83016 788461
4.83331 789141
4.83646 789821
4.83961 790501
4.84276 791181
4.84592 791861
4.84907 792541
4.85222 793221
4.85537 793901
4.85852 794581
4.86168 795261
4.86483 795941
4.86798 796621
4.87113 797301
4.87428 797981
4.87744 798661
4.88059 799341
4.88374 800021
4.88689 800701
4.89004 801381
4.8932 802061
4.89635 802741
4.8995 803421
4.90265 804101
4.9058 804781
4.90896 805461
4.91211 806141
4.91526 806821
4.91841 807501
4.92156 808181
4.92472 808861
4.92787 809541
4.93102 810221
4.93417 810901
4.93732 811581
4.94048 812261
4.94363 812941
4.94678 813621
4.94993 814301
4.95308 814981
4.95624 815661
4.95939 816341
4.96254 817021
4.96569 817701
4.96884 818381
4.972 819061
4.97515 819741
4.9783 820421
4.98145 821101
4.9846 821781
4.98776 822461
4.99091 823141
4.99406 823821
4.99721 824501
5.00036 825181
5.00352 825861
5.00667 826541
5.00982 827221
5.01297 827901
5.01612 828581
5.01928 829261
5.02243 829941
5.02558 830621
5.02873 831301
5.03188 831981
5.03504 832661
5.03819 833341
5.04134 834021
5.04449 834701
5.04764 835381
5.0508 836061
5.05395 836741
5.0571 837421
5.06025 838101
5.0634 838781
5.06656 839461
5.06971 840141
5.07286 840821
5.07601 841501
5.07916 842181
5.08232 842861
5.08547 843541
5.08862 844221
5.09177 844901
5.09492 845581
5.09808 846261
5.10123 846941
5.10438 847621
5.10753 848301
5.11068 848981
5.11384 849661
5.11699 850341
5.12014 851021
5.12329 851701
5.12644 852381
5.1296 853061
5.13275 853741
5.1359 854421
5.13905 855101
5.1422 855781
5.14536 856461
5.14851 857141
5.15166 857821
5.15481 858501
5.15796 859181
5.16112 859861
5.16427 860541
5.16742 861221
5.17057 861901
5.17372 862581
5.17688 863261
5.18003 863941
5.18318 864621
5.18633 865301
5.18948 865981
5.19264 866661
5.19579 867341
5.19894 868021
5.20209 868701
5.20524 869381
5.2084 870061
5.21155 870741
5.2147 871421
5.21785 872101
5.221 872781
5.22416 873461
5.22731 874141
5.23046 874821
5.23361 875501
5.23676 876181
5.23992 876861
5.24307 877541
5.24622 878221
5.24937 878901
5.25252 879581
5.25568 880261
5.25883 880941
5.26198 881621
5.26513 882301
5.26828 882981
5.27144 883661
5.27459 884341
5.27774 885021
5.28089 885701
5.28404 886381
5.2872 887061
5.29035 887741
5.2935 888421
5.29665 889101
5.2998 889781
5.30296 890461
5.30611 891141
5.30926 891821
5.31241 892501
5.31556 893181
5.31872 893861
5.32187 894541
5.32502 895221
5.32817 895901
5.33132 896581
5.33448 897261
5.33763 897941
5.34078 898621
5.34393 899301
5.34708 899981
5.35024 900661
5.35339 901341
5.35654 902021
5.35969 902701
5.36284 903381
5.366 904061
5.36915 904741
5.3723 905421
5.37545 906101
5.3786 906781
5.38176 907461
5.38491 908141
5.38806 908821
5.39121 909501
5.39436 910181
5.39752 910861
5.40067 911541
5.40382 912221
5.40697 912901
5.41012 913581
5.41328 914261
5.41643 914941
5.41958 915621
5.42273 916301
5.42588 916981
5.42904 917661
5.43219 918341
5.43534 919021
5.43849 919701
5.44164 920381
5.4448 921061
5.44795 921741
5.4511 922421
5.45425 923101
5.4574 923781
5.46056 924461
5.46371 925141
5.46686 925821
5.47001 926501
5.47316 927181
5.47632 927861
5.47947 928541
5.48262 929221
5.48577 929901
5.48892 930581
5.49208 931261
5.49523 931941
5.49838 932621
5.50153 933301
5.50468 933981
5.50784 934661
5.51099 935341
5.51414 936021
5.51729 936701
5.52044 937381
5.5236 938061
5.52675 938741
5.5299 939421
5.53305 940101
5.5362 940781
5.53936 941461
5.54251 942141
5.54566 942821
5.54881 943501
5.55196 944181
5.55512 944861
5.55827 945541
5.56142 946221
5.56457 946901
5.56772 947581
5.57088 948261
5.57403 948941
5.57718 949621
5.58033 950301
5.58348 950981
5.58664 951661
5.58979 952341
5.59294 953021
5.59609 953701
5.59924 954381
5.6024 955061
5.60555 955741
5.6087 956421
5.61185 957101
5.615 957781
5.61816 958461
5.62131 959141
5.62446 959821
5.62761 960501
5.63076 961181
5.63392 961861
5.63707 962541
5.64022 963221
5.64337 963901
5.64652 964581
5.64968 965261
5.65283 965941
5.65598 966621
5.65913 967301
5.66228 967981
5.66544 968661
5.66859 969341
5.67174 970021
5.67489 970701
5.67804 971381
5.6812 972061
5.68435 972741
5.6875 973421
5.69065 974101
5.6938 974781
5.69696 975461
5.70011 976141
5.70326 976821
5.70641 977501
5.70956 978181
5.71272 978861
5.71587 979541
5.71902 980221
5.72217 980901
5.72532 981581
5.72848 982261
5.73163 982941
5.73478 983621
5.73793 984301
5.74108 984981
5.74424 985661
5.74739 986341
5.75054 987021
5.75369 987701
5.75684 988381
5.76 989061
5.76315 989741
5.7663 990421
5.76945 991101
5.7726 991781
5.77576 992461
5.77891 993141
5.78206 993821
5.78521 994501
5.78836 995181
5.79152 995861
5.79467 996541
5.79782 997221
5.80097 997901
5.80412 998581
5.80728 999261
5.81043 999941
5.81358 1000621
5.81673 1001301
5.81988 1001981
5.82304 1002661
5.82619 1003341
5.82934 1004021
5.83249 1004701
5.83564 1005381
5.8388 1006061
5.84195 1006741
5.8451 1007421
5.84825 1008101
5.8514 1008781
5.85456 1009461
5.85771 1010141
5.86086 1010821
5.86401 1011501
5.86716 1012181
5.87032 1012861
5.87347 1013541
5.87662 1014221
5.87977 1014901
5.88292 1015581
5.88608 1016261
5.88923 1016941
5.89238 1017621
5.89553 1018301
5.89868 1018981
5.90184 1019661
5.90499 1020341
5.90814 1021021
5.91129 1021701
5.91444 1022381
5.9176 1023061
5.92075 1023741
5.9239 1024421
5.92705 1025101
5.9302 1025781
5.93336 1026461
5.93651 1027141
5.93966 1027821
5.94281 1028501
5.94596 1029181
5.94912 1029861
5.95227 1030541
5.95542 1031221
5.95857 1031901
5.96172 1032581
5.96488 1033261
5.96803 1033941
5.97118 1034621
5.97433 1035301
5.97748 1035981
5.98064 1036661
5.98379 1037341
5.98694 1038021
5.99009 1038701
5.99324 1039381
5.9964 1040061
5.99955 1040741
6.0027 1041421
6.00585 1042101
6.009 1042781
6.01216 1043461
6.01531 1044141
6.01846 1044821
6.02161 1045501
6.02476 1046181
6.02792 1046861
6.03107 1047541
6.03422 1048221
6.03737 1048901
6.04052 1049581
6.04368 1050261
6.04683 1050941
6.04998 1051621
6.05313 1052301
6.05628 1052981
6.05944 1053661
6.06259 1054341
6.06574 1055021
6.06889 1055701
6.07204 1056381
6.0752 1057061
6.07835 1057741
6.0815 1058421
6.08465 1059101
6.0878 1059781
6.09096 1060461
6.09411 1061141
6.09726 1061821
6.10041 1062501
6.10356 1063181
6.10672 1063861
6.10987 1064541
6.11302 1065221
6.11617 1065901
6.11932 1066581
6.12248 1067261
6.12563 1067941
6.12878 1068621
6.13193 1069301
6.13508 1069981
6.13824 1070661
6.14139 1071341
6.14454 1072021
6.14769 1072701
6.15084 1073381
6.154 1074061
6.15715 1074741
6.1603 1075421
6.16345 1076101
6.1666 1076781
6.16976 1077461
6.17291 1078141
6.17606 1078821
6.17921 1079501
6.18236 1080181
6.18552 1080861
6.18867 1081541
6.19182 1082221
6.19497 1082901
6.19812 1083581
6.20128 1084261
6.20443 1084941
6.20758 1085621
6.21073 1086301
6.21388 1086981
6.21704 1087661
6.22019 1088341
6.22334 1089021
6.22649 1089701
6.22964 1090381
6.2328 1091061
6.23595 1091741
6.2391 1092421
6.24225 1093101
6.2454 1093781
6.24856 1094461
6.25171 1095141
6.25486 1095821
6.25801 1096501
6.26116 1097181
6.26432 1097861
6.26747 1098541
6.27062 1099221
6.27377 1099901
6.27692 1100581
6.28008 1101261
6.28323 1101941
6.28638 1102621
6.28953 1103301
6.29268 1103981
6.29584 1104661
6.29899 1105341
6.30214 1106021
6.30529 1106701
6.30844 1107381
6.3116 1108061
6.31475 1108741
6.3179 1109421
6.32105 1110101
6.3242 1110781
6.32736 1111461
6.33051 1112141
6.33366 1112821
6.33681 1113501
6.33996 1114181
6.34312 1114861
6.34627 1115541
6.34942 1116221
6.35257 1116901
6.35572 1117581
6.35888 1118261
6.36203 1118941
6.36518 1119621
6.36833 1120301
6.37148 1120981
6.37464 1121661
6.37779 1122341
6.38094 1123021
6.38409 1123701
6.38724 1124381
6.3904 1125061
6.39355 1125741
6.3967 1126421
6.39985 1127101
6.403 1127781
6.40616 1128461
6.40931 1129141
6.41246 1129821
6.41561 1130501
6.41876 1131181
6.42192 1131861
6.42507 1132541
6.42822 1133221
6.43137 1133901
6.43452 1134581
6.43767 1135261
6.44083 1135941
6.44398 1136621
6.44713 1137301
6.45028 1137981
6.45343 1138661
6.45659 1139341
6.45974 1140021
6.46289 1140701
6.46604 1141381
6.46919 1142061
6.47235 1142741
6.4755 1143421
6.47865 1144101
6.4818 1144781
6.48495 1145461
6.48811 1146141
6.49126 1146821
6.49441 1147501
6.49756 1148181
6.50071 1148861
6.50387 1149541
6.50702 1150221
6.51017 1150901
6.51332 1151581
6.51647 1152261
6.51963 1152941
6.52278 1153621
6.52593 1154301
6.52908 1154981
6.53223 1155661
6.53539 1156341
6.53854 1157021
6.54169 1157701
6.54484 1158381
6.54799 1159061
6.55115 1159741
6.5543 1160421
6.55745 1161101
6.5606 1161781
6.56375 1162461
6.56691 1163141
6.57006 1163821
6.57321 1164501
6.57636 1165181
6.57951 1165861
6.58267 1166541
6.58582 1167221
6.58897 1167901
6.59212 1168581
6.59527 1169261
6.59843 1169941
6.60158 1170621
6.60473 1171301
6.60788 1171981
6.61103 1172661
6.61419 1173341
6.61734 1174021
6.62049 1174701
6.62364 1175381
6.62679 1176061
6.62995 1176741
6.6331 1177421
6.63625 1178101
6.6394 1178781
6.64255 1179461
6.64571 1180141
6.64886 1180821
6.65201 1181501
6.65516 1182181
6.65831 1182861
6.66147 1183541
6.66462 1184221
6.66777 1184901
6.67092 1185581
6.67407 1186261
6.67723 1186941
6.68038 1187621
6.68353 1188301
6.68668 1188981
6.68983 1189661
6.69299 1190341
6.69614 1191021
6.69929 1191701
6.70244 1192381
6.70559 1193061
6.70875 1193741
6.7119 1194421
6.71505 1195101
6.7182 1195781
6.72135 1196461
6.72451 1197141
6.72766 1197821
6.73081 1198501
6.73396 1199181
6.73711 1199861
6.74027 1200541
6.74342 1201221
6.74657 1201901
6.74972 1202581
6.75287 1203261
6.75603 1203941
6.75918 1204621
6.76233 1205301
6.76548 1205981
6.76863 1206661
6.77179 1207341
6.77494 1208021
6.77809 1208701
6.78124 1209381
6.78439 1210061
6.78755 1210741
6.7907 1211421
6.79385 1212101
6.797 1212781
6.80015 1213461
6.80331 1214141
6.80646 1214821
6.80961 1215501
6.81276 1216181
6.81591 1216861
6.81907 1217541
6.82222 1218221
6.82537 1218901
6.82852 1219581
6.83167 1220261
6.83483 1220941
6.83798 1221621
6.84113 1222301
6.84428 1222981
6.84743 1223661
6.85059 1224341
6.85374 1225021
6.85689 1225701
6.86004 1226381
6.86319 1227061
6.86635 1227741
6.8695 1228421
6.87265 1229101
6.8758 1229781
6.87895 1230461
6.88211 1231141
6.88526 1231821
6.88841 1232501
6.89156 1233181
6.89471 1233861
6.89787 1234541
6.90102 1235221
6.90417 1235901
6.90732 1236581
6.91047 1237261
6.91363 1237941
6.91678 1238621
6.91993 1239301
6.92308 1239981
6.92623 1240661
6.92939 1241341
6.93254 1242021
6.93569 1242701
6.93884 1243381
6.94199 1244061
6.94515 1244741
6.9483 1245421
6.95145 1246101
6.9546 1246781
6.95775 1247461
6.96091 1248141
6.96406 1248821
6.96721 1249501
6.97036 1250181
6.97351 1250861
6.97667 1251541
6.97982 1252221
6.98297 1252901
6.98612 1253581
6.98927 1254261
6.99243 1254941
6.99558 1255621
6.99873 1256301
7.00188 1256981
7.00503 1257661
7.00819 1258341
7.01134 1259021
7.01449 1259701
7.01764 1260381
7.02079 1261061
7.02395 1261741
7.0271 1262421
7.03025 1263101
7.0334 1263781
7.03655 1264461
7.03971 1265141
7.04286 1265821
7.04601 1266501
7.04916 1267181
7.05231 1267861
7.05547 1268541
7.05862 1269221
7.06177 1269901
7.06492 1270581
7.06807 1271261
7.07123 1271941
7.07438 1272621
7.07753 1273301
7.08068 1273981
7.08383 1274661
7.08699 1275341
7.09014 1276021
7.09329 1276701
7.09644 1277381
7.09959 1278061
7.10275 1278741
7.1059 1279421
7.10905 1280101
7.1122 1280781
7.11535 1281461
7.11851 1282141
7.12166 1282821
7.12481 1283501
7.12796 1284181
7.13111 1284861
7.13427 1285541
7.13742 1286221
7.14057 1286901
7.14372 1287581
7.14687 1288261
7.15003 1288941
7.15318 1289621
7.15633 1290301
7.15948 1290981
7.16263 1291661
7.16579 1292341
7.16894 1293021
7.17209 1293701
7.17524 1294381
7.17839 1295061
7.18155 1295741
7.1847 1296421
7.18785 1297101
7.191 1297781
7.19415 1298461
7.19731 1299141
7.20046 1299821
7.20361 1300501
7.20676 1301181
7.20991 1301861
7.21307 1302541
7.21622 1303221
7.21937 1303901
7.22252 1304581
7.22567 1305261
7.22883 1305941
7.23198 1306621
7.23513 1307301
7.23828 1307981
7.24143 1308661
7.24459 1309341
7.24774 1310021
7.25089 1310701
7.25404 1311381
7.25719 1312061
7.26035 1312741
7.2635 1313421
7.26665 1314101
7.2698 1314781
7.27295 1315461
7.27611 1316141
7.27926 1316821
7.28241 1317501
7.28556 1318181
7.28871 1318861
7.29187 1319541
7.29502 1320221
7.29817 1320901
7.30132 1321581
7.30447 1322261
7.30763 1322941
7.31078 1323621
7.31393 1324301
7.31708 1324981
7.32023 1325661
7.32339 1326341
7.32654 1327021
7.32969 1327701
7.33284 1328381
7.33599 1329061
7.33915 1329741
7.3423 1330421
7.34545 1331101
7.3486 1331781
7.35175 1332461
7.35491 1333141
7.35806 1333821
7.36121 1334501
7.36436 1335181
7.36751 1335861
7.37067 1336541
7.37382 1337221
7.37697 1337901
7.38012 1338581
7.38327 1339261
7.38643 1339941
7.38958 1340621
7.39273 1341301
7.39588 1341981
7.39903 1342661
7.40219 1343341
7.40534 1344021
7.40849 1344701
7.41164 1345381
7.41479 1346061
7.41795 1346741
7.4211 1347421
7.42425 1348101
7.4274 1348781
7.43055 1349461
7.43371 1350141
7.43686 1350821
7.44001 1351501
7.44316 1352181
7.44631 1352861
7.44947 1353541
7.45262 1354221
7.45577 1354901
7.45892 1355581
7.46207 1356261
7.46523 1356941
7.46838 1357621
7.47153 1358301
7.47468 1358981
7.47783 1359661
7.48099 1360341
7.48414 1361021
7.48729 1361701
7.49044 1362381
7.49359 1363061
7.49675 1363741
7.4999 1364421
7.50305 1365101
7.5062 1365781
7.50935 1366461
7.51251 1367141
7.51566 1367821
7.51881 1368501
7.52196 1369181
7.52511 1369861
7.52827 1370541
7.53142 1371221
7.53457 1371901
7.53772 1372581
7.54087 1373261
7.54403 1373941
7.54718 1374621
7.55033 1375301
7.55348 1375981
7.55663 1376661
7.55979 1377341
7.56294 1378021
7.56609 1378701
7.56924 1379381
7.57239 1380061
7.57555 1380741
7.5787 1381421
7.58185 1382101
7.585 1382781
7.58815 1383461
7.59131 1384141
7.59446 1384821
7.59761 1385501
7.60076 1386181
7.60391 1386861
7.60707 1387541
7.61022 1388221
7.61337 1388901
7.61652 1389581
7.61967 1390261
7.62283 1390941
7.62598 1391621
7.62913 1392301
7.63228 1392981
7.63543 1393661
7.63859 1394341
7.64174 1395021
7.64489 1395701
7.64804 1396381
7.65119 1397061
7.65435 1397741
7.6575 1398421
7.66065 1399101
7.6638 1399781
7.66695 1400461
7.67011 1401141
7.67326 1401821
7.67641 1402501
7.67956 1403181
7.68271 1403861
7.68587 1404541
7.68902 1405221
7.69217 1405901
7.69532 1406581
7.69847 1407261
7.70163 1407941
7.70478 1408621
7.70793 1409301
7.71108 1409981
7.71423 1410661
7.71739 1411341
7.72054 1412021
7.72369 1412701
7.72684 1413381
7.72999 1414061
7.73315 1414741
7.7363 1415421
7.73945 1416101
7.7426 1416781
7.74575 1417461
7.74891 1418141
7.75206 1418821
7.75521 1419501
7.75836 1420181
7.76151 1420861
7.76467 1421541
7.76782 1422221
7.77097 1422901
7.77412 1423581
7.77727 1424261
7.78043 1424941
7.78358 1425621
7.78673 1426301
7.78988 1426981
7.79303 1427661
7.79619 1428341
7.79934 1429021
7.80249 1429701
7.80564 1430381
7.80879 1431061
7.81195 1431741
7.8151 1432421
7.81825 1433101
7.8214 1433781
7.82455 1434461
7.82771 1435141
7.83086 1435821
7.83401 1436501
7.83716 1437181
7.84031 1437861
7.84347 1438541
7.84662 1439221
7.84977 1439901
7.85292 1440581
7.85607 1441261
7.85923 1441941
7.86238 1442621
7.86553 1443301
7.86868 1443981
7.87183 1444661
7.87499 1445341
7.87814 1446021
7.88129 1446701
7.88444 1447381
7.88759 1448061
7.89075 1448741
7.8939 1449421
7.89705 1450101
7.9002 1450781
7.90335 1451461
7.90651 1452141
7.90966 1452821
7.91281 1453501
7.91596 1454181
7.91911 1454861
7.92227 1455541
7.92542 1456221
7.92857 1456901
7.93172 1457581
7.93487 1458261
7.93803 1458941
7.94118 1459621
7.94433 1460301
7.94748 1460981
7.95063 1461661
7.95379 1462341
7.95694 1463021
7.96009 1463701
7.96324 1464381
7.96639 1465061
7.96955 1465741
7.9727 1466421
7.97585 1467101
7.979 1467781
7.98215 1468461
7.98531 1469141
7.98846 1469821
7.99161 1470501
7.99476 1471181
7.99791 1471861
8.00107 1472541
8.00422 1473221
8.00737 1473901
8.01052 1474581
8.01367 1475261
8.01683 1475941
8.01998 1476621
8.02313 1477301
8.02628 1477981
8.02943 1478661
8.03259 1479341
8.03574 1480021
8.03889 1480701
8.04204 1481381
8.04519 1482061
8.04835 1482741
8.0515 1483421
8.05465 1484101
8.0578 1484781
8.06095 1485461
8.06411 1486141
8.06726 1486821
8.07041 1487501
8.07356 1488181
8.07671 1488861
8.07987 1489541
8.08302 1490221
8.08617 1490901
8.08932 1491581
8.09247 1492261
8.09563 1492941
8.09878 1493621
8.10193 1494301
8.10508 1494981
8.10823 1495661
8.11139 1496341
8.11454 1497021
8.11769 1497701
8.12084 1498381
8.12399 1499061
8.12715 1499741
8.1303 1500421
8.13345 1501101
8.1366 1501781
8.13975 1502461
8.14291 1503141
8.14606 1503821
8.14921 1504501
8.15236 1505181
8.15551 1505861
8.15867 1506541
8.16182 1507221
8.16497 1507901
8.16812 1508581
8.17127 1509261
8.17443 1509941
8.17758 1510621
8.18073 1511301
8.18388 1511981
8.18703 1512661
8.19019 1513341
8.19334 1514021
8.19649 1514701
8.19964 1515381
8.20279 1516061
8.20595 1516741
8.2091 1517421
8.21225 1518101
8.2154 1518781
8.21855 1519461
8.22171 1520141
8.22486 1520821
8.22801 1521501
8.23116 1522181
8.23431 1522861
8.23747 1523541
8.24062 1524221
8.24377 1524901
8.24692 1525581
8.25007 1526261
8.25323 1526941
8.25638 1527621
8.25953 1528301
8.26268 1528981
8.26583 1529661
8.26899 1530341
8.27214 1531021
8.27529 1531701
8.27844 1532381
8.28159 1533061
8.28475 1533741
8.2879 1534421
8.29105 1535101
8.2942 1535781
8.29735 1536461
8.30051 1537141
8.30366 1537821
8.30681 1538501
8.30996 1539181
8.31311 1539861
8.31627 1540541
8.31942 1541221
8.32257 1541901
8.32572 1542581
8.32887 1543261
8.33203 1543941
8.33518 1544621
8.33833 1545301
8.34148 1545981
8.34463 1546661
8.34779 1547341
8.35094 1548021
8.35409 1548701
8.35724 1549381
8.36039 1550061
8.36355 1550741
8.3667 1551421
8.36985 1552101
8.373 1552781
8.37615 1553461
8.37931 1554141
8.38246 1554821
8.38561 1555501
8.38876 1556181
8.39191 1556861
8.39507 1557541
8.39822 1558221
8.40137 1558901
8.40452 1559581
8.40767 1560261
8.41083 1560941
8.41398 1561621
8.41713 1562301
8.42028 1562981
8.42343 1563661
8.42659 1564341
8.42974 1565021
8.43289 1565701
8.43604 1566381
8.43919 1567061
8.44235 1567741
8.4455 1568421
8.44865 1569101
8.4518 1569781
8.45495 1570461
8.45811 1571141
8.46126 1571821
8.46441 1572501
8.46756 1573181
8.47071 1573861
8.47387 1574541
8.47702 1575221
8.48017 1575901
8.48332 1576581
8.48647 1577261
8.48963 1577941
8.49278 1578621
8.49593 1579301
8.49908 1579981
8.50223 1580661
8.50539 1581341
8.50854 1582021
8.51169 1582701
8.51484 1583381
8.51799 1584061
8.52115 1584741
8.5243 1585421
8.52745 1586101
8.5306 1586781
8.53375 1587461
8.53691 1588141
8.54006 1588821
8.54321 1589501
8.54636 1590181
8.54951 1590861
8.55267 1591541
8.55582 1592221
8.55897 1592901
8.56212 1593581
8.56527 1594261
8.56843 1594941
8.57158 1595621
8.57473 1596301
8.57788 1596981
8.58103 1597661
8.58419 1598341
8.58734 1599021
8.59049 1599701
8.59364 1600381
8.59679 1601061
8.59995 1601741
8.6031 1602421
8.60625 1603101
8.6094 1603781
8.61255 1604461
8.61571 1605141
8.61886 1605821
8.62201 1606501
8.62516 1607181
8.62831 1607861
8.63147 1608541
8.63462 1609221
8.63777 1609901
8.64092 1610581
8.64407 1611261
8.64723 1611941
8.65038 1612621
8.65353 1613301
8.65668 1613981
8.65983 1614661
8.66299 1615341
8.66614 1616021
8.66929 1616701
8.67244 1617381
8.67559 1618061
8.67875 1618741
8.6819 1619421
8.68505 1620101
8.6882 1620781
8.69135 1621461
8.69451 1622141
8.69766 1622821
8.70081 1623501
8.70396 1624181
8.70711 1624861
8.71027 1625541
8.71342 1626221
8.71657 1626901
8.71972 1627581
8.72287 1628261
8.72603 1628941
8.72918 1629621
8.73233 1630301
8.73548 1630981
8.73863 1631661
8.74179 1632341
8.74494 1633021
8.74809 1633701
8.75124 1634381
8.75439 1635061
8.75755 1635741
8.7607 1636421
8.76385 1637101
8.767 1637781
8.77015 1638461
8.77331 1639141
8.77646 1639821
8.77961 1640501
8.78276 1641181
8.78591 1641861
8.78907 1642541
8.79222 1643221
8.79537 1643901
8.79852 1644581
8.80167 1645261
8.80483 1645941
8.80798 1646621
8.81113 1647301
8.81428 1647981
8.81743 1648661
8.82059 1649341
8.82374 1650021
8.82689 1650701
8.83004 1651381
8.83319 1652061
8.83635 1652741
8.8395 1653421
8.84265 1654101
8.8458 1654781
8.84895 1655461
8.85211 1656141
8.85526 1656821
8.85841 1657501
8.86156 1658181
8.86471 1658861
8.86787 1659541
8.87102 1660221
8.87417 1660901
8.87732 1661581
8.88047 1662261
8.88363 1662941
8.88678 1663621
8.88993 1664301
8.89308 1664981
8.89623 1665661
8.89939 1666341
8.90254 1667021
8.90569 1667701
8.90884 1668381
8.91199 1669061
8.91515 1669741
8.9183 1670421
8.92145 1671101
8.9246 1671781
8.92775 1672461
8.93091 1673141
8.93406 1673821
8.93721 1674501
8.94036 1675181
8.94351 1675861
8.94667 1676541
8.94982 1677221
8.95297 1677901
8.95612 1678581
8.95927 1679261
8.96243 1679941
8.96558 1680621
8.96873 1681301
8.97188 1681981
8.97503 1682661
8.97819 1683341
8.98134 1684021
8.98449 1684701
8.98764 1685381
8.99079 1686061
8.99395 1686741
8.9971 1687421
9.00025 1688101
9.0034 1688781
9.00655 1689461
9.00971 1690141
9.01286 1690821
9.01601 1691501
9.01916 1692181
9.02231 1692861
9.02547 1693541
9.02862 1694221
9.03177 1694901
9.03492 1695581
9.03807 1696261
9.04123 1696941
9.04438 1697621
9.04753 1698301
9.05068 1698981
9.05383 1699661
9.05699 1700341
9.06014 1701021
9.06329 1701701
9.06644 1702381
9.06959 1703061
9.07275 1703741
9.0759 1704421
9.07905 1705101
9.0822 1705781
9.08535 1706461
9.08851 1707141
9.09166 1707821
9.09481 1708501
9.09796 1709181
9.10111 1709861
9.10427 1710541
9.10742 1711221
9.11057 1711901
9.11372 1712581
9.11687 1713261
9.12003 1713941
9.12318 1714621
9.12633 1715301
9.12948 1715981
9.13263 1716661
9.13579 1717341
9.13894 1718021
9.14209 1718701
9.14524 1719381
9.14839 1720061
9.15155 1720741
9.1547 1721421
9.15785 1722101
9.161 1722781
9.16415 1723461
9.16731 1724141
9.17046 1724821
9.17361 1725501
9.17676 1726181
9.17991 1726861
9.18307 1727541
9.18622 1728221
9.18937 1728901
9.19252 1729581
9.19567 1730261
9.19883 1730941
9.20198 1731621
9.20513 1732301
9.20828 1732981
9.21143 1733661
9.21459 1734341
9.21774 1735021
9.22089 1735701
9.22404 1736381
9.22719 1737061
9.23035 1737741
9.2335 1738421
9.23665 1739101
9.2398 1739781
9.24295 1740461
9.24611 1741141
9.24926 1741821
9.25241 1742501
9.25556 1743181
9.25871 1743861
9.26187 1744541
9.26502 1745221
9.26817 1745901
9.27132 1746581
9.27447 1747261
9.27763 1747941
9.28078 1748621
9.28393 1749301
9.28708 1749981
9.29023 1750661
9.29339 1751341
9.29654 1752021
9.29969 1752701
9.30284 1753381
9.30599 1754061
9.30915 1754741
9.3123 1755421
9.31545 1756101
9.3186 1756781
9.32175 1757461
9.32491 1758141
9.32806 1758821
9.33121 1759501
9.33436 1760181
9.33751 1760861
9.34067 1761541
9.34382 1762221
9.34697 1762901
9.35012 1763581
9.35327 1764261
9.35643 1764941
9.35958 1765621
9.36273 1766301
9.36588 1766981
9.36903 1767661
9.37219 1768341
9.37534 1769021
9.37849 1769701
9.38164 1770381
9.38479 1771061
9.38795 1771741
9.3911 1772421
9.39425 1773101
9.3974 1773781
9.40055 1774461
9.40371 1775141
9.40686 1775821
9.41001 1776501
9.41316 1777181
9.41631 1777861
9.41947 1778541
9.42262 1779221
9.42577 1779901
9.42892 1780581
9.43207 1781261
9.43523 1781941
9.43838 1782621
9.44153 1783301
9.44468 1783981
9.44783 1784661
9.45099 1785341
9.45414 1786021
9.45729 1786701
9.46044 1787381
9.46359 1788061
9.46675 1788741
9.4699 1789421
9.47305 1790101
9.4762 1790781
9.47935 1791461
9.48251 1792141
9.48566 1792821
9.48881 1793501
9.49196 1794181
9.49511 1794861
9.49827 1795541
9.50142 1796221
9.50457 1796901
9.50772 1797581
9.51087 1798261
9.51403 1798941
9.51718 1799621
9.52033 1800301
9.52348 1800981
9.52663 1801661
9.52979 1802341
9.53294 1803021
9.53609 1803701
9.53924 1804381
9.54239 1805061
9.54555 1805741
9.5487 1806421
9.55185 1807101
9.555 1807781
9.55815 1808461
9.56131 1809141
9.56446 1809821
9.56761 1810501
9.57076 1811181
9.57391 1811861
9.57706 1812541
9.58022 1813221
9.58337 1813901
9.58652 1814581
9.58967 1815261
9.59282 1815941
9.59598 1816621
9.59913 1817301
9.60228 1817981
9.60543 1818661
9.60858 1819341
9.61174 1820021
9.61489 1820701
9.61804 1821381
9.62119 1822061
9.62434 1822741
9.6275 1823421
9.63065 1824101
9.6338 1824781
9.63695 1825461
9.6401 1826141
9.64326 1826821
9.64641 1827501
9.64956 1828181
9.65271 1828861
9.65586 1829541
9.65902 1830221
9.66217 1830901
9.66532 1831581
9.66847 1832261
9.67162 1832941
9.67478 1833621
9.67793 1834301
9.68108 1834981
9.68423 1835661
9.68738 1836341
9.69054 1837021
9.69369 1837701
9.69684 1838381
9.69999 1839061
9.70314 1839741
9.7063 1840421
9.70945 1841101
9.7126 1841781
9.71575 1842461
9.7189 1843141
9.72206 1843821
9.72521 1844501
9.72836 1845181
9.73151 1845861
9.73466 1846541
9.73782 1847221
9.74097 1847901
9.74412 1848581
9.74727 1849261
9.75042 1849941
9.75358 1850621
9.75673 1851301
9.75988 1851981
9.76303 1852661
9.76618 1853341
9.76934 1854021
9.77249 1854701
9.77564 1855381
9.77879 1856061
9.78194 1856741
9.7851 1857421
9.78825 1858101
9.7914 1858781
9.79455 1859461
9.7977 1860141
9.80086 1860821
9.80401 1861501
9.80716 1862181
9.81031 1862861
9.81346 1863541
9.81662 1864221
9.81977 1864901
9.82292 1865581
9.82607 1866261
9.82922 1866941
9.83238 1867621
9.83553 1868301
9.83868 1868981
9.84183 1869661
9.84498 1870341
9.84814 1871021
9.85129 1871701
9.85444 1872381
9.85759 1873061
9.86074 1873741
9.8639 1874421
9.86705 1875101
9.8702 1875781
9.87335 1876461
9.8765 1877141
9.87966 1877821
9.88281 1878501
9.88596 1879181
9.88911 1879861
9.89226 1880541
9.89542 1881221
9.89857 1881901
9.90172 1882581
9.90487 1883261
9.90802 1883941
9.91118 1884621
9.91433 1885301
9.91748 1885981
9.92063 1886661
9.92378 1887341
9.92694 1888021
9.93009 1888701
9.93324 1889381
9.93639 1890061
9.93954 1890741
9.9427 1891421
9.94585 1892101
9.949 1892781
9.95215 1893461
9.9553 1894141
9.95846 1894821
9.96161 1895501
9.96476 1896181
9.96791 1896861
9.97106 1897541
9.97422 1898221
9.97737 1898901
9.98052 1899581
9.98367 1900261
9.98682 1900941
9.98998 1901621
9.99313 1902301
9.99628 1902981
9.99943 1903661
10.0026 1904341
10.0057 1905021
10.0089 1905701
10.012 1906381
10.0152 1907061
10.0183 1907741
10.0215 1908421
10.0246 1909101
10.0278 1909781
10.031 1910461
10.0341 1911141
10.0373 1911821
10.0404 1912501
10.0436 1913181
10.0467 1913861
10.0499 1914541
10.053 1915221
10.0562 1915901
10.0593 1916581
10.0625 1917261
10.0656 1917941
10.0688 1918621
10.0719 1919301
10.0751 1919981
10.0782 1920661
10.0814 1921341
10.0845 1922021
10.0877 1922701
10.0908 1923381
10.094 1924061
10.0971 1924741
10.1003 1925421
10.1034 1926101
10.1066 1926781
10.1098 1927461
10.1129 1928141
10.1161 1928821
10.1192 1929501
10.1224 1930181
10.1255 1930861
10.1287 1931541
10.1318 1932221
10.135 1932901
10.1381 1933581
10.1413 1934261
10.1444 1934941
10.1476 1935621
10.1507 1936301
10.1539 1936981
10.157 1937661
10.1602 1938341
10.1633 1939021
10.1665 1939701
10.1696 1940381
10.1728 1941061
10.1759 1941741
10.1791 1942421
10.1822 1943101
10.1854 1943781
10.1886 1944461
10.1917 1945141
10.1949 1945821
10.198 1946501
10.2012 1947181
10.2043 1947861
10.2075 1948541
10.2106 1949221
10.2138 1949901
10.2169 1950581
10.2201 1951261
10.2232 1951941
10.2264 1952621
10.2295 1953301
10.2327 1953981
10.2358 1954661
10.239 1955341
10.2421 1956021
10.2453 1956701
10.2484 1957381
10.2516 1958061
10.2547 1958741
10.2579 1959421
10.261 1960101
10.2642 1960781
10.2674 1961461
10.2705 1962141
10.2737 1962821
10.2768 1963501
10.28 1964181
10.2831 1964861
10.2863 1965541
10.2894 1966221
10.2926 1966901
10.2957 1967581
10.2989 1968261
10.302 1968941
10.3052 1969621
10.3083 1970301
10.3115 1970981
10.3146 1971661
10.3178 1972341
10.3209 1973021
10.3241 1973701
10.3272 1974381
10.3304 1975061
10.3335 1975741
10.3367 1976421
10.3398 1977101
10.343 1977781
10.3462 1978461
10.3493 1979141
10.3525 1979821
10.3556 1980501
10.3588 1981181
10.3619 1981861
10.3651 1982541
10.3682 1983221
10.3714 1983901
10.3745 1984581
10.3777 1985261
10.3808 1985941
10.384 1986621
10.3871 1987301
10.3903 1987981
10.3934 1988661
10.3966 1989341
10.3997 1990021
10.4029 1990701
10.406 1991381
10.4092 1992061
10.4123 1992741
10.4155 1993421
10.4186 1994101
10.4218 1994781
10.425 1995461
10.4281 1996141
10.4313 1996821
10.4344 1997501
10.4376 1998181
10.4407 1998861
10.4439 1999541
10.447 2000221
10.4502 2000901
10.4533 2001581
10.4565 2002261
10.4596 2002941
10.4628 2003621
10.4659 2004301
10.4691 2004981
10.4722 2005661
10.4754 2006341
10.4785 2007021
10.4817 2007701
10.4848 2008381
10.488 2009061
10.4911 2009741
10.4943 2010421
10.4974 2011101
10.5006 2011781
10.5038 2012461
10.5069 2013141
10.5101 2013821
10.5132 2014501
10.5164 2015181
10.5195 2015861
10.5227 2016541
10.5258 2017221
10.529 2017901
10.5321 2018581
10.5353 2019261
10.5384 2019941
10.5416 2020621
10.5447 2021301
10.5479 2021981
10.551 2022661
10.5542 2023341
10.5573 2024021
10.5605 2024701
10.5636 2025381
10.5668 2026061
10.5699 2026741
10.5731 2027421
10.5762 2028101
10.5794 2028781
10.5826 2029461
10.5857 2030141
10.5889 2030821
10.592 2031501
10.5952 2032181
10.5983 2032861
10.6015 2033541
10.6046 2034221
10.6078 2034901
10.6109 2035581
10.6141 2036261
10.6172 2036941
10.6204 2037621
10.6235 2038301
10.6267 2038981
10.6298 2039661
10.633 2040341
10.6361 2041021
10.6393 2041701
10.6424 2042381
10.6456 2043061
10.6487 2043741
10.6519 2044421
10.655 2045101
10.6582 2045781
10.6614 2046461
10.6645 2047141
10.6677 2047821
10.6708 2048501
10.674 2049181
10.6771 2049861
10.6803 2050541
10.6834 2051221
10.6866 2051901
10.6897 2052581
10.6929 2053261
10.696 2053941
10.6992 2054621
10.7023 2055301
10.7055 2055981
10.7086 2056661
10.7118 2057341
10.7149 2058021
10.7181 2058701
10.7212 2059381
10.7244 2060061
10.7275 2060741
10.7307 2061421
10.7338 2062101
10.737 2062781
10.7402 2063461
10.7433 2064141
10.7465 2064821
10.7496 2065501
10.7528 2066181
10.7559 2066861
10.7591 2067541
10.7622 2068221
10.7654 2068901
10.7685 2069581
10.7717 2070261
10.7748 2070941
10.778 2071621
10.7811 2072301
10.7843 2072981
10.7874 2073661
10.7906 2074341
10.7937 2075021
10.7969 2075701
10.8 2076381
10.8032 2077061
10.8063 2077741
10.8095 2078421
10.8126 2079101
10.8158 2079781
10.819 2080461
10.8221 2081141
10.8253 2081821
10.8284 2082501
10.8316 2083181
10.8347 2083861
10.8379 2084541
10.841 2085221
10.8442 2085901
10.8473 2086581
10.8505 2087261
10.8536 2087941
10.8568 2088621
10.8599 2089301
10.8631 2089981
10.8662 2090661
10.8694 2091341
10.8725 2092021
10.8757 2092701
10.8788 2093381
10.882 2094061
10.8851 2094741
10.8883 2095421
10.8914 2096101
10.8946 2096781
10.8978 2097461
10.9009 2098141
10.9041 2098821
10.9072 2099501
10.9104 2100181
10.9135 2100861
10.9167 2101541
10.9198 2102221
10.923 2102901
10.9261 2103581
10.9293 2104261
10.9324 2104941
10.9356 2105621
10.9387 2106301
10.9419 2106981
10.945 2107661
10.9482 2108341
10.9513 2109021
10.9545 2109701
10.9576 2110381
10.9608 2111061
10.9639 2111741
10.9671 2112421
10.9702 2113101
10.9734 2113781
10.9766 2114461
10.9797 2115141
10.9829 2115821
10.986 2116501
10.9892 2117181
10.9923 2117861
10.9955 2118541
10.9986 2119221
11.0018 2119901
11.0049 2120581
11.0081 2121261
11.0112 2121941
11.0144 2122621
11.0175 2123301
11.0207 2123981
11.0238 2124661
11.027 2125341
11.0301 2126021
11.0333 2126701
11.0364 2127381
11.0396 2128061
11.0427 2128741
11.0459 2129421
11.049 2130101
11.0522 2130781
11.0554 2131461
11.0585 2132141
11.0617 2132821
11.0648 2133501
11.068 2134181
11.0711 2134861
11.0743 2135541
11.0774 2136221
11.0806 2136901
11.0837 2137581
11.0869 2138261
11.09 2138941
11.0932 2139621
11.0963 2140301
11.0995 2140981
11.1026 2141661
11.1058 2142341
11.1089 2143021
11.1121 2143701
11.1152 2144381
11.1184 2145061
11.1215 2145741
11.1247 2146421
11.1278 2147101
11.131 2147781
11.1342 2148461
11.1373 2149141
11.1405 2149821
11.1436 2150501
11.1468 2151181
11.1499 2151861
11.1531 2152541
11.1562 2153221
11.1594 2153901
11.1625 2154581
11.1657 2155261
11.1688 2155941
11.172 2156621
11.1751 2157301
11.1783 2157981
11.1814 2158661
11.1846 2159341
11.1877 2160021
11.1909 2160701
11.194 2161381
11.1972 2162061
11.2003 2162741
11.2035 2163421
11.2066 2164101
11.2098 2164781
11.213 2165461
11.2161 2166141
11.2193 2166821
11.2224 2167501
11.2256 2168181
11.2287 2168861
11.2319 2169541
11.235 2170221
11.2382 2170901
11.2413 2171581
11.2445 2172261
11.2476 2172941
11.2508 2173621
11.2539 2174301
11.2571 2174981
11.2602 2175661
11.2634 2176341
11.2665 2177021
11.2697 2177701
11.2728 2178381
11.276 2179061
11.2791 2179741
11.2823 2180421
11.2854 2181101
11.2886 2181781
11.2918 2182461
11.2949 2183141
11.2981 2183821
11.3012 2184501
11.3044 2185181
11.3075 2185861
11.3107 2186541
11.3138 2187221
11.317 2187901
11.3201 2188581
11.3233 2189261
11.3264 2189941
11.3296 2190621
11.3327 2191301
11.3359 2191981
11.339 2192661
11.3422 2193341
11.3453 2194021
11.3485 2194701
11.3516 2195381
11.3548 2196061
11.3579 2196741
11.3611 2197421
11.3642 2198101
11.3674 2198781
11.3706 2199461
11.3737 2200141
11.3769 2200821
11.38 2201501
11.3832 2202181
11.3863 2202861
11.3895 2203541
11.3926 2204221
11.3958 2204901
11.3989 2205581
11.4021 2206261
11.4052 2206941
11.4084 2207621
11.4115 2208301
11.4147 2208981
11.4178 2209661
11.421 2210341
11.4241 2211021
11.4273 2211701
11.4304 2212381
11.4336 2213061
11.4367 2213741
11.4399 2214421
11.443 2215101
11.4462 2215781
11.4494 2216461
11.4525 2217141
11.4557 2217821
11.4588 2218501
11.462 2219181
11.4651 2219861
11.4683 2220541
11.4714 2221221
11.4746 2221901
11.4777 2222581
11.4809 2223261
11.484 2223941
11.4872 2224621
11.4903 2225301
11.4935 2225981
11.4966 2226661
11.4998 2227341
11.5029 2228021
11.5061 2228701
11.5092 2229381
11.5124 2230061
11.5155 2230741
11.5187 2231421
11.5218 2232101
11.525 2232781
11.5282 2233461
11.5313 2234141
11.5345 2234821
11.5376 2235501
11.5408 2236181
11.5439 2236861
11.5471 2237541
11.5502 2238221
11.5534 2238901
11.5565 2239581
11.5597 2240261
11.5628 2240941
11.566 2241621
11.5691 2242301
11.5723 2242981
11.5754 2243661
11.5786 2244341
11.5817 2245021
11.5849 2245701
11.588 2246381
11.5912 2247061
11.5943 2247741
11.5975 2248421
11.6006 2249101
11.6038 2249781
11.607 2250461
11.6101 2251141
11.6133 2251821
11.6164 2252501
11.6196 2253181
11.6227 2253861
11.6259 2254541
11.629 2255221
11.6322 2255901
11.6353 2256581
11.6385 2257261
11.6416 2257941
11.6448 2258621
11.6479 2259301
11.6511 2259981
11.6542 2260661
11.6574 2261341
11.6605 2262021
11.6637 2262701
11.6668 2263381
11.67 2264061
11.6731 2264741
11.6763 2265421
11.6794 2266101
11.6826 2266781
11.6858 2267461
11.6889 2268141
11.6921 2268821
11.6952 2269501
11.6984 2270181
11.7015 2270861
11.7047 2271541
11.7078 2272221
11.711 2272901
11.7141 2273581
11.7173 2274261
11.7204 2274941
11.7236 2275621
11.7267 2276301
11.7299 2276981
11.733 2277661
11.7362 2278341
11.7393 2279021
11.7425 2279701
11.7456 2280381
11.7488 2281061
11.7519 2281741
11.7551 2282421
11.7582 2283101
11.7614 2283781
11.7646 2284461
11.7677 2285141
11.7709 2285821
11.774 2286501
11.7772 2287181
11.7803 2287861
11.7835 2288541
11.7866 2289221
11.7898 2289901
11.7929 2290581
11.7961 2291261
11.7992 2291941
11.8024 2292621
11.8055 2293301
11.8087 2293981
11.8118 2294661
11.815 2295341
11.8181 2296021
11.8213 2296701
11.8244 2297381
11.8276 2298061
11.8307 2298741
11.8339 2299421
11.837 2300101
11.8402 2300781
11.8434 2301461
11.8465 2302141
11.8497 2302821
11.8528 2303501
11.856 2304181
11.8591 2304861
11.8623 2305541
11.8654 2306221
11.8686 2306901
11.8717 2307581
11.8749 2308261
11.878 2308941
11.8812 2309621
11.8843 2310301
11.8875 2310981
11.8906 2311661
11.8938 2312341
11.8969 2313021
11.9001 2313701
11.9032 2314381
11.9064 2315061
11.9095 2315741
11.9127 2316421
11.9158 2317101
11.919 2317781
11.9222 2318461
11.9253 2319141
11.9285 2319821
11.9316 2320501
11.9348 2321181
11.9379 2321861
11.9411 2322541
11.9442 2323221
11.9474 2323901
11.9505 2324581
11.9537 2325261
11.9568 2325941
11.96 2326621
11.9631 2327301
11.9663 2327981
11.9694 2328661
11.9726 2329341
11.9757 2330021
11.9789 2330701
11.982 2331381
11.9852 2332061
11.9883 2332741
11.9915 2333421
11.9946 2334101
11.9978 2334781
12.001 2335461
12.0041 2336141
12.0073 2336821
12.0104 2337501
12.0136 2338181
12.0167 2338861
12.0199 2339541
12.023 2340221
12.0262 2340901
12.0293 2341581
12.0325 2342261
12.0356 2342941
12.0388 2343621
12.0419 2344301
12.0451 2344981
12.0482 2345661
12.0514 2346341
12.0545 2347021
12.0577 2347701
12.0608 2348381
12.064 2349061
12.0671 2349741
12.0703 2350421
12.0734 2351101
12.0766 2351781
12.0798 2352461
12.0829 2353141
12.0861 2353821
12.0892 2354501
12.0924 2355181
12.0955 2355861
12.0987 2356541
12.1018 2357221
12.105 2357901
12.1081 2358581
12.1113 2359261
12.1144 2359941
12.1176 2360621
12.1207 2361301
12.1239 2361981
12.127 2362661
12.1302 2363341
12.1333 2364021
12.1365 2364701
12.1396 2365381
12.1428 2366061
12.1459 2366741
12.1491 2367421
12.1522 2368101
12.1554 2368781
12.1586 2369461
12.1617 2370141
12.1649 2370821
12.168 2371501
12.1712 2372181
12.1743 2372861
12.1775 2373541
12.1806 2374221
12.1838 2374901
12.1869 2375581
12.1901 2376261
12.1932 2376941
12.1964 2377621
12.1995 2378301
12.2027 2378981
12.2058 2379661
12.209 2380341
12.2121 2381021
12.2153 2381701
12.2184 2382381
12.2216 2383061
12.2247 2383741
12.2279 2384421
12.231 2385101
12.2342 2385781
12.2374 2386461
12.2405 2387141
12.2437 2387821
12.2468 2388501
12.25 2389181
12.2531 2389861
12.2563 2390541
12.2594 2391221
12.2626 2391901
12.2657 2392581
12.2689 2393261
12.272 2393941
12.2752 2394621
12.2783 2395301
12.2815 2395981
12.2846 2396661
12.2878 2397341
12.2909 2398021
12.2941 2398701
12.2972 2399381
12.3004 2400061
12.3035 2400741
12.3067 2401421
12.3098 2402101
12.313 2402781
12.3162 2403461
12.3193 2404141
12.3225 2404821
12.3256 2405501
12.3288 2406181
12.3319 2406861
12.3351 2407541
12.3382 2408221
12.3414 2408901
12.3445 2409581
12.3477 2410261
12.3508 2410941
12.354 2411621
12.3571 2412301
12.3603 2412981
12.3634 2413661
12.3666 2414341
12.3697 2415021
12.3729 2415701
12.376 2416381
12.3792 2417061
12.3823 2417741
12.3855 2418421
12.3886 2419101
12.3918 2419781
12.395 2420461
12.3981 2421141
12.4013 2421821
12.4044 2422501
12.4076 2423181
12.4107 2423861
12.4139 2424541
12.417 2425221
12.4202 2425901
12.4233 2426581
12.4265 2427261
12.4296 2427941
12.4328 2428621
12.4359 2429301
12.4391 2429981
12.4422 2430661
12.4454 2431341
12.4485 2432021
12.4517 2432701
12.4548 2433381
12.458 2434061
12.4611 2434741
12.4643 2435421
12.4674 2436101
12.4706 2436781
12.4738 2437461
12.4769 2438141
12.4801 2438821
12.4832 2439501
12.4864 2440181
12.4895 2440861
12.4927 2441541
12.4958 2442221
12.499 2442901
12.5021 2443581
12.5053 2444261
12.5084 2444941
12.5116 2445621
12.5147 2446301
12.5179 2446981
12.521 2447661
12.5242 2448341
12.5273 2449021
12.5305 2449701
12.5336 2450381
12.5368 2451061
12.5399 2451741
12.5431 2452421
12.5462 2453101
12.5494 2453781
12.5526 2454461
12.5557 2455141
12.5589 2455821
12.562 2456501
12.5652 2457181
12.5683 2457861
12.5715 2458541
12.5746 2459221
12.5778 2459901
12.5809 2460581
12.5841 2461261
12.5872 2461941
12.5904 2462621
12.5935 2463301
12.5967 2463981
12.5998 2464661
12.603 2465341
12.6061 2466021
12.6093 2466701
12.6124 2467381
12.6156 2468061
12.6187 2468741
12.6219 2469421
12.625 2470101
12.6282 2470781
12.6314 2471461
12.6345 2472141
12.6377 2472821
12.6408 2473501
12.644 2474181
12.6471 2474861
12.6503 2475541
12.6534 2476221
12.6566 2476901
12.6597 2477581
12.6629 2478261
12.666 2478941
12.6692 2479621
12.6723 2480301
12.6755 2480981
12.6786 2481661
12.6818 2482341
12.6849 2483021
12.6881 2483701
12.6912 2484381
12.6944 2485061
12.6975 2485741
12.7007 2486421
12.7038 2487101
12.707 2487781
12.7102 2488461
12.7133 2489141
12.7165 2489821
12.7196 2490501
12.7228 2491181
12.7259 2491861
12.7291 2492541
12.7322 2493221
12.7354 2493901
12.7385 2494581
12.7417 2495261
12.7448 2495941
12.748 2496621
12.7511 2497301
12.7543 2497981
12.7574 2498661
12.7606 2499341
12.7637 2500021
12.7669 2500701
12.77 2501381
12.7732 2502061
12.7763 2502741
12.7795 2503421
12.7826 2504101
12.7858 2504781
12.789 2505461
12.7921 2506141
12.7953 2506821
12.7984 2507501
12.8016 2508181
12.8047 2508861
12.8079 2509541
12.811 2510221
12.8142 2510901
12.8173 2511581
12.8205 2512261
12.8236 2512941
12.8268 2513621
12.8299 2514301
12.8331 2514981
12.8362 2515661
12.8394 2516341
12.8425 2517021
12.8457 2517701
12.8488 2518381
12.852 2519061
12.8551 2519741
12.8583 2520421
12.8614 2521101
12.8646 2521781
12.8678 2522461
12.8709 2523141
12.8741 2523821
12.8772 2524501
12.8804 2525181
12.8835 2525861
12.8867 2526541
12.8898 2527221
12.893 2527901
12.8961 2528581
12.8993 2529261
12.9024 2529941
12.9056 2530621
12.9087 2531301
12.9119 2531981
12.915 2532661
12.9182 2533341
12.9213 2534021
12.9245 2534701
12.9276 2535381
12.9308 2536061
12.9339 2536741
12.9371 2537421
12.9402 2538101
12.9434 2538781
12.9466 2539461
12.9497 2540141
12.9529 2540821
12.956 2541501
12.9592 2542181
12.9623 2542861
12.9655 2543541
12.9686 2544221
12.9718 2544901
12.9749 2545581
12.9781 2546261
12.9812 2546941
12.9844 2547621
12.9875 2548301
12.9907 2548981
12.9938 2549661
12.997 2550341
13.0001 2551021
13.0033 2551701
13.0064 2552381
13.0096 2553061
13.0127 2553741
13.0159 2554421
13.019 2555101
13.0222 2555781
13.0254 2556461
13.0285 2557141
13.0317 2557821
13.0348 2558501
13.038 2559181
13.0411 2559861
13.0443 2560541
13.0474 2561221
13.0506 2561901
13.0537 2562581
13.0569 2563261
13.06 2563941
13.0632 2564621
13.0663 2565301
13.0695 2565981
13.0726 2566661
13.0758 2567341
13.0789 2568021
13.0821 2568701
13.0852 2569381
13.0884 2570061
13.0915 2570741
13.0947 2571421
13.0978 2572101
13.101 2572781
13.1042 2573461
13.1073 2574141
13.1105 2574821
13.1136 2575501
13.1168 2576181
13.1199 2576861
13.1231 2577541
13.1262 2578221
13.1294 2578901
13.1325 2579581
13.1357 2580261
13.1388 2580941
13.142 2581621
13.1451 2582301
13.1483 2582981
13.1514 2583661
13.1546 2584341
13.1577 2585021
13.1609 2585701
13.164 2586381
13.1672 2587061
13.1703 2587741
13.1735 2588421
13.1766 2589101
13.1798 2589781
13.183 2590461
13.1861 2591141
13.1893 2591821
13.1924 2592501
13.1956 2593181
13.1987 2593861
13.2019 2594541
13.205 2595221
13.2082 2595901
13.2113 2596581
13.2145 2597261
13.2176 2597941
13.2208 2598621
13.2239 2599301
13.2271 2599981
13.2302 2600661
13.2334 2601341
13.2365 2602021
13.2397 2602701
13.2428 2603381
13.246 2604061
13.2491 2604741
13.2523 2605421
13.2554 2606101
13.2586 2606781
13.2618 2607461
13.2649 2608141
13.2681 2608821
13.2712 2609501
13.2744 2610181
13.2775 2610861
13.2807 2611541
13.2838 2612221
13.287 2612901
13.2901 2613581
13.2933 2614261
13.2964 2614941
13.2996 2615621
13.3027 2616301
13.3059 2616981
13.309 2617661
13.3122 2618341
13.3153 2619021
13.3185 2619701
13.3216 2620381
13.3248 2621061
13.3279 2621741
13.3311 2622421
13.3342 2623101
13.3374 2623781
13.3406 2624461
13.3437 2625141
13.3469 2625821
13.35 2626501
13.3532 2627181
13.3563 2627861
13.3595 2628541
13.3626 2629221
13.3658 2629901
13.3689 2630581
13.3721 2631261
13.3752 2631941
13.3784 2632621
13.3815 2633301
13.3847 2633981
13.3878 2634661
13.391 2635341
13.3941 2636021
13.3973 2636701
13.4004 2637381
13.4036 2638061
13.4067 2638741
13.4099 2639421
13.413 2640101
13.4162 2640781
13.4194 2641461
13.4225 2642141
13.4257 2642821
13.4288 2643501
13.432 2644181
13.4351 2644861
13.4383 2645541
13.4414 2646221
13.4446 2646901
13.4477 2647581
13.4509 2648261
13.454 2648941
13.4572 2649621
13.4603 2650301
13.4635 2650981
13.4666 2651661
13.4698 2652341
13.4729 2653021
13.4761 2653701
13.4792 2654381
13.4824 2655061
13.4855 2655741
13.4887 2656421
13.4918 2657101
13.495 2657781
13.4982 2658461
13.5013 2659141
13.5045 2659821
13.5076 2660501
13.5108 2661181
13.5139 2661861
13.5171 2662541
13.5202 2663221
13.5234 2663901
13.5265 2664581
13.5297 2665261
13.5328 2665941
13.536 2666621
13.5391 2667301
13.5423 2667981
13.5454 2668661
13.5486 2669341
13.5517 2670021
13.5549 2670701
13.558 2671381
13.5612 2672061
13.5643 2672741
13.5675 2673421
13.5706 2674101
13.5738 2674781
13.577 2675461
13.5801 2676141
13.5833 2676821
13.5864 2677501
13.5896 2678181
13.5927 2678861
13.5959 2679541
13.599 2680221
13.6022 2680901
13.6053 2681581
13.6085 2682261
13.6116 2682941
13.6148 2683621
13.6179 2684301
13.6211 2684981
13.6242 2685661
13.6274 2686341
13.6305 2687021
13.6337 2687701
13.6368 2688381
13.64 2689061
13.6431 2689741
13.6463 2690421
13.6494 2691101
13.6526 2691781
13.6558 2692461
13.6589 2693141
13.6621 2693821
13.6652 2694501
13.6684 2695181
13.6715 2695861
13.6747 2696541
13.6778 2697221
13.681 2697901
13.6841 2698581
13.6873 2699261
13.6904 2699941
13.6936 2700621
13.6967 2701301
13.6999 2701981
13.703 2702661
13.7062 2703341
13.7093 2704021
13.7125 2704701
13.7156 2705381
13.7188 2706061
13.7219 2706741
13.7251 2707421
13.7282 2708101
13.7314 2708781
13.7346 2709461
13.7377 2710141
13.7409 2710821
13.744 2711501
13.7472 2712181
13.7503 2712861
13.7535 2713541
13.7566 2714221
13.7598 2714901
13.7629 2715581
13.7661 2716261
13.7692 2716941
13.7724 2717621
13.7755 2718301
13.7787 2718981
13.7818 2719661
13.785 2720341
13.7881 2721021
13.7913 2721701
13.7944 2722381
13.7976 2723061
13.8007 2723741
13.8039 2724421
13.807 2725101
13.8102 2725781
13.8134 2726461
13.8165 2727141
13.8197 2727821
13.8228 2728501
13.826 2729181
13.8291 2729861
13.8323 2730541
13.8354 2731221
13.8386 2731901
13.8417 2732581
13.8449 2733261
13.848 2733941
13.8512 2734621
13.8543 2735301
13.8575 2735981
13.8606 2736661
13.8638 2737341
13.8669 2738021
13.8701 2738701
13.8732 2739381
13.8764 2740061
13.8795 2740741
13.8827 2741421
13.8858 2742101
13.889 2742781
13.8922 2743461
13.8953 2744141
13.8985 2744821
13.9016 2745501
13.9048 2746181
13.9079 2746861
13.9111 2747541
13.9142 2748221
13.9174 2748901
13.9205 2749581
13.9237 2750261
13.9268 2750941
13.93 2751621
13.9331 2752301
13.9363 2752981
13.9394 2753661
13.9426 2754341
13.9457 2755021
13.9489 2755701
13.952 2756381
13.9552 2757061
13.9583 2757741
13.9615 2758421
13.9646 2759101
13.9678 2759781
13.971 2760461
13.9741 2761141
13.9773 2761821
13.9804 2762501
13.9836 2763181
13.9867 2763861
13.9899 2764541
13.993 2765221
13.9962 2765901
13.9993 2766581
14.0025 2767261
14.0056 2767941
14.0088 2768621
14.0119 2769301
14.0151 2769981
14.0182 2770661
14.0214 2771341
14.0245 2772021
14.0277 2772701
14.0308 2773381
14.034 2774061
14.0371 2774741
14.0403 2775421
14.0434 2776101
14.0466 2776781
14.0498 2777461
14.0529 2778141
14.0561 2778821
14.0592 2779501
14.0624 2780181
14.0655 2780861
14.0687 2781541
14.0718 2782221
14.075 2782901
14.0781 2783581
14.0813 2784261
14.0844 2784941
14.0876 2785621
14.0907 2786301
14.0939 2786981
14.097 2787661
14.1002 2788341
14.1033 2789021
14.1065 2789701
14.1096 2790381
14.1128 2791061
14.1159 2791741
14.1191 2792421
14.1222 2793101
14.1254 2793781
14.1286 2794461
14.1317 2795141
14.1349 2795821
14.138 2796501
14.1412 2797181
14.1443 2797861
14.1475 2798541
14.1506 2799221
14.1538 2799901
14.1569 2800581
14.1601 2801261
14.1632 2801941
14.1664 2802621
14.1695 2803301
14.1727 2803981
14.1758 2804661
14.179 2805341
14.1821 2806021
14.1853 2806701
14.1884 2807381
14.1916 2808061
14.1947 2808741
14.1979 2809421
14.201 2810101
14.2042 2810781
14.2074 2811461
14.2105 2812141
14.2137 2812821
14.2168 2813501
14.22 2814181
14.2231 2814861
14.2263 2815541
14.2294 2816221
14.2326 2816901
14.2357 2817581
14.2389 2818261
14.242 2818941
14.2452 2819621
14.2483 2820301
14.2515 2820981
14.2546 2821661
14.2578 2822341
14.2609 2823021
14.2641 2823701
14.2672 2824381
14.2704 2825061
14.2735 2825741
14.2767 2826421
14.2798 2827101
14.283 2827781
14.2862 2828461
14.2893 2829141
14.2925 2829821
14.2956 2830501
14.2988 2831181
14.3019 2831861
14.3051 2832541
14.3082 2833221
14.3114 2833901
14.3145 2834581
14.3177 2835261
14.3208 2835941
14.324 2836621
14.3271 2837301
14.3303 2837981
14.3334 2838661
14.3366 2839341
14.3397 2840021
14.3429 2840701
14.346 2841381
14.3492 2842061
14.3523 2842741
14.3555 2843421
14.3586 2844101
14.3618 2844781
14.3649 2845461
14.3681 2846141
14.3713 2846821
14.3744 2847501
14.3776 2848181
14.3807 2848861
14.3839 2849541
14.387 2850221
14.3902 2850901
14.3933 2851581
14.3965 2852261
14.3996 2852941
14.4028 2853621
14.4059 2854301
14.4091 2854981
14.4122 2855661
14.4154 2856341
14.4185 2857021
14.4217 2857701
14.4248 2858381
14.428 2859061
14.4311 2859741
14.4343 2860421
14.4374 2861101
14.4406 2861781
14.4437 2862461
14.4469 2863141
14.4501 2863821
14.4532 2864501
14.4564 2865181
14.4595 2865861
14.4627 2866541
14.4658 2867221
14.469 2867901
14.4721 2868581
14.4753 2869261
14.4784 2869941
14.4816 2870621
14.4847 2871301
14.4879 2871981
14.491 2872661
14.4942 2873341
14.4973 2874021
14.5005 2874701
14.5036 2875381
14.5068 2876061
14.5099 2876741
14.5131 2877421
14.5162 2878101
14.5194 2878781
14.5225 2879461
14.5257 2880141
14.5289 2880821
14.532 2881501
14.5352 2882181
14.5383 2882861
14.5415 2883541
14.5446 2884221
14.5478 2884901
14.5509 2885581
14.5541 2886261
14.5572 2886941
14.5604 2887621
14.5635 2888301
14.5667 2888981
14.5698 2889661
14.573 2890341
14.5761 2891021
14.5793 2891701
14.5824 2892381
14.5856 2893061
14.5887 2893741
14.5919 2894421
14.595 2895101
14.5982 2895781
14.6013 2896461
14.6045 2897141
14.6077 2897821
14.6108 2898501
14.614 2899181
14.6171 2899861
14.6203 2900541
14.6234 2901221
14.6266 2901901
14.6297 2902581
14.6329 2903261
14.636 2903941
14.6392 2904621
14.6423 2905301
14.6455 2905981
14.6486 2906661
14.6518 2907341
14.6549 2908021
14.6581 2908701
14.6612 2909381
14.6644 2910061
14.6675 2910741
14.6707 2911421
14.6738 2912101
14.677 2912781
14.6801 2913461
14.6833 2914141
14.6865 2914821
14.6896 2915501
14.6928 2916181
14.6959 2916861
14.6991 2917541
14.7022 2918221
14.7054 2918901
14.7085 2919581
14.7117 2920261
14.7148 2920941
14.718 2921621
14.7211 2922301
14.7243 2922981
14.7274 2923661
14.7306 2924341
14.7337 2925021
14.7369 2925701
14.74 2926381
14.7432 2927061
14.7463 2927741
14.7495 2928421
14.7526 2929101
14.7558 2929781
14.7589 2930461
14.7621 2931141
14.7653 2931821
14.7684 2932501
14.7716 2933181
14.7747 2933861
14.7779 2934541
14.781 2935221
14.7842 2935901
14.7873 2936581
14.7905 2937261
14.7936 2937941
14.7968 2938621
14.7999 2939301
14.8031 2939981
14.8062 2940661
14.8094 2941341
14.8125 2942021
14.8157 2942701
14.8188 2943381
14.822 2944061
14.8251 2944741
14.8283 2945421
14.8314 2946101
14.8346 2946781
14.8377 2947461
14.8409 2948141
14.8441 2948821
14.8472 2949501
14.8504 2950181
14.8535 2950861
14.8567 2951541
14.8598 2952221
14.863 2952901
14.8661 2953581
14.8693 2954261
14.8724 2954941
14.8756 2955621
14.8787 2956301
14.8819 2956981
14.885 2957661
14.8882 2958341
14.8913 2959021
14.8945 2959701
14.8976 2960381
14.9008 2961061
14.9039 2961741
14.9071 2962421
14.9102 2963101
14.9134 2963781
14.9165 2964461
14.9197 2965141
14.9229 2965821
14.926 2966501
14.9292 2967181
14.9323 2967861
14.9355 2968541
14.9386 2969221
14.9418 2969901
14.9449 2970581
14.9481 2971261
14.9512 2971941
14.9544 2972621
14.9575 2973301
14.9607 2973981
14.9638 2974661
14.967 2975341
14.9701 2976021
14.9733 2976701
14.9764 2977381
14.9796 2978061
14.9827 2978741
14.9859 2979421
14.989 2980101
14.9922 2980781
14.9953 2981461
14.9985 2982141
15.0017 2982821
15.0048 2983501
15.008 2984181
15.0111 2984861
15.0143 2985541
15.0174 2986221
15.0206 2986901
15.0237 2987581
15.0269 2988261
15.03 2988941
15.0332 2989621
15.0363 2990301
15.0395 2990981
15.0426 2991661
15.0458 2992341
15.0489 2993021
15.0521 2993701
15.0552 2994381
15.0584 2995061
15.0615 2995741
15.0647 2996421
15.0678 2997101
15.071 2997781
15.0741 2998461
15.0773 2999141
15.0805 2999821
15.0836 3000501
15.0868 3001181
15.0899 3001861
15.0931 3002541
15.0962 3003221
15.0994 3003901
15.1025 3004581
15.1057 3005261
15.1088 3005941
15.112 3006621
15.1151 3007301
15.1183 3007981
15.1214 3008661
15.1246 3009341
15.1277 3010021
15.1309 3010701
15.134 3011381
15.1372 3012061
15.1403 3012741
15.1435 3013421
15.1466 3014101
15.1498 3014781
15.1529 3015461
15.1561 3016141
15.1593 3016821
15.1624 3017501
15.1656 3018181
15.1687 3018861
15.1719 3019541
15.175 3020221
15.1782 3020901
15.1813 3021581
15.1845 3022261
15.1876 3022941
15.1908 3023621
15.1939 3024301
15.1971 3024981
15.2002 3025661
15.2034 3026341
15.2065 3027021
15.2097 3027701
15.2128 3028381
15.216 3029061
15.2191 3029741
15.2223 3030421
15.2254 3031101
15.2286 3031781
15.2317 3032461
15.2349 3033141
15.2381 3033821
15.2412 3034501
15.2444 3035181
15.2475 3035861
15.2507 3036541
15.2538 3037221
15.257 3037901
15.2601 3038581
15.2633 3039261
15.2664 3039941
15.2696 3040621
15.2727 3041301
15.2759 3041981
15.279 3042661
15.2822 3043341
15.2853 3044021
15.2885 3044701
15.2916 3045381
15.2948 3046061
15.2979 3046741
15.3011 3047421
15.3042 3048101
15.3074 3048781
15.3105 3049461
15.3137 3050141
15.3169 3050821
15.32 3051501
15.3232 3052181
15.3263 3052861
15.3295 3053541
15.3326 3054221
15.3358 3054901
15.3389 3055581
15.3421 3056261
15.3452 3056941
15.3484 3057621
15.3515 3058301
15.3547 3058981
15.3578 3059661
15.361 3060341
15.3641 3061021
15.3673 3061701
15.3704 3062381
15.3736 3063061
15.3767 3063741
15.3799 3064421
15.383 3065101
15.3862 3065781
15.3893 3066461
15.3925 3067141
15.3957 3067821
15.3988 3068501
15.402 3069181
15.4051 3069861
15.4083 3070541
15.4114 3071221
15.4146 3071901
15.4177 3072581
15.4209 3073261
15.424 3073941
15.4272 3074621
15.4303 3075301
15.4335 3075981
15.4366 3076661
15.4398 3077341
15.4429 3078021
15.4461 3078701
15.4492 3079381
15.4524 3080061
15.4555 3080741
15.4587 3081421
15.4618 3082101
15.465 3082781
15.4681 3083461
15.4713 3084141
15.4745 3084821
15.4776 3085501
15.4808 3086181
15.4839 3086861
15.4871 3087541
15.4902 3088221
15.4934 3088901
15.4965 3089581
15.4997 3090261
15.5028 3090941
15.506 3091621
15.5091 3092301
15.5123 3092981
15.5154 3093661
15.5186 3094341
15.5217 3095021
15.5249 3095701
15.528 3096381
15.5312 3097061
15.5343 3097741
15.5375 3098421
15.5406 3099101
15.5438 3099781
15.5469 3100461
15.5501 3101141
15.5533 3101821
15.5564 3102501
15.5596 3103181
15.5627 3103861
15.5659 3104541
15.569 3105221
15.5722 3105901
15.5753 3106581
15.5785 3107261
15.5816 3107941
15.5848 3108621
15.5879 3109301
15.5911 3109981
15.5942 3110661
15.5974 3111341
15.6005 3112021
15.6037 3112701
15.6068 3113381
15.61 3114061
15.6131 3114741
15.6163 3115421
15.6194 3116101
15.6226 3116781
15.6257 3117461
15.6289 3118141
15.6321 3118821
15.6352 3119501
15.6384 3120181
15.6415 3120861
15.6447 3121541
15.6478 3122221
15.651 3122901
15.6541 3123581
15.6573 3124261
15.6604 3124941
15.6636 3125621
15.6667 3126301
15.6699 3126981
15.673 3127661
15.6762 3128341
15.6793 3129021
15.6825 3129701
15.6856 3130381
15.6888 3131061
15.6919 3131741
15.6951 3132421
15.6982 3133101
15.7014 3133781
15.7045 3134461
15.7077 3135141
15.7109 3135821
15.714 3136501
15.7172 3137181
15.7203 3137861
15.7235 3138541
15.7266 3139221
15.7298 3139901
15.7329 3140581
15.7361 3141261
15.7392 3141941
15.7424 3142621
15.7455 3143301
15.7487 3143981
15.7518 3144661
15.755 3145341
15.7581 3146021
15.7613 3146701
15.7644 3147381
15.7676 3148061
15.7707 3148741
15.7739 3149421
15.777 3150101
15.7802 3150781
15.7833 3151461
15.7865 3152141
15.7897 3152821
15.7928 3153501
15.796 3154181
15.7991 3154861
15.8023 3155541
15.8054 3156221
15.8086 3156901
15.8117 3157581
15.8149 3158261
15.818 3158941
15.8212 3159621
15.8243 3160301
15.8275 3160981
15.8306 3161661
15.8338 3162341
15.8369 3163021
15.8401 3163701
15.8432 3164381
15.8464 3165061
15.8495 3165741
15.8527 3166421
15.8558 3167101
15.859 3167781
15.8621 3168461
15.8653 3169141
15.8685 3169821
15.8716 3170501
15.8748 3171181
15.8779 3171861
15.8811 3172541
15.8842 3173221
15.8874 3173901
15.8905 3174581
15.8937 3175261
15.8968 3175941
15.9 3176621
15.9031 3177301
15.9063 3177981
15.9094 3178661
15.9126 3179341
15.9157 3180021
15.9189 3180701
15.922 3181381
15.9252 3182061
15.9283 3182741
15.9315 3183421
15.9346 3184101
15.9378 3184781
15.9409 3185461
15.9441 3186141
15.9473 3186821
15.9504 3187501
15.9536 3188181
15.9567 3188861
15.9599 3189541
15.963 3190221
15.9662 3190901
15.9693 3191581
15.9725 3192261
15.9756 3192941
15.9788 3193621
15.9819 3194301
15.9851 3194981
15.9882 3195661
15.9914 3196341
15.9945 3197021
15.9977 3197701
16.0008 3198381
16.004 3199061
16.0071 3199741
16.0103 3200421
16.0134 3201101
16.0166 3201781
16.0197 3202461
16.0229 3203141
16.0261 3203821
16.0292 3204501
16.0324 3205181
16.0355 3205861
16.0387 3206541
16.0418 3207221
16.045 3207901
16.0481 3208581
16.0513 3209261
16.0544 3209941
16.0576 3210621
16.0607 3211301
16.0639 3211981
16.067 3212661
16.0702 3213341
16.0733 3214021
16.0765 3214701
16.0796 3215381
16.0828 3216061
16.0859 3216741
16.0891 3217421
16.0922 3218101
16.0954 3218781
16.0985 3219461
16.1017 3220141
16.1049 3220821
16.108 3221501
16.1112 3222181
16.1143 3222861
16.1175 3223541
16.1206 3224221
16.1238 3224901
16.1269 3225581
16.1301 3226261
16.1332 3226941
16.1364 3227621
16.1395 3228301
16.1427 3228981
16.1458 3229661
16.149 3230341
16.1521 3231021
16.1553 3231701
16.1584 3232381
16.1616 3233061
16.1647 3233741
16.1679 3234421
16.171 3235101
16.1742 3235781
16.1773 3236461
16.1805 3237141
16.1837 3237821
16.1868 3238501
16.19 3239181
16.1931 3239861
16.1963 3240541
16.1994 3241221
16.2026 3241901
16.2057 3242581
16.2089 3243261
16.212 3243941
16.2152 3244621
16.2183 3245301
16.2215 3245981
16.2246 3246661
16.2278 3247341
16.2309 3248021
16.2341 3248701
16.2372 3249381
16.2404 3250061
16.2435 3250741
16.2467 3251421
16.2498 3252101
16.253 3252781
16.2561 3253461
16.2593 3254141
16.2625 3254821
16.2656 3255501
16.2688 3256181
16.2719 3256861
16.2751 3257541
16.2782 3258221
16.2814 3258901
16.2845 3259581
16.2877 3260261
16.2908 3260941
16.294 3261621
16.2971 3262301
16.3003 3262981
16.3034 3263661
16.3066 3264341
16.3097 3265021
16.3129 3265701
16.316 3266381
16.3192 3267061
16.3223 3267741
16.3255 3268421
16.3286 3269101
16.3318 3269781
16.3349 3270461
16.3381 3271141
16.3413 3271821
16.3444 3272501
16.3476 3273181
16.3507 3273861
16.3539 3274541
16.357 3275221
16.3602 3275901
16.3633 3276581
16.3665 3277261
16.3696 3277941
16.3728 3278621
16.3759 3279301
16.3791 3279981
16.3822 3280661
16.3854 3281341
16.3885 3282021
16.3917 3282701
16.3948 3283381
16.398 3284061
16.4011 3284741
16.4043 3285421
16.4074 3286101
16.4106 3286781
16.4137 3287461
16.4169 3288141
16.4201 3288821
16.4232 3289501
16.4264 3290181
16.4295 3290861
16.4327 3291541
16.4358 3292221
16.439 3292901
16.4421 3293581
16.4453 3294261
16.4484 3294941
16.4516 3295621
16.4547 3296301
16.4579 3296981
16.461 3297661
16.4642 3298341
16.4673 3299021
16.4705 3299701
16.4736 3300381
16.4768 3301061
16.4799 3301741
16.4831 3302421
16.4862 3303101
16.4894 3303781
16.4925 3304461
16.4957 3305141
16.4989 3305821
16.502 3306501
16.5052 3307181
16.5083 3307861
16.5115 3308541
16.5146 3309221
16.5178 3309901
16.5209 3310581
16.5241 3311261
16.5272 3311941
16.5304 3312621
16.5335 3313301
16.5367 3313981
16.5398 3314661
16.543 3315341
16.5461 3316021
16.5493 3316701
16.5524 3317381
16.5556 3318061
16.5587 3318741
16.5619 3319421
16.565 3320101
16.5682 3320781
16.5713 3321461
16.5745 3322141
16.5777 3322821
16.5808 3323501
16.584 3324181
16.5871 3324861
16.5903 3325541
16.5934 3326221
16.5966 3326901
16.5997 3327581
16.6029 3328261
16.606 3328941
16.6092 3329621
16.6123 3330301
16.6155 3330981
16.6186 3331661
16.6218 3332341
16.6249 3333021
16.6281 3333701
16.6312 3334381
16.6344 3335061
16.6375 3335741
16.6407 3336421
16.6438 3337101
16.647 3337781
16.6501 3338461
16.6533 3339141
16.6565 3339821
16.6596 3340501
16.6628 3341181
16.6659 3341861
16.6691 3342541
16.6722 3343221
16.6754 3343901
16.6785 3344581
16.6817 3345261
16.6848 3345941
16.688 3346621
16.6911 3347301
16.6943 3347981
16.6974 3348661
16.7006 3349341
16.7037 3350021
16.7069 3350701
16.71 3351381
16.7132 3352061
16.7163 3352741
16.7195 3353421
16.7226 3354101
16.7258 3354781
16.7289 3355461
16.7321 3356141
16.7353 3356821
16.7384 3357501
16.7416 3358181
16.7447 3358861
16.7479 3359541
16.751 3360221
16.7542 3360901
16.7573 3361581
16.7605 3362261
16.7636 3362941
16.7668 3363621
16.7699 3364301
16.7731 3364981
16.7762 3365661
16.7794 3366341
16.7825 3367021
16.7857 3367701
16.7888 3368381
16.792 3369061
16.7951 3369741
16.7983 3370421
16.8014 3371101
16.8046 3371781
16.8077 3372461
16.8109 3373141
16.8141 3373821
16.8172 3374501
16.8204 3375181
16.8235 3375861
16.8267 3376541
16.8298 3377221
16.833 3377901
16.8361 3378581
16.8393 3379261
16.8424 3379941
16.8456 3380621
16.8487 3381301
16.8519 3381981
16.855 3382661
16.8582 3383341
16.8613 3384021
16.8645 3384701
16.8676 3385381
16.8708 3386061
16.8739 3386741
16.8771 3387421
16.8802 3388101
16.8834 3388781
16.8865 3389461
16.8897 3390141
16.8929 3390821
16.896 3391501
16.8992 3392181
16.9023 3392861
16.9055 3393541
16.9086 3394221
16.9118 3394901
16.9149 3395581
16.9181 3396261
16.9212 3396941
16.9244 3397621
16.9275 3398301
16.9307 3398981
16.9338 3399661
16.937 3400341
16.9401 3401021
16.9433 3401701
16.9464 3402381
16.9496 3403061
16.9527 3403741
16.9559 3404421
16.959 3405101
16.9622 3405781
16.9653 3406461
16.9685 3407141
16.9717 3407821
16.9748 3408501
16.978 3409181
16.9811 3409861
16.9843 3410541
16.9874 3411221
16.9906 3411901
16.9937 3412581
16.9969 3413261
17 3413941
17.0032 3414621
17.0063 3415301
17.0095 3415981
17.0126 3416661
17.0158 3417341
17.0189 3418021
17.0221 3418701
17.0252 3419381
17.0284 3420061
17.0315 3420741
17.0347 3421421
17.0378 3422101
17.041 3422781
17.0441 3423461
17.0473 3424141
17.0505 3424821
17.0536 3425501
17.0568 3426181
17.0599 3426861
17.0631 3427541
17.0662 3428221
17.0694 3428901
17.0725 3429581
17.0757 3430261
17.0788 3430941
17.082 3431621
17.0851 3432301
17.0883 3432981
17.0914 3433661
17.0946 3434341
17.0977 3435021
17.1009 3435701
17.104 3436381
17.1072 3437061
17.1103 3437741
17.1135 3438421
17.1166 3439101
17.1198 3439781
17.1229 3440461
17.1261 3441141
17.1293 3441821
17.1324 3442501
17.1356 3443181
17.1387 3443861
17.1419 3444541
17.145 3445221
17.1482 3445901
17.1513 3446581
17.1545 3447261
17.1576 3447941
17.1608 3448621
17.1639 3449301
17.1671 3449981
17.1702 3450661
17.1734 3451341
17.1765 3452021
17.1797 3452701
17.1828 3453381
17.186 3454061
17.1891 3454741
17.1923 3455421
17.1954 3456101
17.1986 3456781
17.2017 3457461
17.2049 3458141
17.2081 3458821
17.2112 3459501
17.2144 3460181
17.2175 3460861
17.2207 3461541
17.2238 3462221
17.227 3462901
17.2301 3463581
17.2333 3464261
17.2364 3464941
17.2396 3465621
17.2427 3466301
17.2459 3466981
17.249 3467661
17.2522 3468341
17.2553 3469021
17.2585 3469701
17.2616 3470381
17.2648 3471061
17.2679 3471741
17.2711 3472421
17.2742 3473101
17.2774 3473781
17.2805 3474461
17.2837 3475141
17.2869 3475821
17.29 3476501
17.2932 3477181
17.2963 3477861
17.2995 3478541
17.3026 3479221
17.3058 3479901
17.3089 3480581
17.3121 3481261
17.3152 3481941
17.3184 3482621
17.3215 3483301
17.3247 3483981
17.3278 3484661
17.331 3485341
17.3341 3486021
17.3373 3486701
17.3404 3487381
17.3436 3488061
17.3467 3488741
17.3499 3489421
17.353 3490101
17.3562 3490781
17.3593 3491461
17.3625 3492141
17.3657 3492821
17.3688 3493501
17.372 3494181
17.3751 3494861
17.3783 3495541
17.3814 3496221
17.3846 3496901
17.3877 3497581
17.3909 3498261
17.394 3498941
17.3972 3499621
17.4003 3500301
17.4035 3500981
17.4066 3501661
17.4098 3502341
17.4129 3503021
17.4161 3503701
17.4192 3504381
17.4224 3505061
17.4255 3505741
17.4287 3506421
17.4318 3507101
17.435 3507781
17.4381 3508461
17.4413 3509141
17.4445 3509821
17.4476 3510501
17.4508 3511181
17.4539 3511861
17.4571 3512541
17.4602 3513221
17.4634 3513901
17.4665 3514581
17.4697 3515261
17.4728 3515941
17.476 3516621
17.4791 3517301
17.4823 3517981
17.4854 3518661
17.4886 3519341
17.4917 3520021
17.4949 3520701
17.498 3521381
17.5012 3522061
17.5043 3522741
17.5075 3523421
17.5106 3524101
17.5138 3524781
17.5169 3525461
17.5201 3526141
17.5233 3526821
17.5264 3527501
17.5296 3528181
17.5327 3528861
17.5359 3529541
17.539 3530221
17.5422 3530901
17.5453 3531581
17.5485 3532261
17.5516 3532941
17.5548 3533621
17.5579 3534301
17.5611 3534981
17.5642 3535661
17.5674 3536341
17.5705 3537021
17.5737 3537701
17.5768 3538381
17.58 3539061
17.5831 3539741
17.5863 3540421
17.5894 3541101
17.5926 3541781
17.5957 3542461
17.5989 3543141
17.6021 3543821
17.6052 3544501
17.6084 3545181
17.6115 3545861
17.6147 3546541
17.6178 3547221
17.621 3547901
17.6241 3548581
17.6273 3549261
17.6304 3549941
17.6336 3550621
17.6367 3551301
17.6399 3551981
17.643 3552661
17.6462 3553341
17.6493 3554021
17.6525 3554701
17.6556 3555381
17.6588 3556061
17.6619 3556741
17.6651 3557421
17.6682 3558101
17.6714 3558781
17.6745 3559461
17.6777 3560141
17.6809 3560821
17.684 3561501
17.6872 3562181
17.6903 3562861
17.6935 3563541
17.6966 3564221
17.6998 3564901
17.7029 3565581
17.7061 3566261
17.7092 3566941
17.7124 3567621
17.7155 3568301
17.7187 3568981
17.7218 3569661
17.725 3570341
17.7281 3571021
17.7313 3571701
17.7344 3572381
17.7376 3573061
17.7407 3573741
17.7439 3574421
17.747 3575101
17.7502 3575781
17.7533 3576461
17.7565 3577141
17.7597 3577821
17.7628 3578501
17.766 3579181
17.7691 3579861
17.7723 3580541
17.7754 3581221
17.7786 3581901
17.7817 3582581
17.7849 3583261
17.788 3583941
17.7912 3584621
17.7943 3585301
17.7975 3585981
17.8006 3586661
17.8038 3587341
17.8069 3588021
17.8101 3588701
17.8132 3589381
17.8164 3590061
17.8195 3590741
17.8227 3591421
17.8258 3592101
17.829 3592781
17.8321 3593461
17.8353 3594141
17.8385 3594821
17.8416 3595501
17.8448 3596181
17.8479 3596861
17.8511 3597541
17.8542 3598221
17.8574 3598901
17.8605 3599581
17.8637 3600261
17.8668 3600941
17.87 3601621
17.8731 3602301
17.8763 3602981
17.8794 3603661
17.8826 3604341
17.8857 3605021
17.8889 3605701
17.892 3606381
17.8952 3607061
17.8983 3607741
17.9015 3608421
17.9046 3609101
17.9078 3609781
17.9109 3610461
17.9141 3611141
17.9173 3611821
17.9204 3612501
17.9236 3613181
17.9267 3613861
17.9299 3614541
17.933 3615221
17.9362 3615901
17.9393 3616581
17.9425 3617261
17.9456 3617941
17.9488 3618621
17.9519 3619301
17.9551 3619981
17.9582 3620661
17.9614 3621341
17.9645 3622021
17.9677 3622701
17.9708 3623381
17.974 3624061
17.9771 3624741
17.9803 3625421
17.9834 3626101
17.9866 3626781
17.9897 3627461
17.9929 3628141
17.9961 3628821
17.9992 3629501
18.0024 3630181
18.0055 3630861
18.0087 3631541
18.0118 3632221
18.015 3632901
18.0181 3633581
18.0213 3634261
18.0244 3634941
18.0276 3635621
18.0307 3636301
18.0339 3636981
18.037 3637661
18.0402 3638341
18.0433 3639021
18.0465 3639701
18.0496 3640381
18.0528 3641061
18.0559 3641741
18.0591 3642421
18.0622 3643101
18.0654 3643781
18.0685 3644461
18.0717 3645141
18.0749 3645821
18.078 3646501
18.0812 3647181
18.0843 3647861
18.0875 3648541
18.0906 3649221
18.0938 3649901
18.0969 3650581
18.1001 3651261
18.1032 3651941
18.1064 3652621
18.1095 3653301
18.1127 3653981
18.1158 3654661
18.119 3655341
18.1221 3656021
18.1253 3656701
18.1284 3657381
18.1316 3658061
18.1347 3658741
18.1379 3659421
18.141 3660101
18.1442 3660781
18.1473 3661461
18.1505 3662141
18.1537 3662821
18.1568 3663501
18.16 3664181
18.1631 3664861
18.1663 3665541
18.1694 3666221
18.1726 3666901
18.1757 3667581
18.1789 3668261
18.182 3668941
18.1852 3669621
18.1883 3670301
18.1915 3670981
18.1946 3671661
18.1978 3672341
18.2009 3673021
18.2041 3673701
18.2072 3674381
18.2104 3675061
18.2135 3675741
18.2167 3676421
18.2198 3677101
18.223 3677781
18.2261 3678461
18.2293 3679141
18.2325 3679821
18.2356 3680501
18.2388 3681181
18.2419 3681861
18.2451 3682541
18.2482 3683221
18.2514 3683901
18.2545 3684581
18.2577 3685261
18.2608 3685941
18.264 3686621
18.2671 3687301
18.2703 3687981
18.2734 3688661
18.2766 3689341
18.2797 3690021
18.2829 3690701
18.286 3691381
18.2892 3692061
18.2923 3692741
18.2955 3693421
18.2986 3694101
18.3018 3694781
18.3049 3695461
18.3081 3696141
18.3113 3696821
18.3144 3697501
18.3176 3698181
18.3207 3698861
18.3239 3699541
18.327 3700221
18.3302 3700901
18.3333 3701581
18.3365 3702261
18.3396 3702941
18.3428 3703621
18.3459 3704301
18.3491 3704981
18.3522 3705661
18.3554 3706341
18.3585 3707021
18.3617 3707701
18.3648 3708381
18.368 3709061
18.3711 3709741
18.3743 3710421
18.3774 3711101
18.3806 3711781
18.3837 3712461
18.3869 3713141
18.3901 3713821
18.3932 3714501
18.3964 3715181
18.3995 3715861
18.4027 3716541
18.4058 3717221
18.409 3717901
18.4121 3718581
18.4153 3719261
18.4184 3719941
18.4216 3720621
18.4247 3721301
18.4279 3721981
18.431 3722661
18.4342 3723341
18.4373 3724021
18.4405 3724701
18.4436 3725381
18.4468 3726061
18.4499 3726741
18.4531 3727421
18.4562 3728101
18.4594 3728781
18.4625 3729461
18.4657 3730141
18.4689 3730821
18.472 3731501
18.4752 3732181
18.4783 3732861
18.4815 3733541
18.4846 3734221
18.4878 3734901
18.4909 3735581
18.4941 3736261
18.4972 3736941
18.5004 3737621
18.5035 3738301
18.5067 3738981
18.5098 3739661
18.513 3740341
18.5161 3741021
18.5193 3741701
18.5224 3742381
18.5256 3743061
18.5287 3743741
18.5319 3744421
18.535 3745101
18.5382 3745781
18.5413 3746461
18.5445 3747141
18.5477 3747821
18.5508 3748501
18.554 3749181
18.5571 3749861
18.5603 3750541
18.5634 3751221
18.5666 3751901
18.5697 3752581
18.5729 3753261
18.576 3753941
18.5792 3754621
18.5823 3755301
18.5855 3755981
18.5886 3756661
18.5918 3757341
18.5949 3758021
18.5981 3758701
18.6012 3759381
18.6044 3760061
18.6075 3760741
18.6107 3761421
18.6138 3762101
18.617 3762781
18.6201 3763461
18.6233 3764141
18.6265 3764821
18.6296 3765501
18.6328 3766181
18.6359 3766861
18.6391 3767541
18.6422 3768221
18.6454 3768901
18.6485 3769581
18.6517 3770261
18.6548 3770941
18.658 3771621
18.6611 3772301
18.6643 3772981
18.6674 3773661
18.6706 3774341
18.6737 3775021
18.6769 3775701
18.68 3776381
18.6832 3777061
18.6863 3777741
18.6895 3778421
18.6926 3779101
18.6958 3779781
18.6989 3780461
18.7021 3781141
18.7053 3781821
18.7084 3782501
18.7116 3783181
18.7147 3783861
18.7179 3784541
18.721 3785221
18.7242 3785901
18.7273 3786581
18.7305 3787261
18.7336 3787941
18.7368 3788621
18.7399 3789301
18.7431 3789981
18.7462 3790661
18.7494 3791341
18.7525 3792021
18.7557 3792701
18.7588 3793381
18.762 3794061
18.7651 3794741
18.7683 3795421
18.7714 3796101
18.7746 3796781
18.7777 3797461
18.7809 3798141
18.7841 3798821
18.7872 3799501
18.7904 3800181
18.7935 3800861
18.7967 3801541
18.7998 3802221
18.803 3802901
18.8061 3803581
18.8093 3804261
18.8124 3804941
18.8156 3805621
18.8187 3806301
18.8219 3806981
18.825 3807661
18.8282 3808341
18.8313 3809021
18.8345 3809701
18.8376 3810381
18.8408 3811061
18.8439 3811741
18.8471 3812421
18.8502 3813101
18.8534 3813781
18.8565 3814461
18.8597 3815141
18.8629 3815821
18.866 3816501
18.8692 3817181
18.8723 3817861
18.8755 3818541
18.8786 3819221
18.8818 3819901
18.8849 3820581
18.8881 3821261
18.8912 3821941
18.8944 3822621
18.8975 3823301
18.9007 3823981
18.9038 3824661
18.907 3825341
18.9101 3826021
18.9133 3826701
18.9164 3827381
18.9196 3828061
18.9227 3828741
18.9259 3829421
18.929 3830101
18.9322 3830781
18.9353 3831461
18.9385 3832141
18.9417 3832821
18.9448 3833501
18.948 3834181
18.9511 3834861
18.9543 3835541
18.9574 3836221
18.9606 3836901
18.9637 3837581
18.9669 3838261
18.97 3838941
18.9732 3839621
18.9763 3840301
18.9795 3840981
18.9826 3841661
18.9858 3842341
18.9889 3843021
18.9921 3843701
18.9952 3844381
18.9984 3845061
19.0015 3845741
19.0047 3846421
19.0078 3847101
19.011 3847781
19.0141 3848461
19.0173 3849141
19.0205 3849821
19.0236 3850501
19.0268 3851181
19.0299 3851861
19.0331 3852541
19.0362 3853221
19.0394 3853901
19.0425 3854581
19.0457 3855261
19.0488 3855941
19.052 3856621
19.0551 3857301
19.0583 3857981
19.0614 3858661
19.0646 3859341
19.0677 3860021
19.0709 3860701
19.074 3861381
19.0772 3862061
19.0803 3862741
19.0835 3863421
19.0866 3864101
19.0898 3864781
19.0929 3865461
19.0961 3866141
19.0993 3866821
19.1024 3867501
19.1056 3868181
19.1087 3868861
19.1119 3869541
19.115 3870221
19.1182 3870901
19.1213 3871581
19.1245 3872261
19.1276 3872941
19.1308 3873621
19.1339 3874301
19.1371 3874981
19.1402 3875661
19.1434 3876341
19.1465 3877021
19.1497 3877701
19.1528 3878381
19.156 3879061
19.1591 3879741
19.1623 3880421
19.1654 3881101
19.1686 3881781
19.1717 3882461
19.1749 3883141
19.1781 3883821
19.1812 3884501
19.1844 3885181
19.1875 3885861
19.1907 3886541
19.1938 3887221
19.197 3887901
19.2001 3888581
19.2033 3889261
19.2064 3889941
19.2096 3890621
19.2127 3891301
19.2159 3891981
19.219 3892661
19.2222 3893341
19.2253 3894021
19.2285 3894701
19.2316 3895381
19.2348 3896061
19.2379 3896741
19.2411 3897421
19.2442 3898101
19.2474 3898781
19.2505 3899461
19.2537 3900141
19.2569 3900821
19.26 3901501
19.2632 3902181
19.2663 3902861
19.2695 3903541
19.2726 3904221
19.2758 3904901
19.2789 3905581
19.2821 3906261
19.2852 3906941
19.2884 3907621
19.2915 3908301
19.2947 3908981
19.2978 3909661
19.301 3910341
19.3041 3911021
19.3073 3911701
19.3104 3912381
19.3136 3913061
19.3167 3913741
19.3199 3914421
19.323 3915101
19.3262 3915781
19.3293 3916461
19.3325 3917141
19.3357 3917821
19.3388 3918501
19.342 3919181
19.3451 3919861
19.3483 3920541
19.3514 3921221
19.3546 3921901
19.3577 3922581
19.3609 3923261
19.364 3923941
19.3672 3924621
19.3703 3925301
19.3735 3925981
19.3766 3926661
19.3798 3927341
19.3829 3928021
19.3861 3928701
19.3892 3929381
19.3924 3930061
19.3955 3930741
19.3987 3931421
19.4018 3932101
19.405 3932781
19.4081 3933461
19.4113 3934141
19.4145 3934821
19.4176 3935501
19.4208 3936181
19.4239 3936861
19.4271 3937541
19.4302 3938221
19.4334 3938901
19.4365 3939581
19.4397 3940261
19.4428 3940941
19.446 3941621
19.4491 3942301
19.4523 3942981
19.4554 3943661
19.4586 3944341
19.4617 3945021
19.4649 3945701
19.468 3946381
19.4712 3947061
19.4743 3947741
19.4775 3948421
19.4806 3949101
19.4838 3949781
19.4869 3950461
19.4901 3951141
19.4933 3951821
19.4964 3952501
19.4996 3953181
19.5027 3953861
19.5059 3954541
19.509 3955221
19.5122 3955901
19.5153 3956581
19.5185 3957261
19.5216 3957941
19.5248 3958621
19.5279 3959301
19.5311 3959981
19.5342 3960661
19.5374 3961341
19.5405 3962021
19.5437 3962701
19.5468 3963381
19.55 3964061
19.5531 3964741
19.5563 3965421
19.5594 3966101
19.5626 3966781
19.5657 3967461
19.5689 3968141
19.5721 3968821
19.5752 3969501
19.5784 3970181
19.5815 3970861
19.5847 3971541
19.5878 3972221
19.591 3972901
19.5941 3973581
19.5973 3974261
19.6004 3974941
19.6036 3975621
19.6067 3976301
19.6099 3976981
19.613 3977661
19.6162 3978341
19.6193 3979021
19.6225 3979701
19.6256 3980381
19.6288 3981061
19.6319 3981741
19.6351 3982421
19.6382 3983101
19.6414 3983781
19.6445 3984461
19.6477 3985141
19.6509 3985821
19.654 3986501
19.6572 3987181
19.6603 3987861
19.6635 3988541
19.6666 3989221
19.6698 3989901
19.6729 3990581
19.6761 3991261
19.6792 3991941
19.6824 3992621
19.6855 3993301
19.6887 3993981
19.6918 3994661
19.695 3995341
19.6981 3996021
19.7013 3996701
19.7044 3997381
19.7076 3998061
19.7107 3998741
19.7139 3999421
19.717 4000101
19.7202 4000781
19.7233 4001461
19.7265 4002141
19.7297 4002821
19.7328 4003501
19.736 4004181
19.7391 4004861
19.7423 4005541
19.7454 4006221
19.7486 4006901
19.7517 4007581
19.7549 4008261
19.758 4008941
19.7612 4009621
19.7643 4010301
19.7675 4010981
19.7706 4011661
19.7738 4012341
19.7769 4013021
19.7801 4013701
19.7832 4014381
19.7864 4015061
19.7895 4015741
19.7927 4016421
19.7958 4017101
19.799 4017781
19.8021 4018461
19.8053 4019141
19.8085 4019821
19.8116 4020501
19.8148 4021181
19.8179 4021861
19.8211 4022541
19.8242 4023221
19.8274 4023901
19.8305 4024581
19.8337 4025261
19.8368 4025941
19.84 4026621
19.8431 4027301
19.8463 4027981
19.8494 4028661
19.8526 4029341
19.8557 4030021
19.8589 4030701
19.862 4031381
19.8652 4032061
19.8683 4032741
19.8715 4033421
19.8746 4034101
19.8778 4034781
19.8809 4035461
19.8841 4036141
19.8873 4036821
19.8904 4037501
19.8936 4038181
19.8967 4038861
19.8999 4039541
19.903 4040221
19.9062 4040901
19.9093 4041581
19.9125 4042261
19.9156 4042941
19.9188 4043621
19.9219 4044301
19.9251 4044981
19.9282 4045661
19.9314 4046341
19.9345 4047021
19.9377 4047701
19.9408 4048381
19.944 4049061
19.9471 4049741
19.9503 4050421
19.9534 4051101
19.9566 4051781
19.9597 4052461
19.9629 4053141
19.9661 4053821
19.9692 4054501
19.9724 4055181
19.9755 4055861
19.9787 4056541
19.9818 4057221
19.985 4057901
19.9881 4058581
19.9913 4059261
19.9944 4059941
19.9976 4060621
20.0007 4061301
20.0039 4061981
20.007 4062661
20.0102 4063341
20.0133 4064021
20.0165 4064701
20.0196 4065381
20.0228 4066061
20.0259 4066741
20.0291 4067421
20.0322 4068101
20.0354 4068781
20.0385 4069461
20.0417 4070141
20.0449 4070821
20.048 4071501
20.0512 4072181
20.0543 4072861
20.0575 4073541
20.0606 4074221
20.0638 4074901
20.0669 4075581
20.0701 4076261
20.0732 4076941
20.0764 4077621
20.0795 4078301
20.0827 4078981
20.0858 4079661
20.089 4080341
20.0921 4081021
20.0953 4081701
20.0984 4082381
