0.0 0
0.0905768 4294967295
0.18279 4294967295
0.276537 4294967295
0.370283 4294967295
0.462454 4294967295
0.465606 4294967295
0.5562 4294967295
0.559352 4294967295
0.562504 4294967295
0.649946 4294967295
0.653098 4294967295
0.65625 4294967295
0.659402 4294967295
0.742117 4294967295
0.745269 4294967295
0.748421 4294967295
0.751573 4294967295
0.754725 4294967295
0.757877 4294967295
0.834287 4294967295
0.837439 4294967295
0.840591 4294967295
0.843743 4294967295
0.846895 4294967295
0.850047 4294967295
0.853199 4294967295
0.856351 4294967295
0.859503 4294967295
0.926458 4294967295
0.92961 4294967295
0.932762 4294967295
0.935914 4294967295
0.939066 4294967295
0.942218 4294967295
0.94537 4294967295
0.948522 4294967295
0.951674 4294967295
0.954826 4294967295
0.957978 4294967295
0.96113 4294967295
0.964282 4294967295
0.967434 4294967295
1.0202 4294967295
1.02336 4294967295
1.02651 4294967295
1.02966 4294967295
1.03281 4294967295
1.03596 4294967295
1.03912 4294967295
1.04227 4294967295
1.04542 4294967295
1.04857 4294967295
1.05172 4294967295
1.05488 4294967295
1.05803 4294967295
1.06118 4294967295
1.06433 4294967295
1.06748 4294967295
1.07064 4294967295
1.07379 4294967295
1.07694 4294967295
1.08009 4294967295
1.08324 4294967295
1.11395 4294967295
1.1171 4294967295
1.12025 4294967295
1.12341 4294967295
1.12656 4294967295
1.12971 4294967295
1.13286 4294967295
1.13601 4294967295
1.13917 4294967295
1.14232 4294967295
1.14547 4294967295
1.14862 4294967295
1.15177 4294967295
1.15493 4294967295
1.15808 4294967295
1.16123 4294967295
1.16438 4294967295
1.16753 4294967295
1.17069 4294967295
1.17384 4294967295
1.17699 4294967295
1.18014 4294967295
1.18329 4294967295
1.18645 4294967295
1.1896 4294967295
1.19275 4294967295
1.1959 4294967295
1.19905 4294967295
1.20221 4294967295
1.20536 4294967295
1.20851 4294967295
1.21166 4294967295
1.21481 4294967295
1.21797 4294967295
1.22112 4294967295
1.22427 4294967295
1.22742 4294967295
1.23057 4294967295
1.23373 4294967295
1.23688 4294967295
1.24003 4294967295
1.24318 4294967295
1.24633 4294967295
1.24949 4294967295
1.25264 4294967295
1.25579 4294967295
1.25894 4294967295
1.26209 4294967295
1.26525 4294967295
1.2684 4294967295
1.27155 4294967295
1.2747 4294967295
1.27785 4294967295
1.28101 4294967295
1.28416 4294967295
1.28731 4294967295
1.29046 4294967295
1.29361 4294967295
1.29677 4294967295
1.29992 4294967295
1.30307 4294967295
1.30622 4294967295
1.30937 4294967295
1.31253 4294967295
1.31568 4294967295
1.31883 4294967295
1.32198 4294967295
1.32513 4294967295
1.32829 4294967295
1.33144 4294967295
1.33459 4294967295
1.33774 4294967295
1.34089 4294967295
1.34405 4294967295
1.3472 4294967295
1.35035 4294967295
1.3535 4294967295
1.35665 4294967295
1.35981 4294967295
1.36296 4294967295
1.36611 4294967295
1.36926 4294967295
1.37241 4294967295
1.37557 4294967295
1.37872 4294967295
1.38187 4294967295
1.38502 4294967295
1.38817 4294967295
1.39133 4294967295
1.39448 4294967295
1.39763 4294967295
1.40078 4294967295
1.40393 4294967295
1.40709 4294967295
1.41024 4294967295
1.41339 4294967295
1.41654 4294967295
1.41969 4294967295
1.42285 4294967295
1.426 4294967295
1.42915 4294967295
1.4323 4294967295
1.43545 4294967295
1.43861 4294967295
1.44176 4294967295
1.44491 4294967295
1.44806 4294967295
1.45121 4294967295
1.45437 4294967295
1.45752 4294967295
1.46067 4294967295
1.46382 4294967295
1.46697 4294967295
1.47013 4294967295
1.47328 4294967295
1.47643 4294967295
1.47958 4294967295
1.48273 4294967295
1.48589 4294967295
1.48904 4294967295
1.49219 4294967295
1.49534 4294967295
1.49849 4294967295
1.50165 4294967295
1.5048 4294967295
1.50795 4294967295
1.5111 4294967295
1.51425 4294967295
1.51741 4294967295
1.52056 4294967295
1.52371 4294967295
1.52686 4294967295
1.53001 4294967295
1.53317 4294967295
1.53632 4294967295
1.53947 4294967295
1.54262 4294967295
1.54577 4294967295
1.54893 4294967295
1.55208 4294967295
1.55523 4294967295
1.55838 4294967295
1.56153 4294967295
1.56469 4294967295
1.56784 4294967295
1.57099 4294967295
1.57414 4294967295
1.57729 4294967295
1.58045 4294967295
1.5836 4294967295
1.58675 4294967295
1.5899 4294967295
1.59305 4294967295
1.59621 4294967295
1.59936 4294967295
1.60251 4294967295
1.60566 4294967295
1.60881 4294967295
1.61197 4294967295
1.61512 4294967295
1.61827 4294967295
1.62142 4294967295
1.62457 4294967295
1.62773 4294967295
1.63088 4294967295
1.63403 4294967295
1.63718 4294967295
1.64033 4294967295
1.64349 4294967295
1.64664 4294967295
1.64979 4294967295
1.65294 4294967295
1.65609 4294967295
1.65925 4294967295
1.6624 4294967295
1.66555 4294967295
1.6687 4294967295
1.67185 4294967295
1.67501 4294967295
1.67816 4294967295
1.68131 4294967295
1.68446 4294967295
1.68761 4294967295
1.69077 4294967295
1.69392 4294967295
1.69707 4294967295
1.70022 4294967295
1.70337 4294967295
1.70653 4294967295
1.70968 4294967295
1.71283 4294967295
1.71598 4294967295
1.71913 4294967295
1.72229 4294967295
1.72544 4294967295
1.72859 4294967295
1.73174 4294967295
1.73489 4294967295
1.73805 4294967295
1.7412 4294967295
1.74435 4294967295
1.7475 4294967295
1.75065 4294967295
1.75381 4294967295
1.75696 4294967295
1.76011 4294967295
1.76326 4294967295
1.76641 4294967295
1.76957 4294967295
1.77272 4294967295
1.77587 4294967295
1.77902 4294967295
1.78217 4294967295
1.78533 4294967295
1.78848 4294967295
1.79163 4294967295
1.79478 4294967295
1.79793 4294967295
1.80109 4294967295
1.80424 4294967295
1.80739 4294967295
1.81054 4294967295
1.81369 4294967295
1.81685 4294967295
1.82 4294967295
1.82315 4294967295
1.8263 4294967295
1.82945 4294967295
1.83261 4294967295
1.83576 4294967295
1.83891 4294967295
1.84206 4294967295
1.84521 4294967295
1.84837 4294967295
1.85152 4294967295
1.85467 4294967295
1.85782 4294967295
1.86097 4294967295
1.86413 4294967295
1.86728 4294967295
1.87043 4294967295
1.87358 4294967295
1.87673 4294967295
1.87989 4294967295
1.88304 4294967295
1.88619 4294967295
1.88934 4294967295
1.89249 4294967295
1.89565 4294967295
1.8988 4294967295
1.90195 4294967295
1.9051 4294967295
1.90825 4294967295
1.91141 4294967295
1.91456 4294967295
1.91771 4294967295
1.92086 4294967295
1.92401 4294967295
1.92717 4294967295
1.93197 56100
1.93197 56100
2.73727 28560
2.73727 28560
3.51892 28560
3.65131 28560
3.74272 28560
3.83412 28560
3.93184 28560
4.07052 28560
4.21236 28560
4.35736 28560
4.50235 28560
4.64734 28560
4.79548 28560
4.94678 28560
5.09808 28560
5.24937 28560
5.40382 28560
5.56142 28560
5.71902 28560
5.87662 28560
6.03737 28560
6.27692 28560
6.60473 28560
6.93569 28560
7.2698 28560
7.60707 28560
7.94748 28560
8.29105 28560
8.63777 28560
8.98764 28560
9.34067 28560
9.69684 28560
10.0562 28560
10.4186 28560
10.7843 28560
11.1531 28560
11.525 28560
11.9001 28560
12.2783 28560
12.6597 28560
13.0443 28560
13.432 28560
13.8228 28560
14.2168 28560
14.614 28560
15.0143 28560
15.4177 28560
15.8243 28560
16.2341 28560
16.647 28560
17.0631 28560
17.4823 28560
17.9046 28560
18.3302 28560
18.7588 28560
19.1907 28560
19.6256 28560
20.0638 28560
