0.0905768 1
0.18279 341
0.276537 1021
0.370283 1701
0.462454 2381
0.465606 3061
0.5562 3741
0.559352 4421
0.562504 5101
0.649946 5781
0.653098 6461
0.65625 7141
0.659402 7821
0.742117 8501
0.745269 9181
0.748421 9861
0.751573 10541
0.754725 11221
0.757877 11901
0.834287 12581
0.837439 13261
0.840591 13941
0.843743 14621
0.846895 15301
0.850047 15981
0.853199 16661
0.856351 17341
0.859503 18021
0.926458 18701
0.92961 19381
0.932762 20061
0.935914 20741
0.939066 21421
0.942218 22101
0.94537 22781
0.948522 23461
0.951674 24141
0.954826 24821
0.957978 25501
0.96113 26181
0.964282 26861
0.967434 27541
1.0202 28221
1.02336 28901
1.02651 29581
1.02966 30261
1.03281 30941
1.03596 31621
1.03912 32301
1.04227 32981
1.04542 33661
1.04857 34341
1.05172 35021
1.05488 35701
1.05803 36381
1.06118 37061
1.06433 37741
1.06748 38421
1.07064 39101
1.07379 39781
1.07694 40461
1.08009 41141
1.08324 41821
1.11395 42501
1.1171 43181
1.12025 43861
1.12341 44541
1.12656 45221
1.12971 45901
1.13286 46581
1.13601 47261
1.13917 47941
1.14232 48621
1.14547 49301
1.14862 49981
1.15177 50661
1.15493 51341
1.15808 52021
1.16123 52701
1.16438 53381
1.16753 54061
1.17069 54741
1.17384 55421
1.17699 56101
1.18014 56781
1.18329 57461
1.18645 58141
1.1896 58821
1.19275 59501
1.1959 60181
1.19905 60861
1.20221 61541
1.20536 62221
1.20851 62901
1.21166 63581
1.21481 64261
1.21797 64941
1.22112 65621
1.22427 66301
1.22742 66981
1.23057 67661
1.23373 68341
1.23688 69021
1.24003 69701
1.24318 70381
1.24633 71061
1.24949 71741
1.25264 72421
1.25579 73101
1.25894 73781
1.26209 74461
1.26525 75141
1.2684 75821
1.27155 76501
1.2747 77181
1.27785 77861
1.28101 78541
1.28416 79221
1.28731 79901
1.29046 80581
1.29361 81261
1.29677 81941
1.29992 82621
1.30307 83301
1.30622 83981
1.30937 84661
1.31253 85341
1.31568 86021
1.31883 86701
1.32198 87381
1.32513 88061
1.32829 88741
1.33144 89421
1.33459 90101
1.33774 90781
1.34089 91461
1.34405 92141
1.3472 92821
1.35035 93501
1.3535 94181
1.35665 94861
1.35981 95541
1.36296 96221
1.36611 96901
1.36926 97581
1.37241 98261
1.37557 98941
1.37872 99621
1.38187 100301
1.38502 100981
1.38817 101661
1.39133 102341
1.39448 103021
1.39763 103701
1.40078 104381
1.40393 105061
1.40709 105741
1.41024 106421
1.41339 107101
1.41654 107781
1.41969 108461
1.42285 109141
1.426 109821
1.42915 110501
1.4323 111181
1.43545 111861
1.43861 112541
1.44176 113221
1.44491 113901
1.44806 114581
1.45121 115261
1.45437 115941
1.45752 116621
1.46067 117301
1.46382 117981
1.46697 118661
1.47013 119341
1.47328 120021
1.47643 120701
1.47958 121381
1.48273 122061
1.48589 122741
1.48904 123421
1.49219 124101
1.49534 124781
1.49849 125461
1.50165 126141
1.5048 126821
1.50795 127501
1.5111 128181
1.51425 128861
1.51741 129541
1.52056 130221
1.52371 130901
1.52686 131581
1.53001 132261
1.53317 132941
1.53632 133621
1.53947 134301
1.54262 134981
1.54577 135661
1.54893 136341
1.55208 137021
1.55523 137701
1.55838 138381
1.56153 139061
1.56469 139741
1.56784 140421
1.57099 141101
1.57414 141781
1.57729 142461
1.58045 143141
1.5836 143821
1.58675 144501
1.5899 145181
1.59305 145861
1.59621 146541
1.59936 147221
1.60251 147901
1.60566 148581
1.60881 149261
1.61197 149941
1.61512 150621
1.61827 151301
1.62142 151981
1.62457 152661
1.62773 153341
1.63088 154021
1.63403 154701
1.63718 155381
1.64033 156061
1.64349 156741
1.64664 157421
1.64979 158101
1.65294 158781
1.65609 159461
1.65925 160141
1.6624 160821
1.66555 161501
1.6687 162181
1.67185 162861
1.67501 163541
1.67816 164221
1.68131 164901
1.68446 165581
1.68761 166261
1.69077 166941
1.69392 167621
1.69707 168301
1.70022 168981
1.70337 169661
1.70653 170341
1.70968 171021
1.71283 171701
1.71598 172381
1.71913 173061
1.72229 173741
1.72544 174421
1.72859 175101
1.73174 175781
1.73489 176461
1.73805 177141
1.7412 177821
1.74435 178501
1.7475 179181
1.75065 179861
1.75381 180541
1.75696 181221
1.76011 181901
1.76326 182581
1.76641 183261
1.76957 183941
1.77272 184621
1.77587 185301
1.77902 185981
1.78217 186661
1.78533 187341
1.78848 188021
1.79163 188701
1.79478 189381
1.79793 190061
1.80109 190741
1.80424 191421
1.80739 192101
1.81054 192781
1.81369 193461
1.81685 194141
1.82 194821
1.82315 195501
1.8263 196181
1.82945 196861
1.83261 197541
1.83576 198221
1.83891 198901
1.84206 199581
1.84521 200261
1.84837 200941
1.85152 201621
1.85467 202301
1.85782 202981
1.86097 203661
1.86413 204341
1.86728 205021
1.87043 205701
1.87358 206381
1.87673 207061
1.87989 207741
1.88304 208421
1.88619 209101
1.88934 209781
1.89249 210461
1.89565 211141
1.8988 211821
1.90195 212501
1.9051 213181
1.90825 213861
1.91141 214541
1.91456 215221
1.91771 215901
1.92086 216581
1.92401 217261
1.92717 217941
2.26927 218961
2.27085 219981
2.27242 221001
2.274 222021
2.27558 223041
2.27715 224061
2.27873 225081
2.2803 226101
2.28188 227121
2.28346 228141
2.28503 229161
2.28661 230181
2.28818 231201
2.28976 232221
2.29134 233241
2.29291 234261
2.29449 235281
2.29606 236301
2.29764 237321
2.29922 238341
2.30079 239361
2.30237 240381
2.3071 241401
2.31182 242421
2.31655 243441
2.32128 244461
2.32601 245481
2.33074 246501
2.33546 247521
2.34019 248541
2.34492 249561
2.34965 250581
2.35438 251601
2.3591 252621
2.36383 253641
2.36856 254661
2.37329 255681
2.37802 256701
2.38274 257721
2.38747 258741
2.3922 259761
2.39693 260781
2.40166 261801
2.40481 262821
2.40796 263841
2.41111 264861
2.41426 265881
2.41742 266901
2.42057 267921
2.42372 268941
2.42687 269961
2.43002 270981
2.43318 272001
2.43633 273021
2.43948 274041
2.44263 275061
2.44578 276081
2.44894 277101
2.45209 278121
2.45524 279141
2.45839 280161
2.46154 281181
2.4647 282201
2.46785 283221
2.471 284241
2.47415 285261
2.4773 286281
2.48046 287301
2.48361 288321
2.48676 289341
2.48991 290361
2.49306 291381
2.49622 292401
2.49937 293421
2.50252 294441
2.50567 295461
2.50882 296481
2.51198 297501
2.51513 298521
2.51828 299541
2.52143 300561
2.52458 301581
2.52774 302601
2.53089 303621
2.53404 304641
2.53719 305661
2.54034 306681
2.5435 307701
2.54665 308721
2.5498 309741
2.55295 310761
2.5561 311781
2.55926 312801
2.56241 313821
2.56556 314841
2.56871 315861
2.57186 316881
2.57502 317901
2.57817 318921
2.58132 319941
2.58447 320961
2.58762 321981
2.59078 323001
2.59393 324021
2.59708 325041
2.60023 326061
2.60338 327081
2.64121 342381
2.7468 343061
2.74995 343741
2.7531 344421
2.75626 345101
2.75941 345781
2.76256 346461
2.76571 347141
2.76886 347821
2.77202 348501
2.77517 349181
2.77832 349861
2.78147 350541
2.78462 351221
2.78778 351901
2.79093 352581
2.79408 353261
2.79723 353941
2.80038 354621
2.80354 355301
2.80669 355981
2.80984 356661
2.81299 357341
2.81614 358021
2.8193 358701
2.82245 359381
2.8256 360061
2.82875 360741
2.8319 361421
2.83506 362101
2.83821 362781
2.84136 363461
2.84451 364141
2.84766 364821
2.85082 365501
2.85397 366181
2.85712 366861
2.86027 367541
2.86342 368221
2.86658 368901
2.86973 369581
2.87288 370261
2.87603 370941
2.87918 371621
2.88234 372301
2.88549 372981
2.88864 373661
2.89179 374341
2.89494 375021
2.8981 375701
2.90125 376381
2.9044 377061
2.90755 377741
2.9107 378421
2.91386 379101
2.91701 379781
2.92016 380461
2.92331 381141
2.92646 381821
2.92962 382501
2.93277 383181
2.93592 383861
2.93907 384541
2.94222 385221
2.94538 385901
2.94853 386581
2.9501 386921
2.95168 387261
2.95326 387601
2.95483 387941
2.95641 388281
2.95798 388621
2.95956 388961
2.96114 389301
2.96271 389641
2.96429 389981
2.96586 390321
2.96744 390661
2.96902 391001
2.97059 391341
2.97217 391681
2.97374 392021
2.97532 392361
2.9769 392701
2.97847 393041
2.98005 393381
2.98162 393721
2.9832 394061
2.98478 394741
2.98635 395761
2.98793 396781
2.9895 397801
2.99108 398821
2.99266 399841
2.99423 400861
2.99581 401881
2.99738 402901
2.99896 403921
3.00054 404941
3.00211 405961
3.00369 406981
3.00526 408001
3.00684 409021
3.00842 410041
3.00999 411061
3.01157 412081
3.01314 413101
3.0163 414121
3.02102 415141
3.22429 415821
3.23056 416501
3.35191 416841
3.54426 417181
3.7318 417861
3.88467 418201
3.97696 418541
3.97853 418881
4.06924 419561
4.07082 419901
4.0724 420241
4.07397 420581
4.16153 421261
4.1631 421601
4.16468 421941
4.16626 422281
4.16783 422961
4.16941 423301
4.17098 423641
4.17256 423981
4.25381 424661
4.25539 425001
4.25697 425341
4.25854 425681
4.26012 426361
4.26169 426701
4.26327 427041
4.26485 427381
4.26642 428061
4.268 428401
4.26957 428741
4.27115 429081
4.27273 429761
4.2743 430101
4.27588 430441
4.27745 430781
4.3461 431461
4.34768 431801
4.34925 432141
4.35083 432481
4.3524 433161
4.35398 433501
4.35556 433841
4.35713 434181
4.35871 434861
4.36028 435201
4.36186 435541
4.36344 435881
4.36501 436561
4.36659 436901
4.36816 437241
4.36974 437581
4.37132 438261
4.37289 438601
4.37447 438941
4.37604 439281
4.37762 439961
4.3792 440301
4.38077 440641
4.38235 440981
4.38392 441661
4.3855 442001
4.38708 442341
4.38865 442681
4.39023 443361
4.3918 443701
4.39338 444041
4.39496 444381
4.43839 445061
4.43996 445401
4.44154 445741
4.44311 446081
4.44469 446761
4.44627 447101
4.44784 447441
4.44942 447781
4.45099 448461
4.45257 448801
4.45415 449141
4.45572 449481
4.4573 450161
4.45887 450501
4.46045 450841
4.46203 451181
4.4636 451861
4.46518 452201
4.46675 452541
4.46833 452881
4.46991 453561
4.47148 453901
4.47306 454241
4.47463 454581
4.47621 455261
4.47779 455601
4.47936 455941
4.48094 456281
4.48251 456961
4.48409 457301
4.48567 457641
4.48724 457981
4.48882 458661
4.49039 459001
4.49185 603841
4.49501 604521
4.49816 605201
4.50131 605881
4.50446 606561
4.50761 607241
4.51077 607921
4.51392 608601
4.51707 609281
4.52022 609961
4.52337 610641
4.52653 611321
4.52968 612001
4.53283 612681
4.53598 613361
4.53913 614041
4.54229 614721
4.54544 615401
4.54859 616081
4.55174 616761
4.55489 617441
4.55805 618121
4.5612 618801
4.56435 619481
4.5675 620161
4.57065 620841
4.57381 621521
4.57696 622201
4.58011 622881
4.58326 623561
4.58641 624241
4.58957 624921
4.59272 625601
4.59587 626281
4.59902 626961
4.60217 627641
4.60533 628321
4.60848 629001
4.61163 629681
4.61478 630361
4.61793 631041
4.62109 631721
4.62424 632401
4.62739 633081
4.63054 633761
4.63369 634441
4.63685 635121
4.64 635801
4.64315 636481
4.6463 637161
4.64945 637841
4.65261 638521
4.65576 639201
4.65891 639881
4.66206 640561
4.66521 641241
4.66837 641921
4.67152 642601
4.67467 643281
4.67782 643961
4.68097 644641
4.68413 645321
4.68728 646001
4.69043 646681
4.69358 647361
4.69673 648041
4.69989 648721
4.70304 649401
4.70619 650081
4.70934 650761
4.71249 651441
4.71565 652121
4.7188 652801
4.72195 653481
4.7251 654161
4.72825 654841
4.73141 655521
4.73456 656201
4.73771 656881
4.74086 657561
4.74401 658241
4.74717 658921
4.75032 659601
4.75347 660281
4.75662 660961
4.75977 661641
4.76293 662321
4.76608 663001
4.76923 663681
4.77238 664361
4.77553 665041
4.77869 665721
4.78184 666401
4.78499 667081
4.78814 667761
4.79129 668441
4.79445 669121
4.7976 669801
4.80075 670481
4.8039 671161
4.80705 671841
4.81021 672521
4.81336 673201
4.81651 673881
4.81966 674561
4.82281 675241
4.82597 675921
4.82912 676601
4.83227 677281
4.83542 677961
4.83857 678641
4.84173 679321
4.84488 680001
4.84803 680681
4.85118 681361
4.85433 682041
4.85749 682721
4.86064 683401
4.86379 684081
4.86694 684761
4.87009 685441
4.87325 686121
4.8764 686801
4.87955 687481
4.8827 688161
4.88585 688841
4.88901 689521
4.89216 690201
4.89531 690881
4.89846 691561
4.90161 692241
4.90477 692921
4.90792 693601
4.91107 694281
4.91422 694961
4.91737 695641
4.92053 696321
4.92368 697001
4.92683 697681
4.92998 698361
4.93313 699041
4.93629 699721
4.93944 700401
4.94259 701081
4.94574 701761
4.94889 702441
4.95205 703121
4.9552 703801
4.95835 704481
4.9615 705161
4.96465 705841
4.96781 706521
4.97096 707201
4.97411 707881
4.97726 708561
4.98041 709241
4.98357 709921
4.98672 710601
4.98987 711281
4.99302 711961
4.99617 712641
4.99933 713321
5.00248 714001
5.00563 714681
5.00878 715361
5.01193 716041
5.01509 716721
5.01824 717401
5.02139 718081
5.02454 718761
5.02769 719441
5.03085 720121
5.034 720801
5.03715 721481
5.0403 722161
5.04345 722841
5.04661 723521
5.04976 724201
5.05291 724881
5.05606 725561
5.05921 726241
5.06237 726921
5.06552 727601
5.06867 728281
5.07182 728961
5.07497 729641
5.07813 730321
5.08128 731001
5.08443 731681
5.08758 732361
5.09073 733041
5.09389 733721
5.09704 734401
5.10019 735081
5.10334 735761
5.10649 736441
5.10965 737121
5.1128 737801
5.11595 738481
5.1191 739161
5.12225 739841
5.12541 740521
5.12856 741201
5.13171 741881
5.13486 742561
5.13801 743241
5.14117 743921
5.14432 744601
5.14747 745281
5.15062 745961
5.15377 746641
5.15693 747321
5.16008 748001
5.16323 748681
5.16638 749361
5.16953 750041
5.17269 750721
5.17584 751401
5.17899 752081
5.18214 752761
5.18529 753441
5.18845 754121
5.1916 754801
5.19475 755481
5.1979 756161
5.20105 756841
5.20421 757521
5.20736 758201
5.21051 758881
5.21366 759561
5.21681 760241
5.21997 760921
5.22312 761601
5.22627 762281
5.22942 762961
5.23257 763641
5.23573 764321
5.23888 765001
5.24203 765681
5.24518 766361
5.24833 767041
5.25149 767721
5.25464 768401
5.25779 769081
5.26094 769761
5.26409 770441
5.26725 771121
5.2704 771801
5.27355 772481
5.2767 773161
5.27985 773841
5.28301 774521
5.28616 775201
5.28931 775881
5.29246 776561
5.29561 777241
5.29877 777921
5.30192 778601
5.30507 779281
5.30822 779961
5.31137 780641
5.31453 781321
5.31768 782001
5.32083 782681
5.32398 783361
5.32713 784041
5.33029 784721
5.33344 785401
5.33659 786081
5.33974 786761
5.34289 787441
5.34605 788121
5.3492 788801
5.35235 789481
5.3555 790161
5.35865 790841
5.36181 791521
5.36496 792201
5.36811 792881
5.37126 793561
5.37441 794241
5.37757 794921
5.38072 795601
5.38387 796281
5.38702 796961
5.39017 797641
5.39333 798321
5.39648 799001
5.39963 799681
5.40278 800361
5.40593 801041
5.40909 801721
5.41224 802401
5.41539 803081
5.41854 803761
5.42169 804441
5.42485 805121
5.76695 822461
5.80005 839801
5.88039 857141
5.96072 874481
6.04106 938061
6.04421 938741
6.04737 939421
6.05052 940101
6.05367 940781
6.05682 941461
6.05997 942141
6.06313 942821
6.06785 943501
6.07101 944181
6.07416 944861
6.07731 945541
6.08046 946221
6.08361 946901
6.08677 947581
6.08992 948261
6.09307 948941
6.09622 949621
6.09937 949961
6.10253 950641
6.10568 951321
6.10883 952001
6.11198 952681
6.11513 953361
6.11829 954041
6.12144 954721
6.12459 955401
6.12774 956081
6.13089 956761
6.13405 957441
6.1372 958121
6.14035 958801
6.1435 959481
6.14665 960161
6.14981 960841
6.15296 961521
6.15611 962201
6.15926 962881
6.16241 963561
6.16557 964241
6.16872 964921
6.17187 965601
6.17502 966281
6.17817 966961
6.18133 967301
6.18448 967981
6.18763 968661
6.19078 969341
6.19393 970021
6.19709 970701
6.20024 971381
6.20339 972061
6.20654 972741
6.20969 973421
6.21285 974101
6.216 974781
6.21915 975461
6.2223 976141
6.22545 976821
6.22861 977501
6.23176 978181
6.23491 978861
6.23806 979541
6.24121 980221
6.24437 980901
6.24752 981581
6.25067 982261
6.25382 982941
6.25697 983621
6.26013 984301
6.26328 984641
6.26643 985321
6.26958 986001
6.27273 986681
6.27589 987361
6.27904 988041
6.28219 988721
6.28534 989401
6.28849 990081
6.29165 990761
6.2948 991441
6.29795 992121
6.3011 992801
6.30425 993481
6.30741 994161
6.31056 994841
6.31371 995521
6.31686 996201
6.32001 996881
6.32316 997561
6.32632 998241
6.32947 998921
6.33262 999601
6.33577 1000281
6.33892 1000961
6.34208 1001641
6.34523 1002321
6.34838 1003001
6.35153 1003681
6.35468 1004361
6.35784 1005041
6.36099 1005721
6.36414 1006401
6.36729 1007081
6.37044 1007761
6.3736 1008441
6.37675 1009121
6.3799 1009801
6.38305 1010481
6.3862 1011161
6.38936 1011841
6.39251 1012521
6.39566 1013201
6.39881 1013881
6.40196 1014561
6.40512 1015241
6.40827 1015921
6.41142 1016601
6.41457 1017281
6.41772 1017961
6.42088 1018641
6.42403 1019321
6.42718 1020001
6.43033 1020681
6.43348 1021361
6.43664 1022041
6.43979 1022721
6.44294 1023401
6.44609 1024081
6.44924 1024761
6.4524 1025441
6.45555 1026121
6.4587 1026801
6.46185 1027481
6.465 1028161
6.46816 1028841
6.47131 1029521
6.47446 1030201
6.47761 1030881
6.48076 1031561
6.48392 1032241
6.48707 1032921
6.49022 1033601
6.49337 1034281
6.49652 1034961
6.49968 1035641
6.50283 1036321
6.50598 1037001
6.50913 1037681
6.51228 1038361
6.51544 1039041
6.51859 1039721
6.52174 1040401
6.52489 1041081
6.52804 1041761
6.5312 1042441
6.53435 1043121
6.5375 1043801
6.54065 1044481
6.5438 1045161
6.54696 1045841
6.55011 1046521
6.55326 1047201
6.55641 1047881
6.55956 1048561
6.56272 1049241
6.56587 1049921
6.56902 1050601
6.57217 1051281
6.57532 1051961
6.57848 1052641
6.58163 1053321
6.58478 1054001
6.58793 1054681
6.59108 1055361
6.59424 1056041
6.59739 1056721
6.60054 1057401
6.60369 1058081
6.60684 1058761
6.61 1059441
6.61315 1060121
6.6163 1060801
6.61945 1061481
6.6226 1062161
6.62576 1062841
6.62891 1063521
6.63206 1064201
6.63521 1064881
6.63836 1065561
6.64152 1066241
6.64467 1066921
6.64782 1067601
6.65097 1068281
6.65412 1068961
6.65728 1069641
6.66043 1070321
6.66358 1071001
6.66673 1071681
6.66988 1072361
6.67304 1073041
6.67619 1073721
6.67934 1074401
6.68249 1075081
6.68564 1075761
6.6888 1076441
6.69195 1077121
6.6951 1077801
6.69825 1078481
6.7014 1079161
6.70456 1079841
6.70771 1080521
6.71086 1081201
6.71401 1081881
6.71716 1082561
6.72032 1083241
6.72347 1083921
6.72662 1084601
6.72977 1085281
6.73292 1085961
6.73608 1086641
6.73923 1087321
6.74238 1088001
6.74553 1088681
6.74868 1089361
6.75184 1090041
6.75499 1090721
6.75814 1091401
6.76129 1092081
6.76444 1092761
6.7676 1093441
6.77075 1094121
6.7739 1094801
6.77705 1095481
6.7802 1096161
6.78336 1096841
6.78651 1097521
6.78966 1098201
6.79281 1098881
6.79596 1099561
6.79912 1100241
6.80227 1100921
6.80542 1101601
6.80857 1102281
6.81172 1102961
6.81488 1103641
6.81803 1104321
6.82118 1105001
6.82433 1105681
6.82748 1106361
6.83064 1107041
6.83379 1107721
6.83694 1108401
6.84009 1109081
6.84324 1109761
6.8464 1110441
6.84955 1111121
6.8527 1111801
6.85585 1112481
6.859 1113161
6.86216 1113841
6.86531 1114521
6.86846 1115201
6.87161 1115881
6.87476 1116561
6.87792 1117241
6.88107 1117921
6.88422 1118601
6.88737 1119281
6.89052 1119961
6.89368 1120641
6.89683 1121321
6.89998 1122001
6.90313 1122681
6.90628 1123361
6.90944 1124041
6.91259 1124721
6.91574 1125401
6.91889 1126081
6.92204 1126761
6.9252 1127441
6.92835 1128121
6.9315 1128801
6.93465 1129481
6.9378 1130161
6.94096 1130841
6.94411 1131521
6.94726 1132201
6.95041 1132881
6.95356 1133561
6.95672 1134241
6.95987 1134921
6.96302 1135601
6.96617 1136281
6.96932 1136961
6.97248 1137641
6.97563 1138321
6.97878 1139001
6.98193 1139681
6.98508 1140361
6.98824 1141041
6.99139 1141721
6.99454 1142401
6.99769 1143081
7.00084 1143761
7.004 1144441
7.00715 1145121
7.0103 1145801
7.01345 1146481
7.0166 1147161
7.01976 1147841
7.02291 1148521
7.02606 1149201
7.02921 1149881
7.03236 1150561
7.03552 1151241
7.03867 1151921
7.04182 1152601
7.04497 1153281
7.04812 1153961
7.05128 1154641
7.05443 1155321
7.05758 1156001
7.06073 1156681
7.06388 1157361
7.06704 1158041
7.07019 1158721
7.07334 1159401
7.07649 1160081
7.07964 1160761
7.0828 1161441
7.08595 1162121
7.0891 1162801
7.09225 1163481
7.0954 1164161
7.09856 1164841
7.10171 1165521
7.10486 1166201
7.10801 1166881
7.11116 1167561
7.11432 1168241
7.11747 1168921
7.12062 1169601
7.12377 1170281
7.12692 1170961
7.13008 1171641
7.13323 1172321
7.13638 1173001
7.13953 1173681
7.14268 1174361
7.14584 1175041
7.14899 1175721
7.15214 1176401
7.15529 1177081
7.15844 1177761
7.1616 1178441
7.16475 1179121
7.1679 1179801
7.17105 1180481
7.1742 1181161
7.17736 1181841
7.18051 1182521
7.18366 1183201
7.18681 1183881
7.18996 1184561
7.19312 1185241
7.19627 1185921
7.19942 1186601
7.20257 1187281
7.20572 1187961
7.20888 1188641
7.21203 1189321
7.21518 1190001
7.21833 1190681
7.22148 1191361
7.22464 1192041
7.22779 1192721
7.23094 1193401
7.23409 1194081
7.23724 1194761
7.2404 1195441
7.24355 1196121
7.2467 1196801
7.24985 1197481
7.253 1198161
7.25616 1198841
7.25931 1199521
7.26246 1200201
7.26561 1200881
7.26876 1201561
7.27192 1202241
7.27507 1202921
7.27822 1203601
7.28137 1204281
7.28452 1204961
7.28768 1205641
7.29083 1206321
7.29398 1207001
7.29713 1207681
7.30028 1208361
7.30344 1209041
7.30659 1209721
7.30974 1210401
7.31289 1211081
7.31604 1211761
7.3192 1212441
7.32235 1213121
7.3255 1213801
7.32865 1214481
7.3318 1215161
7.33496 1215841
7.33811 1216521
7.34126 1217201
7.34441 1217881
7.34756 1218561
7.35072 1219241
7.35387 1219921
7.35702 1220601
7.36017 1221281
7.36332 1221961
7.36648 1222641
7.36963 1223321
7.37278 1224001
7.37593 1224681
7.37908 1225361
7.38224 1226041
7.38539 1226721
7.38854 1227401
7.39169 1228081
7.39484 1228761
7.398 1229441
7.40115 1230121
7.4043 1230801
7.40745 1231481
7.4106 1232161
7.41376 1232841
7.41691 1233521
7.42006 1234201
7.42321 1234881
7.42636 1235561
7.42952 1236241
7.43267 1236921
7.43582 1237601
7.43897 1238281
7.44212 1238961
7.44528 1239641
7.44843 1240321
7.45158 1241001
7.45473 1241681
7.45788 1242361
7.46104 1243041
7.46419 1243721
7.46734 1244401
7.47049 1245081
7.47364 1245761
7.4768 1246441
7.47995 1247121
7.4831 1247801
7.48625 1248481
7.4894 1249161
7.49256 1249841
7.49571 1250521
7.49886 1251201
7.50201 1251881
7.50516 1252561
7.50832 1253241
7.51147 1253921
7.51462 1254601
7.51777 1255281
7.52092 1255961
7.52408 1256641
7.52723 1257321
7.53038 1258001
7.53353 1258681
7.53668 1259361
7.53984 1260041
7.54299 1260721
7.54614 1261401
7.54929 1262081
7.55244 1262761
7.5556 1263441
7.55875 1264121
7.5619 1264801
7.56505 1265481
7.5682 1266161
7.57136 1266841
7.57451 1267521
7.57766 1268201
7.58081 1268881
7.58396 1269561
7.58712 1270241
7.59027 1270921
7.59342 1271601
7.59657 1272281
7.59972 1272961
7.60288 1273641
7.60603 1274321
7.60918 1275001
7.61233 1275681
7.61548 1276361
7.61864 1277041
7.62179 1277721
7.62494 1278401
7.62809 1279081
7.63124 1279761
7.6344 1280441
7.63755 1281121
7.6407 1281801
7.64385 1282481
7.647 1283161
7.65016 1283841
7.65331 1284521
7.65646 1285201
7.65961 1285881
7.66276 1286561
7.66592 1287241
7.66907 1287921
7.67222 1288601
7.67537 1289281
7.67852 1289961
7.68168 1290641
7.68483 1291321
7.68798 1292001
7.69113 1292681
7.69428 1293361
7.69744 1294041
7.70059 1294721
7.70374 1295401
7.70689 1296081
7.71004 1296761
7.7132 1297441
7.71635 1298121
7.7195 1298801
7.72265 1299481
7.7258 1300161
7.72896 1300841
7.73211 1301521
7.73526 1302201
7.73841 1302881
7.74156 1303561
7.74472 1304241
7.74787 1304921
7.75102 1305601
7.75417 1306281
7.75732 1306961
7.76048 1307641
7.76363 1308321
7.76678 1309001
7.76993 1309681
7.77308 1310361
7.77624 1311041
7.77939 1311721
7.78254 1312401
7.78569 1313081
7.78884 1313761
7.792 1314441
7.79515 1315121
7.7983 1315801
7.80145 1316481
7.8046 1317161
7.80776 1317841
7.81091 1318521
7.81406 1319201
7.81721 1319881
7.82036 1320561
7.82352 1321241
7.82667 1321921
7.82982 1322601
7.83297 1323281
7.83612 1323961
7.83928 1324641
7.84243 1325321
7.84558 1326001
7.84873 1326681
7.85188 1327361
7.85504 1328041
7.85819 1328721
7.86134 1329401
7.86449 1330081
7.86764 1330761
7.8708 1331441
7.87395 1332121
7.8771 1332801
7.88025 1333481
7.8834 1334161
7.88656 1334841
7.88971 1335521
7.89286 1336201
7.89601 1336881
7.89916 1337561
7.90232 1338241
7.90547 1338921
7.90862 1339601
7.91177 1340281
7.91492 1340961
7.91808 1341641
7.92123 1342321
7.92438 1343001
7.92753 1343681
7.93068 1344361
7.93384 1345041
7.93699 1345721
7.94014 1346401
7.94329 1347081
7.94644 1347761
7.9496 1348441
7.95275 1349121
7.9559 1349801
7.95905 1350481
7.9622 1351161
7.96536 1351841
7.96851 1352521
7.97166 1353201
7.97481 1353881
7.97796 1354561
7.98112 1355241
7.98427 1355921
7.98742 1356601
7.99057 1357281
7.99372 1357961
7.99688 1358641
8.00003 1359321
8.00318 1360001
8.00633 1360681
8.00948 1361361
8.01264 1362041
8.01579 1362721
8.01894 1363401
8.02209 1364081
8.02524 1364761
8.0284 1365441
8.03155 1366121
8.0347 1366801
8.03785 1367481
8.041 1368161
8.04416 1368841
8.04731 1369521
8.05046 1370201
8.05361 1370881
8.05676 1371561
8.05992 1372241
8.06307 1372921
8.06622 1373601
8.06937 1374281
8.07252 1374961
8.07568 1375641
8.07883 1376321
8.08198 1377001
8.08513 1377681
8.08828 1378361
8.09144 1379041
8.09459 1379721
8.09774 1380401
8.10089 1381081
8.10404 1381761
8.1072 1382441
8.11035 1383121
8.1135 1383801
8.11665 1384481
8.1198 1385161
8.12296 1385841
8.12611 1386521
8.12926 1387201
8.13241 1387881
8.13556 1388561
8.13872 1389241
8.14187 1389921
8.14502 1390601
8.14817 1391281
8.15132 1391961
8.15448 1392641
8.15763 1393321
8.16078 1394001
8.16393 1394681
8.16708 1395361
8.17024 1396041
8.17339 1396721
8.17654 1397401
8.17969 1398081
8.18284 1398761
8.186 1399441
8.18915 1400121
8.1923 1400801
8.19545 1401481
8.1986 1402161
8.20176 1402841
8.20491 1403521
8.20806 1404201
8.21121 1404881
8.21436 1405561
8.21752 1406241
8.22067 1406921
8.22382 1407601
8.22697 1408281
8.23012 1408961
8.23328 1409641
8.23643 1410321
8.23958 1411001
8.24273 1411681
8.24588 1412361
8.24904 1413041
8.25219 1413721
8.25534 1414401
8.25849 1415081
8.26164 1415761
8.2648 1416441
8.26795 1417121
8.2711 1417801
8.27425 1418481
8.2774 1419161
8.28056 1419841
8.28371 1420521
8.28686 1421201
8.29001 1421881
8.29316 1422561
8.29632 1423241
8.29947 1423921
8.30262 1424601
8.30577 1425281
8.30892 1425961
8.31208 1426641
8.31523 1427321
8.31838 1428001
8.32153 1428681
8.32468 1429361
8.32784 1430041
8.33099 1430721
8.33414 1431401
8.33729 1432081
8.34044 1432761
8.3436 1433441
8.34675 1434121
8.3499 1434801
8.35305 1435481
8.3562 1436161
8.35936 1436841
8.36251 1437521
8.36566 1438201
8.36881 1438881
8.37196 1439561
8.37512 1440241
8.37827 1440921
8.38142 1441601
8.38457 1442281
8.38772 1442961
8.39088 1443641
8.39403 1444321
8.39718 1445001
8.40033 1445681
8.40348 1446361
8.40664 1447041
8.40979 1447721
8.41294 1448401
8.41609 1449081
8.7582 1466421
8.79129 1483761
8.87163 1501101
8.95197 1518441
9.03231 1582021
9.03546 1582701
9.03861 1583381
9.04176 1584061
9.04492 1584741
9.04807 1585421
9.05122 1586101
9.05437 1586781
9.0591 1587461
9.06225 1588141
9.0654 1588821
9.06856 1589501
9.07171 1590181
9.07486 1590861
9.07801 1591541
9.08116 1592221
9.08432 1592901
9.08747 1593581
9.09062 1593921
9.09377 1594601
9.09692 1595281
9.10008 1595961
9.10323 1596641
9.10638 1597321
9.10953 1598001
9.11268 1598681
9.11584 1599361
9.11899 1600041
9.12214 1600721
9.12529 1601401
9.12844 1602081
9.1316 1602761
9.13475 1603441
9.1379 1604121
9.14105 1604801
9.1442 1605481
9.14736 1606161
9.15051 1606841
9.15366 1607521
9.15681 1608201
9.15996 1608881
9.16312 1609561
9.16627 1610241
9.16942 1610921
9.17257 1611261
9.17572 1611941
9.17888 1612621
9.18203 1613301
9.18518 1613981
9.18833 1614661
9.19148 1615341
9.19464 1616021
9.19779 1616701
9.20094 1617381
9.20409 1618061
9.20724 1618741
9.2104 1619421
9.21355 1620101
9.2167 1620781
9.21985 1621461
9.223 1622141
9.22616 1622821
9.22931 1623501
9.23246 1624181
9.23561 1624861
9.23876 1625541
9.24192 1626221
9.24507 1626901
9.24822 1627581
9.25137 1628261
9.25452 1628601
9.25768 1629281
9.26083 1629961
9.26398 1630641
9.26713 1631321
9.27028 1632001
9.27344 1632681
9.27659 1633361
9.27974 1634041
9.28289 1634721
9.28604 1635401
9.2892 1636081
9.29235 1636761
9.2955 1637441
9.29865 1638121
9.3018 1638801
9.30496 1639481
9.30811 1640161
9.31126 1640841
9.31441 1641521
9.31756 1642201
9.32072 1642881
9.32387 1643561
9.32702 1644241
9.33017 1644921
9.33332 1645601
9.33648 1646281
9.33963 1646961
9.34278 1647641
9.34593 1648321
9.34908 1649001
9.35224 1649681
9.35539 1650361
9.35854 1651041
9.36169 1651721
9.36484 1652401
9.368 1653081
9.37115 1653761
9.3743 1654441
9.37745 1655121
9.3806 1655801
9.38376 1656481
9.38691 1657161
9.39006 1657841
9.39321 1658521
9.39636 1659201
9.39952 1659881
9.40267 1660561
9.40582 1661241
9.40897 1661921
9.41212 1662601
9.41528 1663281
9.41843 1663961
9.42158 1664641
9.42473 1665321
9.42788 1666001
9.43104 1666681
9.43419 1667361
9.43734 1668041
9.44049 1668721
9.44364 1669401
9.4468 1670081
9.44995 1670761
9.4531 1671441
9.45625 1672121
9.4594 1672801
9.46256 1673481
9.46571 1674161
9.46886 1674841
9.47201 1675521
9.47516 1676201
9.47831 1676881
9.48147 1677561
9.48462 1678241
9.48777 1678921
9.49092 1679601
9.49407 1680281
9.49723 1680961
9.50038 1681641
9.50353 1682321
9.50668 1683001
9.50983 1683681
9.51299 1684361
9.51614 1685041
9.51929 1685721
9.52244 1686401
9.52559 1687081
9.52875 1687761
9.5319 1688441
9.53505 1689121
9.5382 1689801
9.54135 1690481
9.54451 1691161
9.54766 1691841
9.55081 1692521
9.55396 1693201
9.55711 1693881
9.56027 1694561
9.56342 1695241
9.56657 1695921
9.56972 1696601
9.57287 1697281
9.57603 1697961
9.57918 1698641
9.58233 1699321
9.58548 1700001
9.58863 1700681
9.59179 1701361
9.59494 1702041
9.59809 1702721
9.60124 1703401
9.60439 1704081
9.60755 1704761
9.6107 1705441
9.61385 1706121
9.617 1706801
9.62015 1707481
9.62331 1708161
9.62646 1708841
9.62961 1709521
9.63276 1710201
9.63591 1710881
9.63907 1711561
9.64222 1712241
9.64537 1712921
9.64852 1713601
9.65167 1714281
9.65483 1714961
9.65798 1715641
9.66113 1716321
9.66428 1717001
9.66743 1717681
9.67059 1718361
9.67374 1719041
9.67689 1719721
9.68004 1720401
9.68319 1721081
9.68635 1721761
9.6895 1722441
9.69265 1723121
9.6958 1723801
9.69895 1724481
9.70211 1725161
9.70526 1725841
9.70841 1726521
9.71156 1727201
9.71471 1727881
9.71787 1728561
9.72102 1729241
9.72417 1729921
9.72732 1730601
9.73047 1731281
9.73363 1731961
9.73678 1732641
9.73993 1733321
9.74308 1734001
9.74623 1734681
9.74939 1735361
9.75254 1736041
9.75569 1736721
9.75884 1737401
9.76199 1738081
9.76515 1738761
9.7683 1739441
9.77145 1740121
9.7746 1740801
9.77775 1741481
9.78091 1742161
9.78406 1742841
9.78721 1743521
9.79036 1744201
9.79351 1744881
9.79667 1745561
9.79982 1746241
9.80297 1746921
9.80612 1747601
9.80927 1748281
9.81243 1748961
9.81558 1749641
9.81873 1750321
9.82188 1751001
9.82503 1751681
9.82819 1752361
9.83134 1753041
9.83449 1753721
9.83764 1754401
9.84079 1755081
9.84395 1755761
9.8471 1756441
9.85025 1757121
9.8534 1757801
9.85655 1758481
9.85971 1759161
9.86286 1759841
9.86601 1760521
9.86916 1761201
9.87231 1761881
9.87547 1762561
9.87862 1763241
9.88177 1763921
9.88492 1764601
9.88807 1765281
9.89123 1765961
9.89438 1766641
9.89753 1767321
9.90068 1768001
9.90383 1768681
9.90699 1769361
9.91014 1770041
9.91329 1770721
9.91644 1771401
9.91959 1772081
9.92275 1772761
9.9259 1773441
9.92905 1774121
9.9322 1774801
9.93535 1775481
9.93851 1776161
9.94166 1776841
9.94481 1777521
9.94796 1778201
9.95111 1778881
9.95427 1779561
9.95742 1780241
9.96057 1780921
9.96372 1781601
9.96687 1782281
9.97003 1782961
9.97318 1783641
9.97633 1784321
9.97948 1785001
9.98263 1785681
9.98579 1786361
9.98894 1787041
9.99209 1787721
9.99524 1788401
9.99839 1789081
10.0015 1789761
10.0047 1790441
10.0079 1791121
10.011 1791801
10.0142 1792481
10.0173 1793161
10.0205 1793841
10.0236 1794521
10.0268 1795201
10.0299 1795881
10.0331 1796561
10.0362 1797241
10.0394 1797921
10.0425 1798601
10.0457 1799281
10.0488 1799961
10.052 1800641
10.0551 1801321
10.0583 1802001
10.0614 1802681
10.0646 1803361
10.0677 1804041
10.0709 1804721
10.074 1805401
10.0772 1806081
10.0803 1806761
10.0835 1807441
10.0867 1808121
10.0898 1808801
10.093 1809481
10.0961 1810161
10.0993 1810841
10.1024 1811521
10.1056 1812201
10.1087 1812881
10.1119 1813561
10.115 1814241
10.1182 1814921
10.1213 1815601
10.1245 1816281
10.1276 1816961
10.1308 1817641
10.1339 1818321
10.1371 1819001
10.1402 1819681
10.1434 1820361
10.1465 1821041
10.1497 1821721
10.1528 1822401
10.156 1823081
10.1591 1823761
10.1623 1824441
10.1655 1825121
10.1686 1825801
10.1718 1826481
10.1749 1827161
10.1781 1827841
10.1812 1828521
10.1844 1829201
10.1875 1829881
10.1907 1830561
10.1938 1831241
10.197 1831921
10.2001 1832601
10.2033 1833281
10.2064 1833961
10.2096 1834641
10.2127 1835321
10.2159 1836001
10.219 1836681
10.2222 1837361
10.2253 1838041
10.2285 1838721
10.2316 1839401
10.2348 1840081
10.2379 1840761
10.2411 1841441
10.2443 1842121
10.2474 1842801
10.2506 1843481
10.2537 1844161
10.2569 1844841
10.26 1845521
10.2632 1846201
10.2663 1846881
10.2695 1847561
10.2726 1848241
10.2758 1848921
10.2789 1849601
10.2821 1850281
10.2852 1850961
10.2884 1851641
10.2915 1852321
10.2947 1853001
10.2978 1853681
10.301 1854361
10.3041 1855041
10.3073 1855721
10.3104 1856401
10.3136 1857081
10.3167 1857761
10.3199 1858441
10.3231 1859121
10.3262 1859801
10.3294 1860481
10.3325 1861161
10.3357 1861841
10.3388 1862521
10.342 1863201
10.3451 1863881
10.3483 1864561
10.3514 1865241
10.3546 1865921
10.3577 1866601
10.3609 1867281
10.364 1867961
10.3672 1868641
10.3703 1869321
10.3735 1870001
10.3766 1870681
10.3798 1871361
10.3829 1872041
10.3861 1872721
10.3892 1873401
10.3924 1874081
10.3955 1874761
10.3987 1875441
10.4019 1876121
10.405 1876801
10.4082 1877481
10.4113 1878161
10.4145 1878841
10.4176 1879521
10.4208 1880201
10.4239 1880881
10.4271 1881561
10.4302 1882241
10.4334 1882921
10.4365 1883601
10.4397 1884281
10.4428 1884961
10.446 1885641
10.4491 1886321
10.4523 1887001
10.4554 1887681
10.4586 1888361
10.4617 1889041
10.4649 1889721
10.468 1890401
10.4712 1891081
10.4743 1891761
10.4775 1892441
10.4807 1893121
10.4838 1893801
10.487 1894481
10.4901 1895161
10.4933 1895841
10.4964 1896521
10.4996 1897201
10.5027 1897881
10.5059 1898561
10.509 1899241
10.5122 1899921
10.5153 1900601
10.5185 1901281
10.5216 1901961
10.5248 1902641
10.5279 1903321
10.5311 1904001
10.5342 1904681
10.5374 1905361
10.5405 1906041
10.5437 1906721
10.5468 1907401
10.55 1908081
10.5531 1908761
10.5563 1909441
10.5595 1910121
10.5626 1910801
10.5658 1911481
10.5689 1912161
10.5721 1912841
10.5752 1913521
10.5784 1914201
10.5815 1914881
10.5847 1915561
10.5878 1916241
10.591 1916921
10.5941 1917601
10.5973 1918281
10.6004 1918961
10.6036 1919641
10.6067 1920321
10.6099 1921001
10.613 1921681
10.6162 1922361
10.6193 1923041
10.6225 1923721
10.6256 1924401
10.6288 1925081
10.6319 1925761
10.6351 1926441
10.6383 1927121
10.6414 1927801
10.6446 1928481
10.6477 1929161
10.6509 1929841
10.654 1930521
10.6572 1931201
10.6603 1931881
10.6635 1932561
10.6666 1933241
10.6698 1933921
10.6729 1934601
10.6761 1935281
10.6792 1935961
10.6824 1936641
10.6855 1937321
10.6887 1938001
10.6918 1938681
10.695 1939361
10.6981 1940041
10.7013 1940721
10.7044 1941401
10.7076 1942081
10.7107 1942761
10.7139 1943441
10.7171 1944121
10.7202 1944801
10.7234 1945481
10.7265 1946161
10.7297 1946841
10.7328 1947521
10.736 1948201
10.7391 1948881
10.7423 1949561
10.7454 1950241
10.7486 1950921
10.7517 1951601
10.7549 1952281
10.758 1952961
10.7612 1953641
10.7643 1954321
10.7675 1955001
10.7706 1955681
10.7738 1956361
10.7769 1957041
10.7801 1957721
10.7832 1958401
10.7864 1959081
10.7895 1959761
10.7927 1960441
10.7959 1961121
10.799 1961801
10.8022 1962481
10.8053 1963161
10.8085 1963841
10.8116 1964521
10.8148 1965201
10.8179 1965881
10.8211 1966561
10.8242 1967241
10.8274 1967921
10.8305 1968601
10.8337 1969281
10.8368 1969961
10.84 1970641
10.8431 1971321
10.8463 1972001
10.8494 1972681
10.8526 1973361
10.8557 1974041
10.8589 1974721
10.862 1975401
10.8652 1976081
10.8683 1976761
10.8715 1977441
10.8747 1978121
10.8778 1978801
10.881 1979481
10.8841 1980161
10.8873 1980841
10.8904 1981521
10.8936 1982201
10.8967 1982881
10.8999 1983561
10.903 1984241
10.9062 1984921
10.9093 1985601
10.9125 1986281
10.9156 1986961
10.9188 1987641
10.9219 1988321
10.9251 1989001
10.9282 1989681
10.9314 1990361
10.9345 1991041
10.9377 1991721
10.9408 1992401
10.944 1993081
10.9471 1993761
10.9503 1994441
10.9535 1995121
10.9566 1995801
10.9598 1996481
10.9629 1997161
10.9661 1997841
10.9692 1998521
10.9724 1999201
10.9755 1999881
10.9787 2000561
10.9818 2001241
10.985 2001921
10.9881 2002601
10.9913 2003281
10.9944 2003961
10.9976 2004641
11.0007 2005321
11.0039 2006001
11.007 2006681
11.0102 2007361
11.0133 2008041
11.0165 2008721
11.0196 2009401
11.0228 2010081
11.0259 2010761
11.0291 2011441
11.0323 2012121
11.0354 2012801
11.0386 2013481
11.0417 2014161
11.0449 2014841
11.048 2015521
11.0512 2016201
11.0543 2016881
11.0575 2017561
11.0606 2018241
11.0638 2018921
11.0669 2019601
11.0701 2020281
11.0732 2020961
11.0764 2021641
11.0795 2022321
11.0827 2023001
11.0858 2023681
11.089 2024361
11.0921 2025041
11.0953 2025721
11.0984 2026401
11.1016 2027081
11.1047 2027761
11.1079 2028441
11.111 2029121
11.1142 2029801
11.1174 2030481
11.1205 2031161
11.1237 2031841
11.1268 2032521
11.13 2033201
11.1331 2033881
11.1363 2034561
11.1394 2035241
11.1426 2035921
11.1457 2036601
11.1489 2037281
11.152 2037961
11.1552 2038641
11.1583 2039321
11.1615 2040001
11.1646 2040681
11.1678 2041361
11.1709 2042041
11.1741 2042721
11.1772 2043401
11.1804 2044081
11.1835 2044761
11.1867 2045441
11.1898 2046121
11.193 2046801
11.1962 2047481
11.1993 2048161
11.2025 2048841
11.2056 2049521
11.2088 2050201
11.2119 2050881
11.2151 2051561
11.2182 2052241
11.2214 2052921
11.2245 2053601
11.2277 2054281
11.2308 2054961
11.234 2055641
11.2371 2056321
11.2403 2057001
11.2434 2057681
11.2466 2058361
11.2497 2059041
11.2529 2059721
11.256 2060401
11.2592 2061081
11.2623 2061761
11.2655 2062441
11.2686 2063121
11.2718 2063801
11.275 2064481
11.2781 2065161
11.2813 2065841
11.2844 2066521
11.2876 2067201
11.2907 2067881
11.2939 2068561
11.297 2069241
11.3002 2069921
11.3033 2070601
11.3065 2071281
11.3096 2071961
11.3128 2072641
11.3159 2073321
11.3191 2074001
11.3222 2074681
11.3254 2075361
11.3285 2076041
11.3317 2076721
11.3348 2077401
11.338 2078081
11.3411 2078761
11.3443 2079441
11.3474 2080121
11.3506 2080801
11.3538 2081481
11.3569 2082161
11.3601 2082841
11.3632 2083521
11.3664 2084201
11.3695 2084881
11.3727 2085561
11.3758 2086241
11.379 2086921
11.3821 2087601
11.3853 2088281
11.3884 2088961
11.3916 2089641
11.3947 2090321
11.3979 2091001
11.401 2091681
11.4042 2092361
11.4073 2093041
11.7494 2110381
11.7825 2127721
11.8629 2145061
11.9432 2162401
12.0236 2225981
12.0267 2226661
12.0299 2227341
12.033 2228021
12.0362 2228701
12.0393 2229381
12.0425 2230061
12.0456 2230741
12.0503 2231421
12.0535 2232101
12.0566 2232781
12.0598 2233461
12.063 2234141
12.0661 2234821
12.0693 2235501
12.0724 2236181
12.0756 2236861
12.0787 2237541
12.0819 2237881
12.085 2238561
12.0882 2239241
12.0913 2239921
12.0945 2240601
12.0976 2241281
12.1008 2241961
12.1039 2242641
12.1071 2243321
12.1102 2244001
12.1134 2244681
12.1165 2245361
12.1197 2246041
12.1228 2246721
12.126 2247401
12.1291 2248081
12.1323 2248761
12.1354 2249441
12.1386 2250121
12.1418 2250801
12.1449 2251481
12.1481 2252161
12.1512 2252841
12.1544 2253521
12.1575 2254201
12.1607 2254881
12.1638 2255221
12.167 2255901
12.1701 2256581
12.1733 2257261
12.1764 2257941
12.1796 2258621
12.1827 2259301
12.1859 2259981
12.189 2260661
12.1922 2261341
12.1953 2262021
12.1985 2262701
12.2016 2263381
12.2048 2264061
12.2079 2264741
12.2111 2265421
12.2142 2266101
12.2174 2266781
12.2206 2267461
12.2237 2268141
12.2269 2268821
12.23 2269501
12.2332 2270181
12.2363 2270861
12.2395 2271541
12.2426 2272221
12.2458 2272561
12.2489 2273241
12.2521 2273921
12.2552 2274601
12.2584 2275281
12.2615 2275961
12.2647 2276641
12.2678 2277321
12.271 2278001
12.2741 2278681
12.2773 2279361
12.2804 2280041
12.2836 2280721
12.2867 2281401
12.2899 2282081
12.293 2282761
12.2962 2283441
12.2994 2284121
12.3025 2284801
12.3057 2285481
12.3088 2286161
12.312 2286841
12.3151 2287521
12.3183 2288201
12.3214 2288881
12.3246 2289561
12.3277 2290241
12.3309 2290921
12.334 2291601
12.3372 2292281
12.3403 2292961
12.3435 2293641
12.3466 2294321
12.3498 2295001
12.3529 2295681
12.3561 2296361
12.3592 2297041
12.3624 2297721
12.3655 2298401
12.3687 2299081
12.3718 2299761
12.375 2300441
12.3782 2301121
12.3813 2301801
12.3845 2302481
12.3876 2303161
12.3908 2303841
12.3939 2304521
12.3971 2305201
12.4002 2305881
12.4034 2306561
12.4065 2307241
12.4097 2307921
12.4128 2308601
12.416 2309281
12.4191 2309961
12.4223 2310641
12.4254 2311321
12.4286 2312001
12.4317 2312681
12.4349 2313361
12.438 2314041
12.4412 2314721
12.4443 2315401
12.4475 2316081
12.4506 2316761
12.4538 2317441
12.457 2318121
12.4601 2318801
12.4633 2319481
12.4664 2320161
12.4696 2320841
12.4727 2321521
12.4759 2322201
12.479 2322881
12.4822 2323561
12.4853 2324241
12.4885 2324921
12.4916 2325601
12.4948 2326281
12.4979 2326961
12.5011 2327641
12.5042 2328321
12.5074 2329001
12.5105 2329681
12.5137 2330361
12.5168 2331041
12.52 2331721
12.5231 2332401
12.5263 2333081
12.5294 2333761
12.5326 2334441
12.5358 2335121
12.5389 2335801
12.5421 2336481
12.5452 2337161
12.5484 2337841
12.5515 2338521
12.5547 2339201
12.5578 2339881
12.561 2340561
12.5641 2341241
12.5673 2341921
12.5704 2342601
12.5736 2343281
12.5767 2343961
12.5799 2344641
12.583 2345321
12.5862 2346001
12.5893 2346681
12.5925 2347361
12.5956 2348041
12.5988 2348721
12.6019 2349401
12.6051 2350081
12.6082 2350761
12.6114 2351441
12.6146 2352121
12.6177 2352801
12.6209 2353481
12.624 2354161
12.6272 2354841
12.6303 2355521
12.6335 2356201
12.6366 2356881
12.6398 2357561
12.6429 2358241
12.6461 2358921
12.6492 2359601
12.6524 2360281
12.6555 2360961
12.6587 2361641
12.6618 2362321
12.665 2363001
12.6681 2363681
12.6713 2364361
12.6744 2365041
12.6776 2365721
12.6807 2366401
12.6839 2367081
12.687 2367761
12.6902 2368441
12.6934 2369121
12.6965 2369801
12.6997 2370481
12.7028 2371161
12.706 2371841
12.7091 2372521
12.7123 2373201
12.7154 2373881
12.7186 2374561
12.7217 2375241
12.7249 2375921
12.728 2376601
12.7312 2377281
12.7343 2377961
12.7375 2378641
12.7406 2379321
12.7438 2380001
12.7469 2380681
12.7501 2381361
12.7532 2382041
12.7564 2382721
12.7595 2383401
12.7627 2384081
12.7658 2384761
12.769 2385441
12.7722 2386121
12.7753 2386801
12.7785 2387481
12.7816 2388161
12.7848 2388841
12.7879 2389521
12.7911 2390201
12.7942 2390881
12.7974 2391561
12.8005 2392241
12.8037 2392921
12.8068 2393601
12.81 2394281
12.8131 2394961
12.8163 2395641
12.8194 2396321
12.8226 2397001
12.8257 2397681
12.8289 2398361
12.832 2399041
12.8352 2399721
12.8383 2400401
12.8415 2401081
12.8446 2401761
12.8478 2402441
12.851 2403121
12.8541 2403801
12.8573 2404481
12.8604 2405161
12.8636 2405841
12.8667 2406521
12.8699 2407201
12.873 2407881
12.8762 2408561
12.8793 2409241
12.8825 2409921
12.8856 2410601
12.8888 2411281
12.8919 2411961
12.8951 2412641
12.8982 2413321
12.9014 2414001
12.9045 2414681
12.9077 2415361
12.9108 2416041
12.914 2416721
12.9171 2417401
12.9203 2418081
12.9234 2418761
12.9266 2419441
12.9298 2420121
12.9329 2420801
12.9361 2421481
12.9392 2422161
12.9424 2422841
12.9455 2423521
12.9487 2424201
12.9518 2424881
12.955 2425561
12.9581 2426241
12.9613 2426921
12.9644 2427601
12.9676 2428281
12.9707 2428961
12.9739 2429641
12.977 2430321
12.9802 2431001
12.9833 2431681
12.9865 2432361
12.9896 2433041
12.9928 2433721
12.9959 2434401
12.9991 2435081
13.0022 2435761
13.0054 2436441
13.0086 2437121
13.0117 2437801
13.0149 2438481
13.018 2439161
13.0212 2439841
13.0243 2440521
13.0275 2441201
13.0306 2441881
13.0338 2442561
13.0369 2443241
13.0401 2443921
13.0432 2444601
13.0464 2445281
13.0495 2445961
13.0527 2446641
13.0558 2447321
13.059 2448001
13.0621 2448681
13.0653 2449361
13.0684 2450041
13.0716 2450721
13.0747 2451401
13.0779 2452081
13.081 2452761
13.0842 2453441
13.0874 2454121
13.0905 2454801
13.0937 2455481
13.0968 2456161
13.1 2456841
13.1031 2457521
13.1063 2458201
13.1094 2458881
13.1126 2459561
13.1157 2460241
13.1189 2460921
13.122 2461601
13.1252 2462281
13.1283 2462961
13.1315 2463641
13.1346 2464321
13.1378 2465001
13.1409 2465681
13.1441 2466361
13.1472 2467041
13.1504 2467721
13.1535 2468401
13.1567 2469081
13.1598 2469761
13.163 2470441
13.1662 2471121
13.1693 2471801
13.1725 2472481
13.1756 2473161
13.1788 2473841
13.1819 2474521
13.1851 2475201
13.1882 2475881
13.1914 2476561
13.1945 2477241
13.1977 2477921
13.2008 2478601
13.204 2479281
13.2071 2479961
13.2103 2480641
13.2134 2481321
13.2166 2482001
13.2197 2482681
13.2229 2483361
13.226 2484041
13.2292 2484721
13.2323 2485401
13.2355 2486081
13.2386 2486761
13.2418 2487441
13.245 2488121
13.2481 2488801
13.2513 2489481
13.2544 2490161
13.2576 2490841
13.2607 2491521
13.2639 2492201
13.267 2492881
13.2702 2493561
13.2733 2494241
13.2765 2494921
13.2796 2495601
13.2828 2496281
13.2859 2496961
13.2891 2497641
13.2922 2498321
13.2954 2499001
13.2985 2499681
13.3017 2500361
13.3048 2501041
13.308 2501721
13.3111 2502401
13.3143 2503081
13.3174 2503761
13.3206 2504441
13.3238 2505121
13.3269 2505801
13.3301 2506481
13.3332 2507161
13.3364 2507841
13.3395 2508521
13.3427 2509201
13.3458 2509881
13.349 2510561
13.3521 2511241
13.3553 2511921
13.3584 2512601
13.3616 2513281
13.3647 2513961
13.3679 2514641
13.371 2515321
13.3742 2516001
13.3773 2516681
13.3805 2517361
13.3836 2518041
13.3868 2518721
13.3899 2519401
13.3931 2520081
13.3962 2520761
13.3994 2521441
13.4026 2522121
13.4057 2522801
13.4089 2523481
13.412 2524161
13.4152 2524841
13.4183 2525521
13.4215 2526201
13.4246 2526881
13.4278 2527561
13.4309 2528241
13.4341 2528921
13.4372 2529601
13.4404 2530281
13.4435 2530961
13.4467 2531641
13.4498 2532321
13.453 2533001
13.4561 2533681
13.4593 2534361
13.4624 2535041
13.4656 2535721
13.4687 2536401
13.4719 2537081
13.475 2537761
13.4782 2538441
13.4814 2539121
13.4845 2539801
13.4877 2540481
13.4908 2541161
13.494 2541841
13.4971 2542521
13.5003 2543201
13.5034 2543881
13.5066 2544561
13.5097 2545241
13.5129 2545921
13.516 2546601
13.5192 2547281
13.5223 2547961
13.5255 2548641
13.5286 2549321
13.5318 2550001
13.5349 2550681
13.5381 2551361
13.5412 2552041
13.5444 2552721
13.5475 2553401
13.5507 2554081
13.5538 2554761
13.557 2555441
13.5602 2556121
13.5633 2556801
13.5665 2557481
13.5696 2558161
13.5728 2558841
13.5759 2559521
13.5791 2560201
13.5822 2560881
13.5854 2561561
13.5885 2562241
13.5917 2562921
13.5948 2563601
13.598 2564281
13.6011 2564961
13.6043 2565641
13.6074 2566321
13.6106 2567001
13.6137 2567681
13.6169 2568361
13.62 2569041
13.6232 2569721
13.6263 2570401
13.6295 2571081
13.6326 2571761
13.6358 2572441
13.639 2573121
13.6421 2573801
13.6453 2574481
13.6484 2575161
13.6516 2575841
13.6547 2576521
13.6579 2577201
13.661 2577881
13.6642 2578561
13.6673 2579241
13.6705 2579921
13.6736 2580601
13.6768 2581281
13.6799 2581961
13.6831 2582641
13.6862 2583321
13.6894 2584001
13.6925 2584681
13.6957 2585361
13.6988 2586041
13.702 2586721
13.7051 2587401
13.7083 2588081
13.7114 2588761
13.7146 2589441
13.7178 2590121
13.7209 2590801
13.7241 2591481
13.7272 2592161
13.7304 2592841
13.7335 2593521
13.7367 2594201
13.7398 2594881
13.743 2595561
13.7461 2596241
13.7493 2596921
13.7524 2597601
13.7556 2598281
13.7587 2598961
13.7619 2599641
13.765 2600321
13.7682 2601001
13.7713 2601681
13.7745 2602361
13.7776 2603041
13.7808 2603721
13.7839 2604401
13.7871 2605081
13.7902 2605761
13.7934 2606441
13.7966 2607121
13.7997 2607801
13.8029 2608481
13.806 2609161
13.8092 2609841
13.8123 2610521
13.8155 2611201
13.8186 2611881
13.8218 2612561
13.8249 2613241
13.8281 2613921
13.8312 2614601
13.8344 2615281
13.8375 2615961
13.8407 2616641
13.8438 2617321
13.847 2618001
13.8501 2618681
13.8533 2619361
13.8564 2620041
13.8596 2620721
13.8627 2621401
13.8659 2622081
13.869 2622761
13.8722 2623441
13.8754 2624121
13.8785 2624801
13.8817 2625481
13.8848 2626161
13.888 2626841
13.8911 2627521
13.8943 2628201
13.8974 2628881
13.9006 2629561
13.9037 2630241
13.9069 2630921
13.91 2631601
13.9132 2632281
13.9163 2632961
13.9195 2633641
13.9226 2634321
13.9258 2635001
13.9289 2635681
13.9321 2636361
13.9352 2637041
13.9384 2637721
13.9415 2638401
13.9447 2639081
13.9478 2639761
13.951 2640441
13.9542 2641121
13.9573 2641801
13.9605 2642481
13.9636 2643161
13.9668 2643841
13.9699 2644521
13.9731 2645201
13.9762 2645881
13.9794 2646561
13.9825 2647241
13.9857 2647921
13.9888 2648601
13.992 2649281
13.9951 2649961
13.9983 2650641
14.0014 2651321
14.0046 2652001
14.0077 2652681
14.0109 2653361
14.014 2654041
14.0172 2654721
14.0203 2655401
14.0235 2656081
14.0266 2656761
14.0298 2657441
14.033 2658121
14.0361 2658801
14.0393 2659481
14.0424 2660161
14.0456 2660841
14.0487 2661521
14.0519 2662201
14.055 2662881
14.0582 2663561
14.0613 2664241
14.0645 2664921
14.0676 2665601
14.0708 2666281
14.0739 2666961
14.0771 2667641
14.0802 2668321
14.0834 2669001
14.0865 2669681
14.0897 2670361
14.0928 2671041
14.096 2671721
14.0991 2672401
14.1023 2673081
14.1054 2673761
14.1086 2674441
14.1118 2675121
14.1149 2675801
14.1181 2676481
14.1212 2677161
14.1244 2677841
14.1275 2678521
14.1307 2679201
14.1338 2679881
14.137 2680561
14.1401 2681241
14.1433 2681921
14.1464 2682601
14.1496 2683281
14.1527 2683961
14.1559 2684641
14.159 2685321
14.1622 2686001
14.1653 2686681
14.1685 2687361
14.1716 2688041
14.1748 2688721
14.1779 2689401
14.1811 2690081
14.1842 2690761
14.1874 2691441
14.1906 2692121
14.1937 2692801
14.1969 2693481
14.2 2694161
14.2032 2694841
14.2063 2695521
14.2095 2696201
14.2126 2696881
14.2158 2697561
14.2189 2698241
14.2221 2698921
14.2252 2699601
14.2284 2700281
14.2315 2700961
14.2347 2701641
14.2378 2702321
14.241 2703001
14.2441 2703681
14.2473 2704361
14.2504 2705041
14.2536 2705721
14.2567 2706401
14.2599 2707081
14.263 2707761
14.2662 2708441
14.2694 2709121
14.2725 2709801
14.2757 2710481
14.2788 2711161
14.282 2711841
14.2851 2712521
14.2883 2713201
14.2914 2713881
14.2946 2714561
14.2977 2715241
14.3009 2715921
14.304 2716601
14.3072 2717281
14.3103 2717961
14.3135 2718641
14.3166 2719321
14.3198 2720001
14.3229 2720681
14.3261 2721361
14.3292 2722041
14.3324 2722721
14.3355 2723401
14.3387 2724081
14.3418 2724761
14.345 2725441
14.3482 2726121
14.3513 2726801
14.3545 2727481
14.3576 2728161
14.3608 2728841
14.3639 2729521
14.3671 2730201
14.3702 2730881
14.3734 2731561
14.3765 2732241
14.3797 2732921
14.3828 2733601
14.386 2734281
14.3891 2734961
14.3923 2735641
14.3954 2736321
14.3986 2737001
14.7407 2754341
14.7738 2771681
14.8541 2789021
14.9345 2806361
15.0148 2869941
15.018 2870621
15.0211 2871301
15.0243 2871981
15.0274 2872661
15.0306 2873341
15.0337 2874021
15.0369 2874701
15.0416 2875381
15.0447 2876061
15.0479 2876741
15.051 2877421
15.0542 2878101
15.0574 2878781
15.0605 2879461
15.0637 2880141
15.0668 2880821
15.07 2881501
15.0731 2881841
15.0763 2882521
15.0794 2883201
15.0826 2883881
15.0857 2884561
15.0889 2885241
15.092 2885921
15.0952 2886601
15.0983 2887281
15.1015 2887961
15.1046 2888641
15.1078 2889321
15.1109 2890001
15.1141 2890681
15.1172 2891361
15.1204 2892041
15.1235 2892721
15.1267 2893401
15.1298 2894081
15.133 2894761
15.1362 2895441
15.1393 2896121
15.1425 2896801
15.1456 2897481
15.1488 2898161
15.1519 2898841
15.1551 2899181
15.1582 2899861
15.1614 2900541
15.1645 2901221
15.1677 2901901
15.1708 2902581
15.174 2903261
15.1771 2903941
15.1803 2904621
15.1834 2905301
15.1866 2905981
15.1897 2906661
15.1929 2907341
15.196 2908021
15.1992 2908701
15.2023 2909381
15.2055 2910061
15.2086 2910741
15.2118 2911421
15.215 2912101
15.2181 2912781
15.2213 2913461
15.2244 2914141
15.2276 2914821
15.2307 2915501
15.2339 2916181
15.237 2916521
15.2402 2917201
15.2433 2917881
15.2465 2918561
15.2496 2919241
15.2528 2919921
15.2559 2920601
15.2591 2921281
15.2622 2921961
15.2654 2922641
15.2685 2923321
15.2717 2924001
15.2748 2924681
15.278 2925361
15.2811 2926041
15.2843 2926721
15.2874 2927401
15.2906 2928081
15.2938 2928761
15.2969 2929441
15.3001 2930121
15.3032 2930801
15.3064 2931481
15.3095 2932161
15.3127 2932841
15.3158 2933521
15.319 2934201
15.3221 2934881
15.3253 2935561
15.3284 2936241
15.3316 2936921
15.3347 2937601
15.3379 2938281
15.341 2938961
15.3442 2939641
15.3473 2940321
15.3505 2941001
15.3536 2941681
15.3568 2942361
15.3599 2943041
15.3631 2943721
15.3662 2944401
15.3694 2945081
15.3726 2945761
15.3757 2946441
15.3789 2947121
15.382 2947801
15.3852 2948481
15.3883 2949161
15.3915 2949841
15.3946 2950521
15.3978 2951201
15.4009 2951881
15.4041 2952561
15.4072 2953241
15.4104 2953921
15.4135 2954601
15.4167 2955281
15.4198 2955961
15.423 2956641
15.4261 2957321
15.4293 2958001
15.4324 2958681
15.4356 2959361
15.4387 2960041
15.4419 2960721
15.445 2961401
15.4482 2962081
15.4514 2962761
15.4545 2963441
15.4577 2964121
15.4608 2964801
15.464 2965481
15.4671 2966161
15.4703 2966841
15.4734 2967521
15.4766 2968201
15.4797 2968881
15.4829 2969561
15.486 2970241
15.4892 2970921
15.4923 2971601
15.4955 2972281
15.4986 2972961
15.5018 2973641
15.5049 2974321
15.5081 2975001
15.5112 2975681
15.5144 2976361
15.5175 2977041
15.5207 2977721
15.5238 2978401
15.527 2979081
15.5302 2979761
15.5333 2980441
15.5365 2981121
15.5396 2981801
15.5428 2982481
15.5459 2983161
15.5491 2983841
15.5522 2984521
15.5554 2985201
15.5585 2985881
15.5617 2986561
15.5648 2987241
15.568 2987921
15.5711 2988601
15.5743 2989281
15.5774 2989961
15.5806 2990641
15.5837 2991321
15.5869 2992001
15.59 2992681
15.5932 2993361
15.5963 2994041
15.5995 2994721
15.6026 2995401
15.6058 2996081
15.609 2996761
15.6121 2997441
15.6153 2998121
15.6184 2998801
15.6216 2999481
15.6247 3000161
15.6279 3000841
15.631 3001521
15.6342 3002201
15.6373 3002881
15.6405 3003561
15.6436 3004241
15.6468 3004921
15.6499 3005601
15.6531 3006281
15.6562 3006961
15.6594 3007641
15.6625 3008321
15.6657 3009001
15.6688 3009681
15.672 3010361
15.6751 3011041
15.6783 3011721
15.6814 3012401
15.6846 3013081
15.6878 3013761
15.6909 3014441
15.6941 3015121
15.6972 3015801
15.7004 3016481
15.7035 3017161
15.7067 3017841
15.7098 3018521
15.713 3019201
15.7161 3019881
15.7193 3020561
15.7224 3021241
15.7256 3021921
15.7287 3022601
15.7319 3023281
15.735 3023961
15.7382 3024641
15.7413 3025321
15.7445 3026001
15.7476 3026681
15.7508 3027361
15.7539 3028041
15.7571 3028721
15.7602 3029401
15.7634 3030081
15.7666 3030761
15.7697 3031441
15.7729 3032121
15.776 3032801
15.7792 3033481
15.7823 3034161
15.7855 3034841
15.7886 3035521
15.7918 3036201
15.7949 3036881
15.7981 3037561
15.8012 3038241
15.8044 3038921
15.8075 3039601
15.8107 3040281
15.8138 3040961
15.817 3041641
15.8201 3042321
15.8233 3043001
15.8264 3043681
15.8296 3044361
15.8327 3045041
15.8359 3045721
15.839 3046401
15.8422 3047081
15.8454 3047761
15.8485 3048441
15.8517 3049121
15.8548 3049801
15.858 3050481
15.8611 3051161
15.8643 3051841
15.8674 3052521
15.8706 3053201
15.8737 3053881
15.8769 3054561
15.88 3055241
15.8832 3055921
15.8863 3056601
15.8895 3057281
15.8926 3057961
15.8958 3058641
15.8989 3059321
15.9021 3060001
15.9052 3060681
15.9084 3061361
15.9115 3062041
15.9147 3062721
15.9178 3063401
15.921 3064081
15.9242 3064761
15.9273 3065441
15.9305 3066121
15.9336 3066801
15.9368 3067481
15.9399 3068161
15.9431 3068841
15.9462 3069521
15.9494 3070201
15.9525 3070881
15.9557 3071561
15.9588 3072241
15.962 3072921
15.9651 3073601
15.9683 3074281
15.9714 3074961
15.9746 3075641
15.9777 3076321
15.9809 3077001
15.984 3077681
15.9872 3078361
15.9903 3079041
15.9935 3079721
15.9966 3080401
15.9998 3081081
16.003 3081761
16.0061 3082441
16.0093 3083121
16.0124 3083801
16.0156 3084481
16.0187 3085161
16.0219 3085841
16.025 3086521
16.0282 3087201
16.0313 3087881
16.0345 3088561
16.0376 3089241
16.0408 3089921
16.0439 3090601
16.0471 3091281
16.0502 3091961
16.0534 3092641
16.0565 3093321
16.0597 3094001
16.0628 3094681
16.066 3095361
16.0691 3096041
16.0723 3096721
16.0754 3097401
16.0786 3098081
16.0818 3098761
16.0849 3099441
16.0881 3100121
16.0912 3100801
16.0944 3101481
16.0975 3102161
16.1007 3102841
16.1038 3103521
16.107 3104201
16.1101 3104881
16.1133 3105561
16.1164 3106241
16.1196 3106921
16.1227 3107601
16.1259 3108281
16.129 3108961
16.1322 3109641
16.1353 3110321
16.1385 3111001
16.1416 3111681
16.1448 3112361
16.1479 3113041
16.1511 3113721
16.1542 3114401
16.1574 3115081
16.1606 3115761
16.1637 3116441
16.1669 3117121
16.17 3117801
16.1732 3118481
16.1763 3119161
16.1795 3119841
16.1826 3120521
16.1858 3121201
16.1889 3121881
16.1921 3122561
16.1952 3123241
16.1984 3123921
16.2015 3124601
16.2047 3125281
16.2078 3125961
16.211 3126641
16.2141 3127321
16.2173 3128001
16.2204 3128681
16.2236 3129361
16.2267 3130041
16.2299 3130721
16.233 3131401
16.2362 3132081
16.2394 3132761
16.2425 3133441
16.2457 3134121
16.2488 3134801
16.252 3135481
16.2551 3136161
16.2583 3136841
16.2614 3137521
16.2646 3138201
16.2677 3138881
16.2709 3139561
16.274 3140241
16.2772 3140921
16.2803 3141601
16.2835 3142281
16.2866 3142961
16.2898 3143641
16.2929 3144321
16.2961 3145001
16.2992 3145681
16.3024 3146361
16.3055 3147041
16.3087 3147721
16.3118 3148401
16.315 3149081
16.3182 3149761
16.3213 3150441
16.3245 3151121
16.3276 3151801
16.3308 3152481
16.3339 3153161
16.3371 3153841
16.3402 3154521
16.3434 3155201
16.3465 3155881
16.3497 3156561
16.3528 3157241
16.356 3157921
16.3591 3158601
16.3623 3159281
16.3654 3159961
16.3686 3160641
16.3717 3161321
16.3749 3162001
16.378 3162681
16.3812 3163361
16.3843 3164041
16.3875 3164721
16.3906 3165401
16.3938 3166081
16.397 3166761
16.4001 3167441
16.4033 3168121
16.4064 3168801
16.4096 3169481
16.4127 3170161
16.4159 3170841
16.419 3171521
16.4222 3172201
16.4253 3172881
16.4285 3173561
16.4316 3174241
16.4348 3174921
16.4379 3175601
16.4411 3176281
16.4442 3176961
16.4474 3177641
16.4505 3178321
16.4537 3179001
16.4568 3179681
16.46 3180361
16.4631 3181041
16.4663 3181721
16.4694 3182401
16.4726 3183081
16.4758 3183761
16.4789 3184441
16.4821 3185121
16.4852 3185801
16.4884 3186481
16.4915 3187161
16.4947 3187841
16.4978 3188521
16.501 3189201
16.5041 3189881
16.5073 3190561
16.5104 3191241
16.5136 3191921
16.5167 3192601
16.5199 3193281
16.523 3193961
16.5262 3194641
16.5293 3195321
16.5325 3196001
16.5356 3196681
16.5388 3197361
16.5419 3198041
16.5451 3198721
16.5482 3199401
16.5514 3200081
16.5546 3200761
16.5577 3201441
16.5609 3202121
16.564 3202801
16.5672 3203481
16.5703 3204161
16.5735 3204841
16.5766 3205521
16.5798 3206201
16.5829 3206881
16.5861 3207561
16.5892 3208241
16.5924 3208921
16.5955 3209601
16.5987 3210281
16.6018 3210961
16.605 3211641
16.6081 3212321
16.6113 3213001
16.6144 3213681
16.6176 3214361
16.6207 3215041
16.6239 3215721
16.627 3216401
16.6302 3217081
16.6334 3217761
16.6365 3218441
16.6397 3219121
16.6428 3219801
16.646 3220481
16.6491 3221161
16.6523 3221841
16.6554 3222521
16.6586 3223201
16.6617 3223881
16.6649 3224561
16.668 3225241
16.6712 3225921
16.6743 3226601
16.6775 3227281
16.6806 3227961
16.6838 3228641
16.6869 3229321
16.6901 3230001
16.6932 3230681
16.6964 3231361
16.6995 3232041
16.7027 3232721
16.7058 3233401
16.709 3234081
16.7122 3234761
16.7153 3235441
16.7185 3236121
16.7216 3236801
16.7248 3237481
16.7279 3238161
16.7311 3238841
16.7342 3239521
16.7374 3240201
16.7405 3240881
16.7437 3241561
16.7468 3242241
16.75 3242921
16.7531 3243601
16.7563 3244281
16.7594 3244961
16.7626 3245641
16.7657 3246321
16.7689 3247001
16.772 3247681
16.7752 3248361
16.7783 3249041
16.7815 3249721
16.7846 3250401
16.7878 3251081
16.791 3251761
16.7941 3252441
16.7973 3253121
16.8004 3253801
16.8036 3254481
16.8067 3255161
16.8099 3255841
16.813 3256521
16.8162 3257201
16.8193 3257881
16.8225 3258561
16.8256 3259241
16.8288 3259921
16.8319 3260601
16.8351 3261281
16.8382 3261961
16.8414 3262641
16.8445 3263321
16.8477 3264001
16.8508 3264681
16.854 3265361
16.8571 3266041
16.8603 3266721
16.8634 3267401
16.8666 3268081
16.8698 3268761
16.8729 3269441
16.8761 3270121
16.8792 3270801
16.8824 3271481
16.8855 3272161
16.8887 3272841
16.8918 3273521
16.895 3274201
16.8981 3274881
16.9013 3275561
16.9044 3276241
16.9076 3276921
16.9107 3277601
16.9139 3278281
16.917 3278961
16.9202 3279641
16.9233 3280321
16.9265 3281001
16.9296 3281681
16.9328 3282361
16.9359 3283041
16.9391 3283721
16.9422 3284401
16.9454 3285081
16.9486 3285761
16.9517 3286441
16.9549 3287121
16.958 3287801
16.9612 3288481
16.9643 3289161
16.9675 3289841
16.9706 3290521
16.9738 3291201
16.9769 3291881
16.9801 3292561
16.9832 3293241
16.9864 3293921
16.9895 3294601
16.9927 3295281
16.9958 3295961
16.999 3296641
17.0021 3297321
17.0053 3298001
17.0084 3298681
17.0116 3299361
17.0147 3300041
17.0179 3300721
17.021 3301401
17.0242 3302081
17.0274 3302761
17.0305 3303441
17.0337 3304121
17.0368 3304801
17.04 3305481
17.0431 3306161
17.0463 3306841
17.0494 3307521
17.0526 3308201
17.0557 3308881
17.0589 3309561
17.062 3310241
17.0652 3310921
17.0683 3311601
17.0715 3312281
17.0746 3312961
17.0778 3313641
17.0809 3314321
17.0841 3315001
17.0872 3315681
17.0904 3316361
17.0935 3317041
17.0967 3317721
17.0998 3318401
17.103 3319081
17.1062 3319761
17.1093 3320441
17.1125 3321121
17.1156 3321801
17.1188 3322481
17.1219 3323161
17.1251 3323841
17.1282 3324521
17.1314 3325201
17.1345 3325881
17.1377 3326561
17.1408 3327241
17.144 3327921
17.1471 3328601
17.1503 3329281
17.1534 3329961
17.1566 3330641
17.1597 3331321
17.1629 3332001
17.166 3332681
17.1692 3333361
17.1723 3334041
17.1755 3334721
17.1786 3335401
17.1818 3336081
17.185 3336761
17.1881 3337441
17.1913 3338121
17.1944 3338801
17.1976 3339481
17.2007 3340161
17.2039 3340841
17.207 3341521
17.2102 3342201
17.2133 3342881
17.2165 3343561
17.2196 3344241
17.2228 3344921
17.2259 3345601
17.2291 3346281
17.2322 3346961
17.2354 3347641
17.2385 3348321
17.2417 3349001
17.2448 3349681
17.248 3350361
17.2511 3351041
17.2543 3351721
17.2574 3352401
17.2606 3353081
17.2638 3353761
17.2669 3354441
17.2701 3355121
17.2732 3355801
17.2764 3356481
17.2795 3357161
17.2827 3357841
17.2858 3358521
17.289 3359201
17.2921 3359881
17.2953 3360561
17.2984 3361241
17.3016 3361921
17.3047 3362601
17.3079 3363281
17.311 3363961
17.3142 3364641
17.3173 3365321
17.3205 3366001
17.3236 3366681
17.3268 3367361
17.3299 3368041
17.3331 3368721
17.3362 3369401
17.3394 3370081
17.3426 3370761
17.3457 3371441
17.3489 3372121
17.352 3372801
17.3552 3373481
17.3583 3374161
17.3615 3374841
17.3646 3375521
17.3678 3376201
17.3709 3376881
17.3741 3377561
17.3772 3378241
17.3804 3378921
17.3835 3379601
17.3867 3380281
17.3898 3380961
17.7319 3398301
17.765 3415641
17.8454 3432981
17.9257 3450321
18.006 3513901
18.0092 3514581
18.0123 3515261
18.0155 3515941
18.0187 3516621
18.0218 3517301
18.025 3517981
18.0281 3518661
18.0328 3519341
18.036 3520021
18.0391 3520701
18.0423 3521381
18.0454 3522061
18.0486 3522741
18.0517 3523421
18.0549 3524101
18.0581 3524781
18.0612 3525461
18.0644 3525801
18.0675 3526481
18.0707 3527161
18.0738 3527841
18.077 3528521
18.0801 3529201
18.0833 3529881
18.0864 3530561
18.0896 3531241
18.0927 3531921
18.0959 3532601
18.099 3533281
18.1022 3533961
18.1053 3534641
18.1085 3535321
18.1116 3536001
18.1148 3536681
18.1179 3537361
18.1211 3538041
18.1242 3538721
18.1274 3539401
18.1305 3540081
18.1337 3540761
18.1369 3541441
18.14 3542121
18.1432 3542801
18.1463 3543141
18.1495 3543821
18.1526 3544501
18.1558 3545181
18.1589 3545861
18.1621 3546541
18.1652 3547221
18.1684 3547901
18.1715 3548581
18.1747 3549261
18.1778 3549941
18.181 3550621
18.1841 3551301
18.1873 3551981
18.1904 3552661
18.1936 3553341
18.1967 3554021
18.1999 3554701
18.203 3555381
18.2062 3556061
18.2093 3556741
18.2125 3557421
18.2157 3558101
18.2188 3558781
18.222 3559461
18.2251 3560141
18.2283 3560481
18.2314 3561161
18.2346 3561841
18.2377 3562521
18.2409 3563201
18.244 3563881
18.2472 3564561
18.2503 3565241
18.2535 3565921
18.2566 3566601
18.2598 3567281
18.2629 3567961
18.2661 3568641
18.2692 3569321
18.2724 3570001
18.2755 3570681
18.2787 3571361
18.2818 3572041
18.285 3572721
18.2881 3573401
18.2913 3574081
18.2945 3574761
18.2976 3575441
18.3008 3576121
18.3039 3576801
18.3071 3577481
18.3102 3578161
18.3134 3578841
18.3165 3579521
18.3197 3580201
18.3228 3580881
18.326 3581561
18.3291 3582241
18.3323 3582921
18.3354 3583601
18.3386 3584281
18.3417 3584961
18.3449 3585641
18.348 3586321
18.3512 3587001
18.3543 3587681
18.3575 3588361
18.3606 3589041
18.3638 3589721
18.3669 3590401
18.3701 3591081
18.3733 3591761
18.3764 3592441
18.3796 3593121
18.3827 3593801
18.3859 3594481
18.389 3595161
18.3922 3595841
18.3953 3596521
18.3985 3597201
18.4016 3597881
18.4048 3598561
18.4079 3599241
18.4111 3599921
18.4142 3600601
18.4174 3601281
18.4205 3601961
18.4237 3602641
18.4268 3603321
18.43 3604001
18.4331 3604681
18.4363 3605361
18.4394 3606041
18.4426 3606721
18.4457 3607401
18.4489 3608081
18.4521 3608761
18.4552 3609441
18.4584 3610121
18.4615 3610801
18.4647 3611481
18.4678 3612161
18.471 3612841
18.4741 3613521
18.4773 3614201
18.4804 3614881
18.4836 3615561
18.4867 3616241
18.4899 3616921
18.493 3617601
18.4962 3618281
18.4993 3618961
18.5025 3619641
18.5056 3620321
18.5088 3621001
18.5119 3621681
18.5151 3622361
18.5182 3623041
18.5214 3623721
18.5245 3624401
18.5277 3625081
18.5309 3625761
18.534 3626441
18.5372 3627121
18.5403 3627801
18.5435 3628481
18.5466 3629161
18.5498 3629841
18.5529 3630521
18.5561 3631201
18.5592 3631881
18.5624 3632561
18.5655 3633241
18.5687 3633921
18.5718 3634601
18.575 3635281
18.5781 3635961
18.5813 3636641
18.5844 3637321
18.5876 3638001
18.5907 3638681
18.5939 3639361
18.597 3640041
18.6002 3640721
18.6033 3641401
18.6065 3642081
18.6097 3642761
18.6128 3643441
18.616 3644121
18.6191 3644801
18.6223 3645481
18.6254 3646161
18.6286 3646841
18.6317 3647521
18.6349 3648201
18.638 3648881
18.6412 3649561
18.6443 3650241
18.6475 3650921
18.6506 3651601
18.6538 3652281
18.6569 3652961
18.6601 3653641
18.6632 3654321
18.6664 3655001
18.6695 3655681
18.6727 3656361
18.6758 3657041
18.679 3657721
18.6821 3658401
18.6853 3659081
18.6885 3659761
18.6916 3660441
18.6948 3661121
18.6979 3661801
18.7011 3662481
18.7042 3663161
18.7074 3663841
18.7105 3664521
18.7137 3665201
18.7168 3665881
18.72 3666561
18.7231 3667241
18.7263 3667921
18.7294 3668601
18.7326 3669281
18.7357 3669961
18.7389 3670641
18.742 3671321
18.7452 3672001
18.7483 3672681
18.7515 3673361
18.7546 3674041
18.7578 3674721
18.7609 3675401
18.7641 3676081
18.7673 3676761
18.7704 3677441
18.7736 3678121
18.7767 3678801
18.7799 3679481
18.783 3680161
18.7862 3680841
18.7893 3681521
18.7925 3682201
18.7956 3682881
18.7988 3683561
18.8019 3684241
18.8051 3684921
18.8082 3685601
18.8114 3686281
18.8145 3686961
18.8177 3687641
18.8208 3688321
18.824 3689001
18.8271 3689681
18.8303 3690361
18.8334 3691041
18.8366 3691721
18.8397 3692401
18.8429 3693081
18.8461 3693761
18.8492 3694441
18.8524 3695121
18.8555 3695801
18.8587 3696481
18.8618 3697161
18.865 3697841
18.8681 3698521
18.8713 3699201
18.8744 3699881
18.8776 3700561
18.8807 3701241
18.8839 3701921
18.887 3702601
18.8902 3703281
18.8933 3703961
18.8965 3704641
18.8996 3705321
18.9028 3706001
18.9059 3706681
18.9091 3707361
18.9122 3708041
18.9154 3708721
18.9185 3709401
18.9217 3710081
18.9249 3710761
18.928 3711441
18.9312 3712121
18.9343 3712801
18.9375 3713481
18.9406 3714161
18.9438 3714841
18.9469 3715521
18.9501 3716201
18.9532 3716881
18.9564 3717561
18.9595 3718241
18.9627 3718921
18.9658 3719601
18.969 3720281
18.9721 3720961
18.9753 3721641
18.9784 3722321
18.9816 3723001
18.9847 3723681
18.9879 3724361
18.991 3725041
18.9942 3725721
18.9973 3726401
19.0005 3727081
19.0037 3727761
19.0068 3728441
19.01 3729121
19.0131 3729801
19.0163 3730481
19.0194 3731161
19.0226 3731841
19.0257 3732521
19.0289 3733201
19.032 3733881
19.0352 3734561
19.0383 3735241
19.0415 3735921
19.0446 3736601
19.0478 3737281
19.0509 3737961
19.0541 3738641
19.0572 3739321
19.0604 3740001
19.0635 3740681
19.0667 3741361
19.0698 3742041
19.073 3742721
19.0761 3743401
19.0793 3744081
19.0825 3744761
19.0856 3745441
19.0888 3746121
19.0919 3746801
19.0951 3747481
19.0982 3748161
19.1014 3748841
19.1045 3749521
19.1077 3750201
19.1108 3750881
19.114 3751561
19.1171 3752241
19.1203 3752921
19.1234 3753601
19.1266 3754281
19.1297 3754961
19.1329 3755641
19.136 3756321
19.1392 3757001
19.1423 3757681
19.1455 3758361
19.1486 3759041
19.1518 3759721
19.1549 3760401
19.1581 3761081
19.1613 3761761
19.1644 3762441
19.1676 3763121
19.1707 3763801
19.1739 3764481
19.177 3765161
19.1802 3765841
19.1833 3766521
19.1865 3767201
19.1896 3767881
19.1928 3768561
19.1959 3769241
19.1991 3769921
19.2022 3770601
19.2054 3771281
19.2085 3771961
19.2117 3772641
19.2148 3773321
19.218 3774001
19.2211 3774681
19.2243 3775361
19.2274 3776041
19.2306 3776721
19.2337 3777401
19.2369 3778081
19.2401 3778761
19.2432 3779441
19.2464 3780121
19.2495 3780801
19.2527 3781481
19.2558 3782161
19.259 3782841
19.2621 3783521
19.2653 3784201
19.2684 3784881
19.2716 3785561
19.2747 3786241
19.2779 3786921
19.281 3787601
19.2842 3788281
19.2873 3788961
19.2905 3789641
19.2936 3790321
19.2968 3791001
19.2999 3791681
19.3031 3792361
19.3062 3793041
19.3094 3793721
19.3125 3794401
19.3157 3795081
19.3189 3795761
19.322 3796441
19.3252 3797121
19.3283 3797801
19.3315 3798481
19.3346 3799161
19.3378 3799841
19.3409 3800521
19.3441 3801201
19.3472 3801881
19.3504 3802561
19.3535 3803241
19.3567 3803921
19.3598 3804601
19.363 3805281
19.3661 3805961
19.3693 3806641
19.3724 3807321
19.3756 3808001
19.3787 3808681
19.3819 3809361
19.385 3810041
19.3882 3810721
19.3913 3811401
19.3945 3812081
19.3977 3812761
19.4008 3813441
19.404 3814121
19.4071 3814801
19.4103 3815481
19.4134 3816161
19.4166 3816841
19.4197 3817521
19.4229 3818201
19.426 3818881
19.4292 3819561
19.4323 3820241
19.4355 3820921
19.4386 3821601
19.4418 3822281
19.4449 3822961
19.4481 3823641
19.4512 3824321
19.4544 3825001
19.4575 3825681
19.4607 3826361
19.4638 3827041
19.467 3827721
19.4701 3828401
19.4733 3829081
19.4765 3829761
19.4796 3830441
19.4828 3831121
19.4859 3831801
19.4891 3832481
19.4922 3833161
19.4954 3833841
19.4985 3834521
19.5017 3835201
19.5048 3835881
19.508 3836561
19.5111 3837241
19.5143 3837921
19.5174 3838601
19.5206 3839281
19.5237 3839961
19.5269 3840641
19.53 3841321
19.5332 3842001
19.5363 3842681
19.5395 3843361
19.5426 3844041
19.5458 3844721
19.5489 3845401
19.5521 3846081
19.5553 3846761
19.5584 3847441
19.5616 3848121
19.5647 3848801
19.5679 3849481
19.571 3850161
19.5742 3850841
19.5773 3851521
19.5805 3852201
19.5836 3852881
19.5868 3853561
19.5899 3854241
19.5931 3854921
19.5962 3855601
19.5994 3856281
19.6025 3856961
19.6057 3857641
19.6088 3858321
19.612 3859001
19.6151 3859681
19.6183 3860361
19.6214 3861041
19.6246 3861721
19.6277 3862401
19.6309 3863081
19.6341 3863761
19.6372 3864441
19.6404 3865121
19.6435 3865801
19.6467 3866481
19.6498 3867161
19.653 3867841
19.6561 3868521
19.6593 3869201
19.6624 3869881
19.6656 3870561
19.6687 3871241
19.6719 3871921
19.675 3872601
19.6782 3873281
19.6813 3873961
19.6845 3874641
19.6876 3875321
19.6908 3876001
19.6939 3876681
19.6971 3877361
19.7002 3878041
19.7034 3878721
19.7065 3879401
19.7097 3880081
19.7129 3880761
19.716 3881441
19.7192 3882121
19.7223 3882801
19.7255 3883481
19.7286 3884161
19.7318 3884841
19.7349 3885521
19.7381 3886201
19.7412 3886881
19.7444 3887561
19.7475 3888241
19.7507 3888921
19.7538 3889601
19.757 3890281
19.7601 3890961
19.7633 3891641
19.7664 3892321
19.7696 3893001
19.7727 3893681
19.7759 3894361
19.779 3895041
19.7822 3895721
19.7853 3896401
19.7885 3897081
19.7917 3897761
19.7948 3898441
19.798 3899121
19.8011 3899801
19.8043 3900481
19.8074 3901161
19.8106 3901841
19.8137 3902521
19.8169 3903201
19.82 3903881
19.8232 3904561
19.8263 3905241
19.8295 3905921
19.8326 3906601
19.8358 3907281
19.8389 3907961
19.8421 3908641
19.8452 3909321
19.8484 3910001
19.8515 3910681
19.8547 3911361
19.8578 3912041
19.861 3912721
19.8641 3913401
19.8673 3914081
19.8705 3914761
19.8736 3915441
19.8768 3916121
19.8799 3916801
19.8831 3917481
19.8862 3918161
19.8894 3918841
19.8925 3919521
19.8957 3920201
19.8988 3920881
19.902 3921561
19.9051 3922241
19.9083 3922921
19.9114 3923601
19.9146 3924281
19.9177 3924961
19.9209 3925641
19.924 3926321
19.9272 3927001
19.9303 3927681
19.9335 3928361
19.9366 3929041
19.9398 3929721
19.9429 3930401
19.9461 3931081
19.9493 3931761
19.9524 3932441
19.9556 3933121
19.9587 3933801
19.9619 3934481
19.965 3935161
19.9682 3935841
19.9713 3936521
19.9745 3937201
19.9776 3937881
19.9808 3938561
19.9839 3939241
19.9871 3939921
19.9902 3940601
19.9934 3941281
19.9965 3941961
19.9997 3942641
20.0028 3943321
20.006 3944001
20.0091 3944681
20.0123 3945361
20.0154 3946041
20.0186 3946721
20.0217 3947401
20.0249 3948081
20.0281 3948761
20.0312 3949441
20.0344 3950121
20.0375 3950801
20.0407 3951481
20.0438 3952161
20.047 3952841
20.0501 3953521
20.0533 3954201
20.0564 3954881
20.0596 3955561
20.0627 3956241
20.0659 3956921
20.069 3957601
20.0722 3958281
20.0753 3958961
20.0785 3959641
20.0816 3960321
20.0848 3961001
20.0879 3961681
20.0911 3962361
20.0942 3963041
20.0974 3963721
