0.0 0
0.0905768 0.09
0.18279 0.09025
0.276537 0.0907188
0.370283 0.0911289
0.462454 0.102988
0.465606 0.101989
0.5562 0.100991
0.559352 0.100492
0.562504 0.100055
0.649946 0.0991734
0.653098 0.0989017
0.65625 0.098664
0.659402 0.098456
0.742117 0.108649
0.745269 0.107068
0.748421 0.105559
0.751573 0.104614
0.754725 0.103788
0.757877 0.103064
0.834287 0.112056
0.837439 0.109924
0.840591 0.108059
0.843743 0.106801
0.846895 0.105701
0.850047 0.104864
0.853199 0.104506
0.856351 0.104192
0.859503 0.103918
0.926458 0.112054
0.92961 0.109922
0.932762 0.108057
0.935914 0.1068
0.939066 0.105825
0.942218 0.104972
0.94537 0.1046
0.948522 0.104275
0.951674 0.103866
0.954826 0.103882
0.957978 0.103897
0.96113 0.104035
0.964282 0.104531
0.967434 0.104964
1.0202 0.103594
1.02336 0.10277
1.02651 0.102048
1.02966 0.101417
1.03281 0.10124
1.03596 0.101085
1.03912 0.100949
1.04227 0.101206
1.04542 0.10143
1.04857 0.101626
1.05172 0.102173
1.05488 0.102651
1.05803 0.103195
1.06118 0.104046
1.06433 0.10479
1.06748 0.105441
1.07064 0.106386
1.07379 0.107088
1.07694 0.107702
1.08009 0.108739
1.08324 0.109647
1.11395 0.107566
1.1171 0.106245
1.12025 0.105089
1.12341 0.104078
1.12656 0.103569
1.12971 0.103122
1.13286 0.102732
1.13601 0.102891
1.13917 0.103029
1.14232 0.103026
1.14547 0.103397
1.14862 0.103723
1.15177 0.104007
1.15493 0.104631
1.15808 0.105303
1.16123 0.10589
1.16438 0.106779
1.16753 0.107556
1.17069 0.108112
1.17384 0.108973
1.17699 0.109726
1.18014 0.11051
1.18329 0.111572
1.18645 0.1125
1.1896 0.113313
1.19275 0.114399
1.1959 0.115349
1.19905 0.116305
1.20221 0.117517
1.20536 0.118452
1.20851 0.119271
1.21166 0.120362
1.21481 0.117942
1.21797 0.115699
1.22112 0.114237
1.22427 0.112957
1.22742 0.111837
1.23057 0.111233
1.23373 0.110704
1.23688 0.110241
1.24003 0.110336
1.24318 0.110419
1.24633 0.110366
1.24949 0.110696
1.25264 0.110984
1.25579 0.111236
1.25894 0.111831
1.26209 0.112477
1.26525 0.113043
1.2684 0.113912
1.27155 0.114673
1.2747 0.115339
1.27785 0.116297
1.28101 0.117135
1.28416 0.117868
1.28731 0.118884
1.29046 0.119774
1.29361 0.120552
1.29677 0.121608
1.29992 0.122532
1.30307 0.123466
1.30622 0.124657
1.30937 0.1257
1.31253 0.126488
1.31568 0.127552
1.31883 0.128483
1.32198 0.129297
1.32513 0.13051
1.32829 0.131571
1.33144 0.1325
1.33459 0.133688
1.33774 0.134727
1.34089 0.135511
1.34405 0.136697
1.3472 0.137735
1.35035 0.138643
1.3535 0.139813
1.35665 0.140836
1.35981 0.141732
1.36296 0.14289
1.36611 0.144029
1.36926 0.145025
1.37241 0.146272
1.37557 0.147238
1.37872 0.148083
1.38187 0.149198
1.38502 0.150298
1.38817 0.151261
1.39133 0.152478
1.39448 0.153543
1.39763 0.154476
1.40078 0.155666
1.40393 0.156583
1.40709 0.15751
1.41024 0.158696
1.41339 0.159734
1.41654 0.160642
1.41969 0.161812
1.42285 0.162836
1.426 0.163731
1.42915 0.165015
1.4323 0.166138
1.43545 0.166996
1.43861 0.168121
1.44176 0.169106
1.44491 0.169968
1.44806 0.171222
1.45121 0.172319
1.45437 0.173279
1.45752 0.174494
1.46067 0.175558
1.46382 0.176363
1.46697 0.177442
1.47013 0.178512
1.47328 0.179448
1.47643 0.180642
1.47958 0.181687
1.48273 0.182601
1.48589 0.183776
1.48904 0.184929
1.49219 0.185938
1.49534 0.187196
1.49849 0.188171
1.50165 0.189025
1.5048 0.190147
1.50795 0.191128
1.5111 0.192112
1.51425 0.193348
1.51741 0.19443
1.52056 0.195376
1.52371 0.196579
1.52686 0.197632
1.53001 0.198553
1.53317 0.199734
1.53632 0.200767
1.53947 0.201671
1.54262 0.202837
1.54577 0.203858
1.54893 0.20475
1.55208 0.206032
1.55523 0.207153
1.55838 0.208009
1.56153 0.209132
1.56469 0.210116
1.56784 0.210976
1.57099 0.212104
1.57414 0.213216
1.57729 0.214189
1.58045 0.215416
1.5836 0.216489
1.58675 0.217428
1.5899 0.218624
1.59305 0.219671
1.59621 0.220587
1.59936 0.221764
1.60251 0.222793
1.60566 0.223694
1.60881 0.224857
1.61197 0.225875
1.61512 0.226891
1.61827 0.228154
1.62142 0.229135
1.62457 0.229993
1.62773 0.231119
1.63088 0.232104
1.63403 0.233091
1.63718 0.23433
1.64033 0.235414
1.64349 0.236362
1.64664 0.237567
1.64979 0.238621
1.65294 0.239418
1.65609 0.240616
1.65925 0.241664
1.6624 0.242581
1.66555 0.243758
1.6687 0.244789
1.67185 0.24569
1.67501 0.246979
1.67816 0.248106
1.68131 0.249093
1.68446 0.250331
1.68761 0.25129
1.69077 0.252129
1.69392 0.253238
1.69707 0.254333
1.70022 0.255291
1.70337 0.256505
1.70653 0.257567
1.70968 0.258496
1.71283 0.259684
1.71598 0.260598
1.71913 0.261524
1.72229 0.262708
1.72544 0.263745
1.72859 0.264652
1.73174 0.26582
1.73489 0.266843
1.73805 0.267862
1.7412 0.26913
1.74435 0.270238
1.7475 0.271084
1.75065 0.272198
1.75381 0.273173
1.75696 0.274027
1.76011 0.275273
1.76326 0.276364
1.76641 0.277319
1.76957 0.278529
1.77272 0.279588
1.77587 0.280389
1.77902 0.281591
1.78217 0.282642
1.78533 0.283562
1.78848 0.284741
1.79163 0.285774
1.79478 0.286677
1.79793 0.287842
1.80109 0.288987
1.80424 0.289989
1.80739 0.29124
1.81054 0.29221
1.81369 0.293059
1.81685 0.294176
1.82 0.295154
1.82315 0.296135
1.8263 0.297368
1.82945 0.298447
1.83261 0.299391
1.83576 0.300592
1.83891 0.301518
1.84206 0.302454
1.84521 0.303647
1.84837 0.304691
1.85152 0.305605
1.85467 0.306779
1.85782 0.307807
1.86097 0.308706
1.86413 0.309993
1.86728 0.311119
1.87043 0.311979
1.87358 0.313106
1.87673 0.314093
1.87989 0.314956
1.88304 0.316212
1.88619 0.31731
1.88934 0.318272
1.89249 0.319488
1.89565 0.320552
1.8988 0.321483
1.90195 0.322672
1.9051 0.323713
1.90825 0.324624
1.91141 0.325796
1.91456 0.326822
1.91771 0.327719
1.92086 0.328879
1.92401 0.330019
1.92717 0.331017
4.49501 0.305015
4.49816 0.282388
4.50131 0.262714
4.50446 0.24575
4.50761 0.231031
4.51077 0.218402
4.51392 0.207477
4.51707 0.198292
4.52022 0.190381
4.52337 0.183583
4.52653 0.177885
4.52968 0.173025
4.53283 0.169022
4.53598 0.165644
4.53913 0.163063
4.54229 0.15568
4.54544 0.14947
4.54859 0.144162
4.55174 0.139641
4.55489 0.135936
4.55805 0.132944
4.5612 0.130576
4.56435 0.128629
4.5675 0.127176
4.57065 0.126029
4.57381 0.12515
4.57696 0.124631
4.58011 0.124427
4.58326 0.124499
4.58641 0.124687
4.58957 0.124976
4.59272 0.125479
4.59587 0.126044
4.59902 0.126913
4.60217 0.127799
4.60533 0.128824
4.60848 0.129846
4.61163 0.130866
4.61478 0.132007
4.61793 0.133131
4.62109 0.13449
4.62424 0.135804
4.62739 0.137203
4.63054 0.138553
4.63369 0.139859
4.63685 0.141251
4.64 0.142595
4.64315 0.144146
4.6463 0.145627
4.64945 0.146674
4.65261 0.147965
4.65576 0.149094
4.65891 0.150082
4.66206 0.151447
4.66521 0.152641
4.66837 0.153686
4.67152 0.154975
4.67467 0.156103
4.67782 0.15709
4.68097 0.158329
4.68413 0.159413
4.68728 0.160361
4.69043 0.161566
4.69358 0.16262
4.69673 0.163543
4.69989 0.164725
4.70304 0.165884
4.70619 0.166899
4.70934 0.168161
4.71249 0.169266
4.71565 0.170108
4.7188 0.17122
4.72195 0.172192
4.7251 0.173168
4.72825 0.174397
4.73141 0.175472
4.73456 0.176413
4.73771 0.177612
4.74086 0.17866
4.74401 0.179578
4.74717 0.180755
4.75032 0.181786
4.75347 0.182688
4.75662 0.183852
4.75977 0.18487
4.76293 0.185762
4.76608 0.187041
4.76923 0.188161
4.77238 0.189141
4.77553 0.190373
4.77869 0.191327
4.78184 0.192161
4.78499 0.193266
4.78814 0.194358
4.79129 0.195313
4.79445 0.196524
4.7976 0.197583
4.80075 0.19851
4.8039 0.199697
4.80705 0.200735
4.81021 0.201643
4.81336 0.202812
4.81651 0.203836
4.81966 0.204731
4.82281 0.20589
4.82597 0.206904
4.82912 0.207916
4.83227 0.209176
4.83542 0.210279
4.83857 0.211119
4.84173 0.212229
4.84488 0.213201
4.84803 0.214176
4.85118 0.215404
4.85433 0.216478
4.85749 0.217418
4.86064 0.218616
4.86379 0.219664
4.86694 0.220581
4.87009 0.221883
4.87325 0.222898
4.8764 0.223786
4.87955 0.224938
4.8827 0.225945
4.88585 0.226827
4.88901 0.228099
4.89216 0.229211
4.89531 0.230185
4.89846 0.231412
4.90161 0.23236
4.90477 0.23319
4.90792 0.234292
4.91107 0.23538
4.91422 0.236333
4.91737 0.237541
4.92053 0.238598
4.92368 0.239524
4.92683 0.240708
4.92998 0.241745
4.93313 0.242652
4.93629 0.24382
4.93944 0.244843
4.94259 0.245737
4.94574 0.246895
4.94889 0.247908
4.95205 0.24892
4.9552 0.25018
4.95835 0.251282
4.9615 0.252122
4.96465 0.253232
4.96781 0.254203
4.97096 0.255052
4.97411 0.256296
4.97726 0.257384
4.98041 0.258336
4.98357 0.259544
4.98672 0.260601
4.98987 0.261526
4.99302 0.262835
4.99617 0.263856
4.99933 0.264749
5.00248 0.265905
5.00563 0.266917
5.00878 0.267802
5.01193 0.268952
5.01509 0.270083
5.01824 0.271073
5.02139 0.272314
5.02454 0.273274
5.02769 0.274115
5.03085 0.275226
5.034 0.276197
5.03715 0.277173
5.0403 0.278401
5.04345 0.279476
5.04661 0.280417
5.04976 0.281614
5.05291 0.282663
5.05606 0.28358
5.05921 0.284757
5.06237 0.285788
5.06552 0.286689
5.06867 0.287853
5.07182 0.288871
5.07497 0.289763
5.07813 0.291042
5.08128 0.292162
5.08443 0.293142
5.08758 0.294374
5.09073 0.295327
5.09389 0.296161
5.09704 0.297391
5.10019 0.298467
5.10334 0.299409
5.10649 0.300608
5.10965 0.301657
5.1128 0.302575
5.11595 0.303753
5.1191 0.304784
5.12225 0.305686
5.12541 0.30685
5.12856 0.307869
5.13171 0.30876
5.13486 0.309915
5.13801 0.311051
5.14117 0.312044
5.14432 0.313289
5.14747 0.314378
5.15062 0.315206
5.15377 0.316305
5.15693 0.317267
5.16008 0.318233
5.16323 0.319454
5.16638 0.320522
5.16953 0.321457
5.17269 0.32265
5.17584 0.323694
5.17899 0.324482
5.18214 0.325672
5.18529 0.326713
5.18845 0.327624
5.1916 0.328421
5.19475 0.329118
5.1979 0.329728
5.20105 0.330387
5.20421 0.330839
5.20736 0.331234
5.21051 0.33158
5.21366 0.331882
5.21681 0.332147
5.21997 0.332379
5.22312 0.332581
5.22627 0.332759
5.22942 0.332914
5.23257 0.33305
5.23573 0.333168
5.23888 0.333272
5.24203 0.333488
5.24518 0.333552
5.24833 0.333608
5.25149 0.333657
5.25464 0.3337
5.25779 0.333738
5.26094 0.33377
5.26409 0.333924
5.26725 0.334434
5.2704 0.334754
5.27355 0.335035
5.2767 0.335281
5.27985 0.335496
5.28301 0.335809
5.28616 0.336083
5.28931 0.336197
5.29246 0.336298
5.29561 0.336385
5.29877 0.336462
5.30192 0.336529
5.30507 0.336713
5.30822 0.336874
5.31137 0.33689
5.31453 0.336904
5.31768 0.336916
5.32083 0.336926
5.32398 0.336935
5.32713 0.337068
5.33029 0.33706
5.33344 0.337052
5.33659 0.337046
5.33974 0.33704
5.34289 0.337035
5.34605 0.337156
5.3492 0.337261
5.35235 0.337229
5.3555 0.3372
5.35865 0.337175
5.36181 0.337153
5.36496 0.337134
5.36811 0.337242
5.37126 0.337337
5.37441 0.337295
5.37757 0.337258
5.38072 0.337226
5.38387 0.337198
5.38702 0.337298
5.39017 0.337386
5.39333 0.337337
5.39648 0.337295
5.39963 0.337258
5.40278 0.337226
5.40593 0.337198
5.40909 0.337298
5.41224 0.337386
5.41539 0.337338
5.41854 0.337295
5.42169 0.337258
5.42485 0.337226
6.04421 0.332573
6.04737 0.328376
6.05052 0.324704
6.05367 0.321491
6.05682 0.31868
6.05997 0.31622
6.06313 0.314192
6.06785 0.312543
6.07101 0.3111
6.07416 0.309838
6.07731 0.308733
6.08046 0.307766
6.08361 0.306921
6.08677 0.306181
6.08992 0.305408
6.09307 0.304857
6.09622 0.304375
6.09937 0.303953
6.10253 0.303709
6.10568 0.303495
6.10883 0.303308
6.11198 0.303145
6.11513 0.303127
6.11829 0.303111
6.12144 0.303097
6.12459 0.30296
6.12774 0.30284
6.13089 0.302735
6.13405 0.302768
6.1372 0.302797
6.14035 0.302822
6.1435 0.30272
6.14665 0.30263
6.14981 0.302551
6.15296 0.302482
6.15611 0.302547
6.15926 0.302603
6.16241 0.302653
6.16557 0.302571
6.16872 0.3025
6.17187 0.302437
6.17502 0.302508
6.17817 0.302569
6.18133 0.302623
6.18448 0.302795
6.18763 0.302946
6.19078 0.303078
6.19393 0.303193
6.19709 0.303419
6.20024 0.303491
6.20339 0.303555
6.20654 0.303611
6.20969 0.303659
6.21285 0.303702
6.216 0.303739
6.21915 0.303772
6.2223 0.3038
6.22545 0.303825
6.22861 0.303847
6.23176 0.303866
6.23491 0.303883
6.23806 0.304023
6.24121 0.30402
6.24437 0.304017
6.24752 0.304015
6.25067 0.304013
6.25382 0.304012
6.25697 0.30401
6.26013 0.304009
6.26328 0.304008
6.26643 0.304257
6.26958 0.304475
6.27273 0.30454
6.27589 0.304598
6.27904 0.304773
6.28219 0.304926
6.28534 0.305061
6.28849 0.305178
6.29165 0.305281
6.2948 0.305246
6.29795 0.305215
6.3011 0.305313
6.30425 0.305399
6.30741 0.305474
6.31056 0.30554
6.31371 0.305472
6.31686 0.305413
6.32001 0.305487
6.32316 0.305551
6.32632 0.305607
6.32947 0.305656
6.33262 0.305699
6.33577 0.305612
6.33892 0.305535
6.34208 0.305593
6.34523 0.305644
6.34838 0.305439
6.35153 0.305259
6.35468 0.305101
6.35784 0.304964
6.36099 0.304843
6.36414 0.304863
6.36729 0.304755
6.37044 0.304536
6.3736 0.304219
6.37675 0.303941
6.3799 0.303699
6.38305 0.303611
6.3862 0.303535
6.38936 0.303468
6.39251 0.30341
6.39566 0.303233
6.39881 0.303079
6.40196 0.302944
6.40512 0.302951
6.40827 0.302957
6.41142 0.302963
6.41457 0.302967
6.41772 0.302846
6.42088 0.302741
6.42403 0.302773
6.42718 0.302801
6.43033 0.302826
6.43348 0.302848
6.43664 0.302742
6.43979 0.302649
6.44294 0.302568
6.44609 0.302622
6.44924 0.302669
6.4524 0.302711
6.45555 0.302747
6.4587 0.302653
6.46185 0.302572
6.465 0.302625
6.46816 0.302672
6.47131 0.302713
6.47446 0.302749
6.47761 0.302655
6.48076 0.302573
6.48392 0.302502
6.48707 0.302564
6.49022 0.302619
6.49337 0.302666
6.49652 0.302708
6.49968 0.302619
6.50283 0.302542
6.50598 0.302474
6.50913 0.30254
6.51228 0.302597
6.51544 0.302648
6.51859 0.302692
6.52174 0.302605
6.52489 0.30253
6.52804 0.302588
6.5312 0.30264
6.53435 0.302685
6.5375 0.302724
6.54065 0.302634
6.5438 0.302555
6.54696 0.302485
6.55011 0.30255
6.55326 0.302606
6.55641 0.302655
6.55956 0.302698
6.56272 0.302611
6.56587 0.302535
6.56902 0.302593
6.57217 0.302644
6.57532 0.302688
6.57848 0.302727
6.58163 0.302636
6.58478 0.302557
6.58793 0.302487
6.59108 0.302551
6.59424 0.302607
6.59739 0.302656
6.60054 0.302699
6.60369 0.302612
6.60684 0.302535
6.61 0.302469
6.61315 0.302535
6.6163 0.302593
6.61945 0.302644
6.6226 0.302563
6.62576 0.302493
6.62891 0.302431
6.63206 0.302502
6.63521 0.302565
6.63836 0.302619
6.64152 0.302667
6.64467 0.302583
6.64782 0.30251
6.65097 0.302822
6.65412 0.303219
6.65728 0.303567
6.66043 0.303871
6.66358 0.304137
6.66673 0.30437
6.66988 0.304449
6.67304 0.304642
6.67619 0.304812
6.67934 0.304961
6.68249 0.305091
6.68564 0.305204
6.6888 0.305179
6.69195 0.305156
6.6951 0.305262
6.69825 0.305354
6.7014 0.305435
6.70456 0.305505
6.70771 0.305567
6.71086 0.305496
6.71401 0.305559
6.71716 0.305614
6.72032 0.305663
6.72347 0.305705
6.72662 0.305742
6.72977 0.305649
6.73292 0.305568
6.73608 0.305622
6.73923 0.305669
6.74238 0.30571
6.74553 0.305747
6.74868 0.305778
6.75184 0.305681
6.75499 0.305596
6.75814 0.305646
6.76129 0.305691
6.76444 0.305729
6.7676 0.305763
6.77075 0.305668
6.7739 0.305584
6.77705 0.305636
6.7802 0.305682
6.78336 0.305721
6.78651 0.305756
6.78966 0.305787
6.79281 0.305688
6.79596 0.305602
6.79912 0.305652
6.80227 0.305696
6.80542 0.305734
6.80857 0.305767
6.81172 0.306171
6.81488 0.306525
6.81803 0.306834
6.82118 0.307105
6.82433 0.307342
6.82748 0.307549
6.83064 0.30773
6.83379 0.307889
6.83694 0.307903
6.84009 0.30804
6.84324 0.30816
6.8464 0.308265
6.84955 0.308357
6.8527 0.308437
6.85585 0.308508
6.859 0.308569
6.86216 0.308623
6.86531 0.30867
6.86846 0.308711
6.87161 0.308747
6.87476 0.308779
6.87792 0.308682
6.88107 0.308721
6.88422 0.308756
6.88737 0.308787
6.89052 0.308813
6.89368 0.308837
6.89683 0.308857
6.89998 0.30875
6.90313 0.308781
6.90628 0.308809
6.90944 0.308833
6.91259 0.308853
6.91574 0.308872
6.91889 0.308888
6.92204 0.308902
6.9252 0.308914
6.92835 0.308925
6.9315 0.308934
6.93465 0.308942
6.9378 0.30895
6.94096 0.308831
6.94411 0.308852
6.94726 0.308871
6.95041 0.308887
6.95356 0.308901
6.95672 0.308913
6.95987 0.308924
6.96302 0.308934
6.96617 0.308942
6.96932 0.308949
6.97248 0.309331
6.97563 0.309664
6.97878 0.309956
6.98193 0.310212
6.98508 0.310435
6.98824 0.310631
6.99139 0.310802
6.99454 0.310952
6.99769 0.311083
7.00084 0.311197
7.004 0.311298
7.00715 0.311386
7.0103 0.311462
7.01345 0.31153
7.0166 0.311588
7.01976 0.31164
7.02291 0.311685
7.02606 0.311724
7.02921 0.311759
7.03236 0.311789
7.03552 0.311815
7.03867 0.311838
7.04182 0.311859
7.04497 0.311876
7.04812 0.311892
7.05128 0.311905
7.05443 0.311917
7.05758 0.311927
7.06073 0.311937
7.06388 0.311944
7.06704 0.312076
7.07019 0.312067
7.07334 0.312058
7.07649 0.312051
7.07964 0.312045
7.0828 0.312039
7.08595 0.312034
7.0891 0.31203
7.09225 0.312026
7.0954 0.312023
7.09856 0.31202
7.10171 0.312018
7.10486 0.312015
7.10801 0.312138
7.11116 0.312121
7.11432 0.312106
7.11747 0.312093
7.12062 0.312081
7.12377 0.312071
7.12692 0.312062
7.13008 0.312054
7.13323 0.312423
7.13638 0.312745
7.13953 0.313027
7.14268 0.313273
7.14584 0.313489
7.14899 0.313678
7.15214 0.313968
7.15529 0.314097
7.15844 0.31421
7.1616 0.314309
7.16475 0.314395
7.1679 0.314471
7.17105 0.314662
7.1742 0.314704
7.17736 0.314741
7.18051 0.314774
7.18366 0.314802
7.18681 0.314827
7.18996 0.314848
7.19312 0.314992
7.19627 0.314993
7.19942 0.314994
7.20257 0.314995
7.20572 0.314995
7.20888 0.314996
7.21203 0.315122
7.21518 0.315231
7.21833 0.315202
7.22148 0.315177
7.22464 0.315155
7.22779 0.315136
7.23094 0.315119
7.23409 0.315229
7.23724 0.3152
7.2404 0.315175
7.24355 0.315153
7.2467 0.315134
7.24985 0.315117
7.253 0.315228
7.25616 0.315324
7.25931 0.315284
7.26246 0.315248
7.26561 0.315217
7.26876 0.31519
7.27192 0.315166
7.27507 0.315271
7.27822 0.315237
7.28137 0.315207
7.28452 0.315181
7.28768 0.315159
7.29083 0.315139
7.29398 0.315496
7.29713 0.315934
7.30028 0.316318
7.30344 0.316528
7.30659 0.316712
7.30974 0.316873
7.31289 0.317014
7.31604 0.317262
7.3192 0.317479
7.32235 0.317669
7.3255 0.317711
7.32865 0.317747
7.3318 0.317779
7.33496 0.317806
7.33811 0.317955
7.34126 0.318086
7.34441 0.318075
7.34756 0.318066
7.35072 0.318058
7.35387 0.31805
7.35702 0.318169
7.36017 0.318273
7.36332 0.318364
7.36648 0.318318
7.36963 0.318279
7.37278 0.318244
7.37593 0.318213
7.37908 0.318312
7.38224 0.318398
7.38539 0.318348
7.38854 0.318304
7.39169 0.318266
7.39484 0.318233
7.398 0.318204
7.40115 0.318303
7.4043 0.318391
7.40745 0.318342
7.4106 0.318299
7.41376 0.318262
7.41691 0.318229
7.42006 0.318325
7.42321 0.31841
7.42636 0.318358
7.42952 0.318314
7.43267 0.318274
7.43582 0.31824
7.43897 0.31821
7.44212 0.318309
7.44528 0.318395
7.44843 0.318346
7.45158 0.318303
7.45473 0.31864
7.45788 0.318935
7.46104 0.319318
7.46419 0.319653
7.46734 0.319947
7.47049 0.320203
7.47364 0.320303
7.4768 0.32039
7.47995 0.320466
7.4831 0.320658
7.48625 0.320826
7.4894 0.320972
7.49256 0.320976
7.49571 0.320979
7.49886 0.320982
7.50201 0.321109
7.50516 0.32122
7.50832 0.321318
7.51147 0.321403
7.51462 0.321353
7.51777 0.321309
7.52092 0.32127
7.52408 0.321361
7.52723 0.321441
7.53038 0.321511
7.53353 0.321447
7.53668 0.321391
7.53984 0.321342
7.54299 0.3213
7.54614 0.321387
7.54929 0.321464
7.55244 0.321531
7.5556 0.321464
7.55875 0.321406
7.5619 0.321356
7.56505 0.321436
7.5682 0.321507
7.57136 0.321568
7.57451 0.321497
7.57766 0.321435
7.58081 0.321381
7.58396 0.321333
7.58712 0.321416
7.59027 0.321489
7.59342 0.321553
7.59657 0.321484
7.59972 0.321424
7.60288 0.321371
7.60603 0.321449
7.60918 0.321518
7.61233 0.321578
7.61548 0.322006
7.61864 0.32238
7.62179 0.322583
7.62494 0.32276
7.62809 0.32304
7.63124 0.323285
7.6344 0.323499
7.63755 0.323687
7.6407 0.323726
7.64385 0.32376
7.647 0.323915
7.65016 0.324051
7.65331 0.324169
7.65646 0.324273
7.65961 0.324364
7.66276 0.324319
7.66592 0.324279
7.66907 0.324369
7.67222 0.324448
7.67537 0.324517
7.67852 0.324577
7.68168 0.324505
7.68483 0.324442
7.68798 0.324387
7.69113 0.324463
7.69428 0.32453
7.69744 0.324589
7.70059 0.32464
7.70374 0.32456
7.70689 0.32449
7.71004 0.324554
7.7132 0.32461
7.71635 0.324659
7.7195 0.324701
7.72265 0.324739
7.7258 0.324646
7.72896 0.324565
7.73211 0.32462
7.73526 0.324667
7.73841 0.324709
7.74156 0.324745
7.74472 0.324652
7.74787 0.324571
7.75102 0.324624
7.75417 0.324671
7.75732 0.324712
7.76048 0.324748
7.76363 0.32478
7.76678 0.324682
7.76993 0.324597
7.77308 0.324647
7.77624 0.325066
7.77939 0.325433
7.78254 0.325754
7.78569 0.326035
7.78884 0.326155
7.792 0.326261
7.79515 0.326478
7.7983 0.326669
7.80145 0.326835
7.8046 0.326981
7.80776 0.327108
7.81091 0.327095
7.81406 0.327208
7.81721 0.327307
7.82036 0.327393
7.82352 0.327469
7.82667 0.327536
7.82982 0.327469
7.83297 0.32741
7.83612 0.327484
7.83928 0.327548
7.84243 0.327605
7.84558 0.327654
7.84873 0.327697
7.85188 0.32761
7.85504 0.327659
7.85819 0.327702
7.86134 0.327739
7.86449 0.327772
7.86764 0.3278
7.8708 0.327825
7.87395 0.327722
7.8771 0.327757
7.88025 0.327787
7.8834 0.327814
7.88656 0.327837
7.88971 0.327857
7.89286 0.32775
7.89601 0.327781
7.89916 0.327809
7.90232 0.327833
7.90547 0.327854
7.90862 0.327872
7.91177 0.327888
7.91492 0.327777
7.91808 0.327805
7.92123 0.327829
7.92438 0.327851
7.92753 0.327869
7.93068 0.327886
7.93384 0.327775
7.93699 0.328053
7.94014 0.328421
7.94329 0.328744
7.94644 0.329026
7.9496 0.329273
7.95275 0.329488
7.9559 0.329677
7.95905 0.329843
7.9622 0.329987
7.96536 0.330114
7.96851 0.330225
7.97166 0.330322
7.97481 0.330406
7.97796 0.330356
7.98112 0.330436
7.98427 0.330507
7.98742 0.330568
7.99057 0.330622
7.99372 0.330669
7.99688 0.330711
8.00003 0.330747
8.00318 0.330779
8.00633 0.330806
8.00948 0.33083
8.01264 0.330852
8.01579 0.33087
8.01894 0.330886
8.02209 0.330901
8.02524 0.330913
8.0284 0.330924
8.03155 0.330933
8.0347 0.330942
8.03785 0.330949
8.041 0.330955
8.04416 0.330961
8.04731 0.330966
8.05046 0.33097
8.05361 0.330974
8.05676 0.330977
8.05992 0.33098
8.06307 0.330982
8.06622 0.330985
8.06937 0.330987
8.07252 0.330988
8.07568 0.33099
8.07883 0.330991
8.08198 0.330867
8.08513 0.330884
8.08828 0.330898
8.09144 0.330911
8.09459 0.330922
8.09774 0.331307
8.10089 0.331643
8.10404 0.332063
8.1072 0.332305
8.11035 0.332517
8.1135 0.332702
8.11665 0.332865
8.1198 0.333007
8.12296 0.333131
8.12611 0.333364
8.12926 0.333444
8.13241 0.333513
8.13556 0.333574
8.13872 0.333627
8.14187 0.333674
8.14502 0.33384
8.14817 0.33386
8.15132 0.333877
8.15448 0.333893
8.15763 0.333906
8.16078 0.333918
8.16393 0.333928
8.16708 0.334062
8.17024 0.334054
8.17339 0.334048
8.17654 0.334042
8.17969 0.334036
8.18284 0.334032
8.186 0.334028
8.18915 0.334024
8.1923 0.334021
8.19545 0.334019
8.1986 0.334016
8.20176 0.334014
8.20491 0.334012
8.20806 0.334136
8.21121 0.334119
8.21436 0.334104
8.21752 0.334091
8.22067 0.33408
8.22382 0.33407
8.22697 0.334061
8.23012 0.334053
8.23328 0.334047
8.23643 0.334041
8.23958 0.334036
8.24273 0.334031
8.24588 0.334027
8.24904 0.334149
8.25219 0.33413
8.25534 0.334114
8.25849 0.334475
8.26164 0.33479
8.2648 0.335067
8.26795 0.335308
8.2711 0.335645
8.27425 0.335939
8.2774 0.336072
8.28056 0.336188
8.28371 0.336289
8.28686 0.336378
8.29001 0.336581
8.29316 0.336758
8.29632 0.336788
8.29947 0.336815
8.30262 0.336838
8.30577 0.336858
8.30892 0.336876
8.31208 0.337017
8.31523 0.337139
8.31838 0.337122
8.32153 0.337107
8.32468 0.337093
8.32784 0.337082
8.33099 0.337072
8.33414 0.337188
8.33729 0.337164
8.34044 0.337144
8.3436 0.337126
8.34675 0.33711
8.3499 0.337096
8.35305 0.337209
8.3562 0.337308
8.35936 0.33727
8.36251 0.337236
8.36566 0.337206
8.36881 0.337181
8.37196 0.337158
8.37512 0.337263
8.37827 0.33723
8.38142 0.337202
8.38457 0.337176
8.38772 0.337154
8.39088 0.337135
8.39403 0.337243
8.39718 0.337338
8.40033 0.337296
8.40348 0.337259
8.40664 0.337226
8.40979 0.337198
8.41294 0.337173
8.41609 0.337277
9.03546 0.332492
9.03861 0.328306
9.04176 0.324642
9.04492 0.321437
9.04807 0.318757
9.05122 0.316413
9.05437 0.314236
9.0591 0.312582
9.06225 0.311134
9.0654 0.309867
9.06856 0.308759
9.07171 0.307789
9.07486 0.30694
9.07801 0.306198
9.08116 0.305548
9.08432 0.30498
9.08747 0.304482
9.09062 0.304047
9.09377 0.303791
9.09692 0.303567
9.10008 0.303496
9.10323 0.303434
9.10638 0.30338
9.10953 0.303207
9.11268 0.303056
9.11584 0.302924
9.11899 0.302809
9.12214 0.302833
9.12529 0.302854
9.12844 0.302872
9.1316 0.302763
9.13475 0.302668
9.1379 0.302584
9.14105 0.302636
9.1442 0.302682
9.14736 0.302721
9.15051 0.302631
9.15366 0.302552
9.15681 0.302483
9.15996 0.302423
9.16312 0.302495
9.16627 0.302558
9.16942 0.302613
9.17257 0.302537
9.17572 0.30272
9.17888 0.30288
9.18203 0.303145
9.18518 0.303252
9.18833 0.303345
9.19148 0.303427
9.19464 0.303499
9.19779 0.303561
9.20094 0.303616
9.20409 0.303664
9.20724 0.303706
9.2104 0.303743
9.21355 0.303775
9.2167 0.303803
9.21985 0.303828
9.223 0.303974
9.22616 0.303977
9.22931 0.30398
9.23246 0.303983
9.23561 0.303985
9.23876 0.303987
9.24192 0.303988
9.24507 0.304115
9.24822 0.304101
9.25137 0.304088
9.25452 0.304077
9.25768 0.304317
9.26083 0.304403
9.26398 0.304477
9.26713 0.304668
9.27028 0.304834
9.27344 0.30498
9.27659 0.305107
9.27974 0.305094
9.28289 0.305082
9.28604 0.305197
9.2892 0.305297
9.29235 0.305385
9.2955 0.305462
9.29865 0.305529
9.3018 0.305463
9.30496 0.305405
9.30811 0.30548
9.31126 0.305545
9.31441 0.305602
9.31756 0.305651
9.32072 0.30557
9.32387 0.305499
9.32702 0.305561
9.33017 0.305616
9.33332 0.305664
9.33648 0.305706
9.33963 0.305493
9.34278 0.305306
9.34593 0.305143
9.34908 0.305125
9.35224 0.304984
9.35539 0.304861
9.35854 0.304754
9.36169 0.30441
9.36484 0.304108
9.368 0.303845
9.37115 0.303739
9.3743 0.303647
9.37745 0.303566
9.3806 0.30337
9.38376 0.303199
9.38691 0.303049
9.39006 0.303043
9.39321 0.303038
9.39636 0.303033
9.39952 0.303029
9.40267 0.3029
9.40582 0.302788
9.40897 0.302689
9.41212 0.302728
9.41528 0.302762
9.41843 0.302792
9.42158 0.302818
9.42473 0.302716
9.42788 0.302626
9.43104 0.302673
9.43419 0.302714
9.43734 0.30275
9.44049 0.302781
9.44364 0.302683
9.4468 0.302598
9.44995 0.302523
9.4531 0.302583
9.45625 0.302635
9.4594 0.302681
9.46256 0.30272
9.46571 0.30263
9.46886 0.302552
9.47201 0.302608
9.47516 0.302657
9.47831 0.3027
9.48147 0.302737
9.48462 0.302645
9.48777 0.302564
9.49092 0.302494
9.49407 0.302557
9.49723 0.302612
9.50038 0.302661
9.50353 0.302703
9.50668 0.302615
9.50983 0.302538
9.51299 0.302471
9.51614 0.302537
9.51929 0.302595
9.52244 0.302646
9.52559 0.302565
9.52875 0.302494
9.5319 0.302433
9.53505 0.302504
9.5382 0.302566
9.54135 0.30262
9.54451 0.302667
9.54766 0.302584
9.55081 0.302511
9.55396 0.302447
9.55711 0.302516
9.56027 0.302577
9.56342 0.30263
9.56657 0.302676
9.56972 0.302591
9.57287 0.302517
9.57603 0.302578
9.57918 0.302631
9.58233 0.302677
9.58548 0.302717
9.58863 0.302628
9.59179 0.302549
9.59494 0.30248
9.59809 0.302545
9.60124 0.302602
9.60439 0.302652
9.60755 0.302695
9.6107 0.302609
9.61385 0.302532
9.617 0.302591
9.62015 0.302642
9.62331 0.302687
9.62646 0.302726
9.62961 0.302635
9.63276 0.302556
9.63591 0.302486
9.63907 0.302551
9.64222 0.302982
9.64537 0.303359
9.64852 0.303689
9.65167 0.303978
9.65483 0.304106
9.65798 0.304218
9.66113 0.30444
9.66428 0.304635
9.66743 0.304806
9.67059 0.304955
9.67374 0.305086
9.67689 0.305075
9.68004 0.305191
9.68319 0.305292
9.68635 0.30538
9.6895 0.305458
9.69265 0.305526
9.6958 0.30546
9.69895 0.305402
9.70211 0.305477
9.70526 0.305542
9.70841 0.3056
9.71156 0.30565
9.71471 0.305693
9.71787 0.305607
9.72102 0.305656
9.72417 0.305699
9.72732 0.305737
9.73047 0.30577
9.73363 0.305798
9.73678 0.305699
9.73993 0.305611
9.74308 0.30566
9.74623 0.305702
9.74939 0.30574
9.75254 0.305772
9.75569 0.305801
9.75884 0.305701
9.76199 0.305613
9.76515 0.305661
9.7683 0.305704
9.77145 0.305741
9.7746 0.305773
9.77775 0.305676
9.78091 0.305592
9.78406 0.305643
9.78721 0.305688
9.79036 0.305727
9.79351 0.305761
9.79667 0.305791
9.79982 0.305692
9.80297 0.30598
9.80612 0.306358
9.80927 0.306688
9.81243 0.306977
9.81558 0.30723
9.81873 0.307451
9.82188 0.307645
9.82503 0.307814
9.82819 0.307962
9.83134 0.308092
9.83449 0.308206
9.83764 0.308305
9.84079 0.308392
9.84395 0.308343
9.8471 0.308425
9.85025 0.308497
9.8534 0.30856
9.85655 0.308615
9.85971 0.308663
9.86286 0.308705
9.86601 0.308742
9.86916 0.308774
9.87231 0.308802
9.87547 0.308827
9.87862 0.308849
9.88177 0.308868
9.88492 0.308759
9.88807 0.308789
9.89123 0.308816
9.89438 0.308839
9.89753 0.308859
9.90068 0.308876
9.90383 0.308892
9.90699 0.30878
9.91014 0.308808
9.91329 0.308832
9.91644 0.308853
9.91959 0.308871
9.92275 0.308887
9.9259 0.308776
9.92905 0.308804
9.9322 0.308829
9.93535 0.30885
9.93851 0.308869
9.94166 0.308885
9.94481 0.3089
9.94796 0.308787
9.95111 0.308814
9.95427 0.308837
9.95742 0.308857
9.96057 0.308875
9.96372 0.309266
9.96687 0.309608
9.97003 0.310032
9.97318 0.310278
9.97633 0.310493
9.97948 0.310681
9.98263 0.310846
9.98579 0.31099
9.98894 0.311117
9.99209 0.311227
9.99524 0.311324
9.99839 0.311408
10.0015 0.311482
10.0047 0.311547
10.0079 0.311604
10.011 0.311778
10.0142 0.311806
10.0173 0.31183
10.0205 0.311851
10.0236 0.31187
10.0268 0.311886
10.0299 0.3119
10.0331 0.311913
10.0362 0.311924
10.0394 0.311933
10.0425 0.311942
10.0457 0.311949
10.0488 0.311955
10.052 0.311961
10.0551 0.311966
10.0583 0.31197
10.0614 0.311974
10.0646 0.311977
10.0677 0.31198
10.0709 0.311982
10.074 0.31211
10.0772 0.312096
10.0803 0.312084
10.0835 0.312073
10.0867 0.312064
10.0898 0.312056
10.093 0.312049
10.0961 0.312043
10.0993 0.312038
10.1024 0.312033
10.1056 0.312029
10.1087 0.312025
10.1119 0.312022
10.115 0.312144
10.1182 0.312126
10.1213 0.31211
10.1245 0.312472
10.1276 0.312788
10.1308 0.313064
10.1339 0.313306
10.1371 0.313643
10.1402 0.313813
10.1434 0.313961
10.1465 0.314091
10.1497 0.314205
10.1528 0.314304
10.156 0.314391
10.1591 0.314592
10.1623 0.314643
10.1655 0.314688
10.1686 0.314727
10.1718 0.314761
10.1749 0.314791
10.1781 0.314942
10.1812 0.314949
10.1844 0.314956
10.1875 0.314961
10.1907 0.314966
10.1938 0.31497
10.197 0.314974
10.2001 0.315102
10.2033 0.315089
10.2064 0.315078
10.2096 0.315068
10.2127 0.31506
10.2159 0.315052
10.219 0.315171
10.2222 0.315275
10.2253 0.31524
10.2285 0.31521
10.2316 0.315184
10.2348 0.315161
10.2379 0.315141
10.2411 0.315248
10.2443 0.315217
10.2474 0.31519
10.2506 0.315166
10.2537 0.315145
10.2569 0.315127
10.26 0.315236
10.2632 0.315332
10.2663 0.31529
10.2695 0.315254
10.2726 0.315222
10.2758 0.315195
10.2789 0.31517
10.2821 0.315274
10.2852 0.31574
10.2884 0.316022
10.2915 0.316269
10.2947 0.316486
10.2978 0.316675
10.301 0.316841
10.3041 0.317111
10.3073 0.317347
10.3104 0.317428
10.3136 0.3175
10.3167 0.317562
10.3199 0.317617
10.3231 0.31779
10.3262 0.317941
10.3294 0.317949
10.3325 0.317955
10.3357 0.317961
10.3388 0.317966
10.342 0.31797
10.3451 0.318099
10.3483 0.318211
10.3514 0.318185
10.3546 0.318162
10.3577 0.318142
10.3609 0.318124
10.364 0.318233
10.3672 0.318329
10.3703 0.318413
10.3735 0.318361
10.3766 0.318316
10.3798 0.318277
10.3829 0.318242
10.3861 0.318337
10.3892 0.31842
10.3924 0.318367
10.3955 0.318321
10.3987 0.318281
10.4019 0.318246
10.405 0.31834
10.4082 0.318423
10.4113 0.318495
10.4145 0.318433
10.4176 0.318379
10.4208 0.318332
10.4239 0.31829
10.4271 0.318379
10.4302 0.318456
10.4334 0.318399
10.4365 0.318349
10.4397 0.318306
10.4428 0.318268
10.446 0.318609
10.4491 0.319033
10.4523 0.319404
10.4554 0.319728
10.4586 0.319887
10.4617 0.320026
10.4649 0.320148
10.468 0.32038
10.4712 0.320582
10.4743 0.320759
10.4775 0.320914
10.4807 0.320925
10.4838 0.320935
10.487 0.320943
10.4901 0.321075
10.4933 0.32119
10.4964 0.321292
10.4996 0.321255
10.5027 0.321223
10.5059 0.321195
10.509 0.321296
10.5122 0.321384
10.5153 0.321461
10.5185 0.321528
10.5216 0.321462
10.5248 0.321405
10.5279 0.321354
10.5311 0.321435
10.5342 0.321505
10.5374 0.321567
10.5405 0.321496
10.5437 0.321434
10.5468 0.32138
10.55 0.321332
10.5531 0.321416
10.5563 0.321489
10.5595 0.321553
10.5626 0.321484
10.5658 0.321423
10.5689 0.32137
10.5721 0.321449
10.5752 0.321518
10.5784 0.321578
10.5815 0.321506
10.5847 0.321443
10.5878 0.321387
10.591 0.321339
10.5941 0.321422
10.5973 0.321494
10.6004 0.321557
10.6036 0.321487
10.6067 0.321802
10.6099 0.322076
10.613 0.322442
10.6162 0.322762
10.6193 0.323041
10.6225 0.323286
10.6256 0.3235
10.6288 0.323563
10.6319 0.323618
10.6351 0.32379
10.6383 0.323942
10.6414 0.324074
10.6446 0.32419
10.6477 0.324166
10.6509 0.324145
10.654 0.324252
10.6572 0.324346
10.6603 0.324427
10.6635 0.324499
10.6666 0.324562
10.6698 0.324491
10.6729 0.32443
10.6761 0.324501
10.6792 0.324564
10.6824 0.324618
10.6855 0.324666
10.6887 0.324583
10.6918 0.32451
10.695 0.324446
10.6981 0.324515
10.7013 0.324576
10.7044 0.324629
10.7076 0.324675
10.7107 0.324591
10.7139 0.324517
10.7171 0.324577
10.7202 0.32463
10.7234 0.324676
10.7265 0.324717
10.7297 0.324627
10.7328 0.324549
10.736 0.32448
10.7391 0.324545
10.7423 0.324602
10.7454 0.324652
10.7486 0.324695
10.7517 0.324608
10.7549 0.324532
10.758 0.324591
10.7612 0.324642
10.7643 0.324687
10.7675 0.325101
10.7706 0.325463
10.7738 0.32578
10.7769 0.325933
10.7801 0.326191
10.7832 0.326417
10.7864 0.326615
10.7895 0.326788
10.7927 0.32694
10.7959 0.326947
10.799 0.327079
10.8022 0.327194
10.8053 0.327295
10.8085 0.327383
10.8116 0.32746
10.8148 0.327528
10.8179 0.327462
10.8211 0.327529
10.8242 0.327588
10.8274 0.327639
10.8305 0.327684
10.8337 0.327724
10.8368 0.327633
10.84 0.327554
10.8431 0.32761
10.8463 0.327659
10.8494 0.327701
10.8526 0.327739
10.8557 0.327771
10.8589 0.327675
10.862 0.327716
10.8652 0.327751
10.8683 0.327782
10.8715 0.327809
10.8747 0.327833
10.8778 0.327854
10.881 0.327747
10.8841 0.327779
10.8873 0.327807
10.8904 0.327831
10.8936 0.327852
10.8967 0.32787
10.8999 0.327762
10.903 0.327791
10.9062 0.327817
10.9093 0.32784
10.9125 0.32786
10.9156 0.327878
10.9188 0.327893
10.9219 0.327781
10.9251 0.327809
10.9282 0.328208
10.9314 0.328557
10.9345 0.328862
10.9377 0.329129
10.9408 0.329363
10.944 0.329443
10.9471 0.329637
10.9503 0.329808
10.9535 0.329957
10.9566 0.330087
10.9598 0.330201
10.9629 0.330301
10.9661 0.330388
10.9692 0.330465
10.9724 0.330532
10.9755 0.33059
10.9787 0.330642
10.9818 0.330686
10.985 0.330601
10.9881 0.33065
10.9913 0.330694
10.9944 0.330732
10.9976 0.330766
11.0007 0.330795
11.0039 0.330821
11.007 0.330843
11.0102 0.330863
11.0133 0.33088
11.0165 0.330895
11.0196 0.330908
11.0228 0.33092
11.0259 0.33093
11.0291 0.330938
11.0323 0.330946
11.0354 0.330953
11.0386 0.330959
11.0417 0.330964
11.0449 0.330968
11.048 0.330972
11.0512 0.330976
11.0543 0.330979
11.0575 0.330981
11.0606 0.330984
11.0638 0.330986
11.0669 0.330988
11.0701 0.330989
11.0732 0.33099
11.0764 0.330992
11.0795 0.330993
11.0827 0.330994
11.0858 0.330994
11.089 0.33137
11.0921 0.331699
11.0953 0.331987
11.0984 0.332238
11.1016 0.332458
11.1047 0.332651
11.1079 0.33282
11.111 0.333092
11.1142 0.333206
11.1174 0.333305
11.1205 0.333392
11.1237 0.333468
11.1268 0.333534
11.13 0.333593
11.1331 0.333644
11.1363 0.333688
11.1394 0.333727
11.1426 0.333761
11.1457 0.333791
11.1489 0.333817
11.152 0.333965
11.1552 0.333969
11.1583 0.333973
11.1615 0.333977
11.1646 0.333979
11.1678 0.333982
11.1709 0.333984
11.1741 0.334111
11.1772 0.334097
11.1804 0.334085
11.1835 0.334075
11.1867 0.334065
11.1898 0.334057
11.193 0.334175
11.1962 0.334153
11.1993 0.334134
11.2025 0.334117
11.2056 0.334103
11.2088 0.33409
11.2119 0.334079
11.2151 0.334194
11.2182 0.334169
11.2214 0.334148
11.2245 0.33413
11.2277 0.334114
11.2308 0.334099
11.234 0.334087
11.2371 0.334076
11.2403 0.334067
11.2434 0.334058
11.2466 0.334051
11.2497 0.33442
11.2529 0.334742
11.256 0.335149
11.2592 0.335506
11.2623 0.335692
11.2655 0.335856
11.2686 0.335999
11.2718 0.336124
11.275 0.336234
11.2781 0.336454
11.2813 0.336648
11.2844 0.336692
11.2876 0.33673
11.2907 0.336764
11.2939 0.336793
11.297 0.336944
11.3002 0.337076
11.3033 0.337067
11.3065 0.337058
11.3096 0.337051
11.3128 0.337045
11.3159 0.337039
11.3191 0.337159
11.3222 0.337264
11.3254 0.337231
11.3285 0.337202
11.3317 0.337177
11.3348 0.337155
11.338 0.337136
11.3411 0.337244
11.3443 0.337213
11.3474 0.337187
11.3506 0.337163
11.3538 0.337143
11.3569 0.337125
11.3601 0.337234
11.3632 0.33733
11.3664 0.337289
11.3695 0.337253
11.3727 0.337221
11.3758 0.337193
11.379 0.337169
11.3821 0.337273
11.3853 0.337239
11.3884 0.337209
11.3916 0.337183
11.3947 0.33716
11.3979 0.33714
11.401 0.337248
11.4042 0.337342
11.4073 0.337299
12.0267 0.332512
12.0299 0.328323
12.033 0.324782
12.0362 0.321684
12.0393 0.318974
12.0425 0.316477
12.0456 0.314293
12.0503 0.312631
12.0535 0.311177
12.0566 0.309905
12.0598 0.308792
12.063 0.307693
12.0661 0.306856
12.0693 0.306124
12.0724 0.305484
12.0756 0.304923
12.0787 0.304433
12.0819 0.304004
12.085 0.303878
12.0882 0.303768
12.0913 0.303672
12.0945 0.303588
12.0976 0.30339
12.1008 0.303216
12.1039 0.303064
12.1071 0.303056
12.1102 0.303049
12.1134 0.303043
12.1165 0.302913
12.1197 0.302798
12.1228 0.302699
12.126 0.302611
12.1291 0.30266
12.1323 0.302702
12.1354 0.30274
12.1386 0.302647
12.1418 0.302566
12.1449 0.302495
12.1481 0.302559
12.1512 0.302614
12.1544 0.302662
12.1575 0.302579
12.1607 0.302507
12.1638 0.302443
12.167 0.302638
12.1701 0.302808
12.1733 0.302957
12.1764 0.303088
12.1796 0.303202
12.1827 0.303301
12.1859 0.303389
12.189 0.30359
12.1922 0.303641
12.1953 0.303686
12.1985 0.303725
12.2016 0.30376
12.2048 0.30379
12.2079 0.303816
12.2111 0.303839
12.2142 0.303859
12.2174 0.303877
12.2206 0.303892
12.2237 0.303906
12.2269 0.303917
12.23 0.304053
12.2332 0.304046
12.2363 0.30404
12.2395 0.304035
12.2426 0.304031
12.2458 0.304027
12.2489 0.304149
12.2521 0.30438
12.2552 0.304583
12.2584 0.30476
12.2615 0.304915
12.2647 0.30505
12.2678 0.305044
12.271 0.305039
12.2741 0.305159
12.2773 0.305264
12.2804 0.305356
12.2836 0.305436
12.2867 0.305382
12.2899 0.305334
12.293 0.305417
12.2962 0.30549
12.2994 0.305554
12.3025 0.30561
12.3057 0.305658
12.3088 0.305576
12.312 0.305504
12.3151 0.305566
12.3183 0.30562
12.3214 0.305668
12.3246 0.305709
12.3277 0.305621
12.3309 0.305418
12.334 0.305366
12.3372 0.305195
12.3403 0.305046
12.3435 0.304915
12.3466 0.304801
12.3498 0.304701
12.3529 0.304363
12.3561 0.304193
12.3592 0.304044
12.3624 0.303913
12.3655 0.303799
12.3687 0.303574
12.3718 0.303377
12.375 0.30333
12.3782 0.303289
12.3813 0.303253
12.3845 0.303221
12.3876 0.303069
12.3908 0.302935
12.3939 0.302818
12.3971 0.302841
12.4002 0.302861
12.4034 0.302878
12.4065 0.302893
12.4097 0.302782
12.4128 0.302684
12.416 0.302598
12.4191 0.302649
12.4223 0.302693
12.4254 0.302731
12.4286 0.302765
12.4317 0.302669
12.4349 0.302585
12.438 0.302637
12.4412 0.302683
12.4443 0.302722
12.4475 0.302757
12.4506 0.302662
12.4538 0.30258
12.457 0.302507
12.4601 0.302569
12.4633 0.302623
12.4664 0.30267
12.4696 0.302711
12.4727 0.302622
12.4759 0.302544
12.479 0.302601
12.4822 0.302651
12.4853 0.302695
12.4885 0.302733
12.4916 0.302641
12.4948 0.302561
12.4979 0.302491
12.5011 0.302555
12.5042 0.30261
12.5074 0.302659
12.5105 0.302702
12.5137 0.302614
12.5168 0.302537
12.52 0.30247
12.5231 0.302536
12.5263 0.302594
12.5294 0.302645
12.5326 0.302564
12.5358 0.302494
12.5389 0.302432
12.5421 0.302503
12.5452 0.302565
12.5484 0.30262
12.5515 0.302667
12.5547 0.302584
12.5578 0.302511
12.561 0.302447
12.5641 0.302516
12.5673 0.302577
12.5704 0.302629
12.5736 0.302676
12.5767 0.302591
12.5799 0.302517
12.583 0.302578
12.5862 0.302631
12.5893 0.302677
12.5925 0.302717
12.5956 0.302627
12.5988 0.302549
12.6019 0.30248
12.6051 0.302545
12.6082 0.302602
12.6114 0.302652
12.6146 0.302695
12.6177 0.302608
12.6209 0.302532
12.624 0.302591
12.6272 0.302642
12.6303 0.302687
12.6335 0.303101
12.6366 0.303463
12.6398 0.303655
12.6429 0.303823
12.6461 0.304096
12.6492 0.304334
12.6524 0.304542
12.6555 0.304724
12.6587 0.304884
12.6618 0.304898
12.665 0.304911
12.6681 0.305047
12.6713 0.305166
12.6744 0.30527
12.6776 0.305362
12.6807 0.305316
12.6839 0.305277
12.687 0.305367
12.6902 0.305446
12.6934 0.305516
12.6965 0.305576
12.6997 0.305629
12.7028 0.30555
12.706 0.305482
12.7091 0.305546
12.7123 0.305603
12.7154 0.305653
12.7186 0.305696
12.7217 0.305734
12.7249 0.305642
12.728 0.305687
12.7312 0.305726
12.7343 0.30576
12.7375 0.30579
12.7406 0.305817
12.7438 0.305714
12.7469 0.305625
12.7501 0.305672
12.7532 0.305713
12.7564 0.305749
12.7595 0.30578
12.7627 0.305808
12.7658 0.305707
12.769 0.305743
12.7722 0.305776
12.7753 0.305804
12.7785 0.305828
12.7816 0.30585
12.7848 0.305743
12.7879 0.30565
12.7911 0.305694
12.7942 0.306107
12.7974 0.306469
12.8005 0.306785
12.8037 0.307062
12.8068 0.307304
12.81 0.307391
12.8131 0.307592
12.8163 0.307768
12.8194 0.307922
12.8226 0.308057
12.8257 0.308175
12.8289 0.308278
12.832 0.308368
12.8352 0.308447
12.8383 0.308516
12.8415 0.308577
12.8446 0.30863
12.8478 0.308676
12.851 0.308591
12.8541 0.308643
12.8573 0.308687
12.8604 0.308726
12.8636 0.308761
12.8667 0.30879
12.8699 0.308817
12.873 0.30884
12.8762 0.30886
12.8793 0.308877
12.8825 0.308893
12.8856 0.308906
12.8888 0.308918
12.8919 0.308803
12.8951 0.308828
12.8982 0.308849
12.9014 0.308868
12.9045 0.308885
12.9077 0.308899
12.9108 0.308912
12.914 0.308798
12.9171 0.308823
12.9203 0.308845
12.9234 0.308864
12.9266 0.308881
12.9298 0.308896
12.9329 0.308784
12.9361 0.308811
12.9392 0.308835
12.9424 0.308855
12.9455 0.308873
12.9487 0.308889
12.9518 0.308903
12.955 0.30929
12.9581 0.309629
12.9613 0.309925
12.9644 0.310185
12.9676 0.310412
12.9707 0.31061
12.9739 0.310784
12.977 0.311061
12.9802 0.311178
12.9833 0.311281
12.9865 0.311371
12.9896 0.31145
12.9928 0.311518
12.9959 0.311579
12.9991 0.311631
13.0022 0.311677
13.0054 0.311718
13.0086 0.311753
13.0117 0.311784
13.0149 0.311811
13.018 0.311959
13.0212 0.311965
13.0243 0.311969
13.0275 0.311973
13.0306 0.311976
13.0338 0.311979
13.0369 0.311982
13.0401 0.311984
13.0432 0.311986
13.0464 0.311988
13.0495 0.311989
13.0527 0.311991
13.0558 0.311992
13.059 0.311993
13.0621 0.311994
13.0653 0.311995
13.0684 0.311995
13.0716 0.311996
13.0747 0.311996
13.0779 0.311997
13.081 0.311997
13.0842 0.311998
13.0874 0.311998
13.0905 0.311998
13.0937 0.311998
13.0968 0.311999
13.1 0.311999
13.1031 0.311999
13.1063 0.311999
13.1094 0.311999
13.1126 0.311999
13.1157 0.312374
13.1189 0.312703
13.122 0.313115
13.1252 0.313475
13.1283 0.313666
13.1315 0.313833
13.1346 0.313979
13.1378 0.314106
13.1409 0.314218
13.1441 0.314441
13.1472 0.314511
13.1504 0.314572
13.1535 0.314625
13.1567 0.314672
13.1598 0.314713
13.163 0.314874
13.1662 0.315015
13.1693 0.315013
13.1725 0.315011
13.1756 0.31501
13.1788 0.315009
13.1819 0.315008
13.1851 0.315132
13.1882 0.315115
13.1914 0.315101
13.1945 0.315088
13.1977 0.315077
13.2008 0.315068
13.204 0.315059
13.2071 0.315177
13.2103 0.315155
13.2134 0.315135
13.2166 0.315118
13.2197 0.315104
13.2229 0.315091
13.226 0.315204
13.2292 0.315304
13.2323 0.315266
13.2355 0.315233
13.2386 0.315203
13.2418 0.315178
13.245 0.315156
13.2481 0.315261
13.2513 0.315229
13.2544 0.3152
13.2576 0.315175
13.2607 0.315153
13.2639 0.315134
13.267 0.315242
13.2702 0.315337
13.2733 0.315295
13.2765 0.315633
13.2796 0.315929
13.2828 0.316188
13.2859 0.316414
13.2891 0.316738
13.2922 0.31702
13.2954 0.317143
13.2985 0.31725
13.3017 0.317344
13.3048 0.317426
13.308 0.317498
13.3111 0.317685
13.3143 0.31785
13.3174 0.317868
13.3206 0.317885
13.3238 0.317899
13.3269 0.317912
13.3301 0.318048
13.3332 0.318167
13.3364 0.318146
13.3395 0.318128
13.3427 0.318112
13.3458 0.318098
13.349 0.318086
13.3521 0.3182
13.3553 0.3183
13.3584 0.318262
13.3616 0.31823
13.3647 0.318201
13.3679 0.318176
13.371 0.318279
13.3742 0.318369
13.3773 0.318448
13.3805 0.318392
13.3836 0.318343
13.3868 0.3183
13.3899 0.318263
13.3931 0.318355
13.3962 0.318435
13.3994 0.318381
13.4026 0.318333
13.4057 0.318292
13.4089 0.318255
13.412 0.318348
13.4152 0.31843
13.4183 0.318501
13.4215 0.318438
13.4246 0.318384
13.4278 0.318336
13.4309 0.318294
13.4341 0.318382
13.4372 0.318834
13.4404 0.31923
13.4435 0.319451
13.4467 0.319645
13.4498 0.319814
13.453 0.319962
13.4561 0.320217
13.4593 0.32044
13.4624 0.320635
13.4656 0.320681
13.4687 0.320721
13.4719 0.320755
13.475 0.320911
13.4782 0.321047
13.4814 0.321166
13.4845 0.321145
13.4877 0.321127
13.4908 0.321111
13.494 0.321097
13.4971 0.32121
13.5003 0.321309
13.5034 0.321395
13.5066 0.321346
13.5097 0.321303
13.5129 0.321265
13.516 0.321357
13.5192 0.321437
13.5223 0.321508
13.5255 0.321569
13.5286 0.321498
13.5318 0.321436
13.5349 0.321381
13.5381 0.321459
13.5412 0.321526
13.5444 0.321585
13.5475 0.321512
13.5507 0.321448
13.5538 0.321392
13.557 0.321468
13.5602 0.321535
13.5633 0.321593
13.5665 0.321644
13.5696 0.321563
13.5728 0.321493
13.5759 0.321431
13.5791 0.321502
13.5822 0.321565
13.5854 0.321619
13.5885 0.321542
13.5917 0.321474
13.5948 0.321415
13.598 0.321738
13.6011 0.322146
13.6043 0.322502
13.6074 0.322815
13.6106 0.323088
13.6137 0.323202
13.6169 0.323302
13.62 0.323514
13.6232 0.3237
13.6263 0.323862
13.6295 0.324004
13.6326 0.324129
13.6358 0.324113
13.639 0.324099
13.6421 0.324211
13.6453 0.32431
13.6484 0.324396
13.6516 0.324472
13.6547 0.324413
13.6579 0.324361
13.661 0.324441
13.6642 0.324511
13.6673 0.324572
13.6705 0.324625
13.6736 0.324672
13.6768 0.324588
13.6799 0.324515
13.6831 0.324575
13.6862 0.324628
13.6894 0.324675
13.6925 0.324716
13.6957 0.324626
13.6988 0.324548
13.702 0.324479
13.7051 0.324544
13.7083 0.324601
13.7114 0.324651
13.7146 0.324695
13.7178 0.324608
13.7209 0.324532
13.7241 0.32459
13.7272 0.324642
13.7304 0.324686
13.7335 0.324726
13.7367 0.324635
13.7398 0.324556
13.743 0.324486
13.7461 0.32455
13.7493 0.324607
13.7524 0.324656
13.7556 0.324699
13.7587 0.325111
13.7619 0.325347
13.765 0.325679
13.7682 0.325969
13.7713 0.326223
13.7745 0.326445
13.7776 0.32664
13.7808 0.32681
13.7839 0.326833
13.7871 0.326979
13.7902 0.327107
13.7934 0.327218
13.7966 0.327316
13.7997 0.327402
13.8029 0.327351
13.806 0.327432
13.8092 0.327503
13.8123 0.327566
13.8155 0.32762
13.8186 0.327667
13.8218 0.327709
13.8249 0.32762
13.8281 0.327668
13.8312 0.327709
13.8344 0.327746
13.8375 0.327777
13.8407 0.327805
13.8438 0.327705
13.847 0.327617
13.8501 0.327664
13.8533 0.327706
13.8564 0.327743
13.8596 0.327775
13.8627 0.327803
13.8659 0.327703
13.869 0.32774
13.8722 0.327773
13.8754 0.327801
13.8785 0.327826
13.8817 0.327848
13.8848 0.327742
13.888 0.327649
13.8911 0.327693
13.8943 0.327731
13.8974 0.327765
13.9006 0.327794
13.9037 0.32782
13.9069 0.327717
13.91 0.327753
13.9132 0.327784
13.9163 0.327811
13.9195 0.328209
13.9226 0.328558
13.9258 0.328863
13.9289 0.32913
13.9321 0.329364
13.9352 0.329569
13.9384 0.329748
13.9415 0.329904
13.9447 0.330041
13.9478 0.330161
13.951 0.330266
13.9542 0.330358
13.9573 0.330438
13.9605 0.330508
13.9636 0.33057
13.9668 0.330623
13.9699 0.330671
13.9731 0.330712
13.9762 0.330748
13.9794 0.330779
13.9825 0.330807
13.9857 0.330831
13.9888 0.330852
13.992 0.330746
13.9951 0.330777
13.9983 0.330805
14.0014 0.33083
14.0046 0.330851
14.0077 0.33087
14.0109 0.330886
14.014 0.3309
14.0172 0.330913
14.0203 0.330924
14.0235 0.330933
14.0266 0.330941
14.0298 0.330949
14.033 0.330955
14.0361 0.330961
14.0393 0.330966
14.0424 0.33097
14.0456 0.330974
14.0487 0.330977
14.0519 0.33098
14.055 0.330982
14.0582 0.330985
14.0613 0.330987
14.0645 0.330988
14.0676 0.33099
14.0708 0.330991
14.0739 0.330992
14.0771 0.330993
14.0802 0.331369
14.0834 0.331698
14.0865 0.331986
14.0897 0.332237
14.0928 0.332458
14.096 0.332651
14.0991 0.332819
14.1023 0.332967
14.1054 0.333096
14.1086 0.333209
14.1118 0.333308
14.1149 0.333394
14.1181 0.333595
14.1212 0.333646
14.1244 0.33369
14.1275 0.333729
14.1307 0.333763
14.1338 0.333792
14.137 0.333818
14.1401 0.333841
14.1433 0.333861
14.1464 0.333878
14.1496 0.333893
14.1527 0.333907
14.1559 0.333918
14.159 0.334054
14.1622 0.334047
14.1653 0.334041
14.1685 0.334036
14.1716 0.334031
14.1748 0.334028
14.1779 0.334024
14.1811 0.334146
14.1842 0.334128
14.1874 0.334112
14.1906 0.334098
14.1937 0.334086
14.1969 0.334075
14.2 0.334191
14.2032 0.334167
14.2063 0.334146
14.2095 0.334128
14.2126 0.334112
14.2158 0.334098
14.2189 0.334086
14.2221 0.3342
14.2252 0.334175
14.2284 0.334153
14.2315 0.334134
14.2347 0.334117
14.2378 0.334102
14.241 0.334465
14.2441 0.334907
14.2473 0.335168
14.2504 0.335397
14.2536 0.335598
14.2567 0.335773
14.2599 0.335926
14.263 0.336185
14.2662 0.336412
14.2694 0.336486
14.2725 0.33655
14.2757 0.336606
14.2788 0.336655
14.282 0.336699
14.2851 0.336861
14.2883 0.336879
14.2914 0.336894
14.2946 0.336907
14.2977 0.336919
14.3009 0.336929
14.304 0.337063
14.3072 0.33718
14.3103 0.337157
14.3135 0.337138
14.3166 0.337121
14.3198 0.337105
14.3229 0.337092
14.3261 0.337206
14.3292 0.337305
14.3324 0.337267
14.3355 0.337234
14.3387 0.337204
14.3418 0.337179
14.345 0.337156
14.3482 0.337262
14.3513 0.337229
14.3545 0.337201
14.3576 0.337175
14.3608 0.337154
14.3639 0.337134
14.3671 0.337243
14.3702 0.337337
14.3734 0.337295
14.3765 0.337258
14.3797 0.337226
14.3828 0.337198
14.386 0.337173
14.3891 0.337276
14.3923 0.337242
14.3954 0.337212
14.3986 0.337185
15.018 0.332412
15.0211 0.32836
15.0243 0.324815
15.0274 0.321588
15.0306 0.318765
15.0337 0.316294
15.0369 0.314133
15.0416 0.312491
15.0447 0.311055
15.0479 0.309798
15.051 0.308698
15.0542 0.307736
15.0574 0.306894
15.0605 0.306157
15.0637 0.305512
15.0668 0.304948
15.07 0.30433
15.0731 0.303914
15.0763 0.303799
15.0794 0.303699
15.0826 0.303487
15.0857 0.303301
15.0889 0.303139
15.092 0.303121
15.0952 0.303106
15.0983 0.303093
15.1015 0.302956
15.1046 0.302837
15.1078 0.302732
15.1109 0.302641
15.1141 0.302686
15.1172 0.302725
15.1204 0.302759
15.1235 0.302664
15.1267 0.302581
15.1298 0.302509
15.133 0.302445
15.1362 0.302514
15.1393 0.302575
15.1425 0.302628
15.1456 0.30255
15.1488 0.302481
15.1519 0.302421
15.1551 0.302493
15.1582 0.302682
15.1614 0.302846
15.1645 0.302991
15.1677 0.303117
15.1708 0.303227
15.174 0.303324
15.1771 0.303408
15.1803 0.303482
15.1834 0.303547
15.1866 0.303604
15.1897 0.303653
15.1929 0.303697
15.196 0.303859
15.1992 0.303877
15.2023 0.303892
15.2055 0.303906
15.2086 0.303918
15.2118 0.303928
15.215 0.303937
15.2181 0.303945
15.2213 0.303952
15.2244 0.303958
15.2276 0.303963
15.2307 0.303968
15.2339 0.303972
15.237 0.3041
15.2402 0.304338
15.2433 0.304545
15.2465 0.304727
15.2496 0.304886
15.2528 0.304901
15.2559 0.304913
15.2591 0.305049
15.2622 0.305168
15.2654 0.305272
15.2685 0.305363
15.2717 0.305442
15.2748 0.305387
15.278 0.305339
15.2811 0.305421
15.2843 0.305494
15.2874 0.305557
15.2906 0.305612
15.2938 0.305536
15.2969 0.305469
15.3001 0.305535
15.3032 0.305593
15.3064 0.305644
15.3095 0.305689
15.3127 0.305728
15.3158 0.305637
15.319 0.305557
15.3221 0.305487
15.3253 0.305301
15.3284 0.305139
15.3316 0.304996
15.3347 0.304872
15.3379 0.304763
15.341 0.304793
15.3442 0.304568
15.3473 0.304372
15.3505 0.304201
15.3536 0.303926
15.3568 0.303685
15.3599 0.303474
15.3631 0.303415
15.3662 0.303363
15.3694 0.303318
15.3726 0.303278
15.3757 0.303118
15.3789 0.302979
15.382 0.302981
15.3852 0.302984
15.3883 0.302986
15.3915 0.302987
15.3946 0.302864
15.3978 0.302756
15.4009 0.302661
15.4041 0.302704
15.4072 0.302741
15.4104 0.302773
15.4135 0.302802
15.4167 0.302701
15.4198 0.302614
15.423 0.302537
15.4261 0.302595
15.4293 0.302646
15.4324 0.30269
15.4356 0.302729
15.4387 0.302638
15.4419 0.302558
15.445 0.302613
15.4482 0.302661
15.4514 0.302704
15.4545 0.302741
15.4577 0.302648
15.4608 0.302567
15.464 0.302496
15.4671 0.302559
15.4703 0.302614
15.4734 0.302663
15.4766 0.302705
15.4797 0.302617
15.4829 0.30254
15.486 0.302597
15.4892 0.302647
15.4923 0.302692
15.4955 0.30273
15.4986 0.302639
15.5018 0.302559
15.5049 0.302489
15.5081 0.302553
15.5112 0.302609
15.5144 0.302658
15.5175 0.302701
15.5207 0.302613
15.5238 0.302536
15.527 0.302469
15.5302 0.302536
15.5333 0.302594
15.5365 0.302644
15.5396 0.302564
15.5428 0.302493
15.5459 0.302432
15.5491 0.302503
15.5522 0.302565
15.5554 0.302619
15.5585 0.302667
15.5617 0.302584
15.5648 0.302511
15.568 0.302447
15.5711 0.302516
15.5743 0.302576
15.5774 0.302629
15.5806 0.302676
15.5837 0.302591
15.5869 0.302517
15.59 0.302578
15.5932 0.30263
15.5963 0.302677
15.5995 0.302717
15.6026 0.302627
15.6058 0.302549
15.609 0.30248
15.6121 0.302545
15.6153 0.302602
15.6184 0.302652
15.6216 0.302695
15.6247 0.303108
15.6279 0.303345
15.631 0.303677
15.6342 0.303967
15.6373 0.304221
15.6405 0.304444
15.6436 0.304638
15.6468 0.304683
15.6499 0.304723
15.6531 0.304883
15.6562 0.305022
15.6594 0.305144
15.6625 0.305251
15.6657 0.305345
15.6688 0.305302
15.672 0.305264
15.6751 0.305356
15.6783 0.305437
15.6814 0.305507
15.6846 0.305569
15.6878 0.305498
15.6909 0.305435
15.6941 0.305506
15.6972 0.305568
15.7004 0.305622
15.7035 0.305669
15.7067 0.30571
15.7098 0.305622
15.713 0.305544
15.7161 0.305601
15.7193 0.305651
15.7224 0.305694
15.7256 0.305733
15.7287 0.305766
15.7319 0.30567
15.735 0.305712
15.7382 0.305748
15.7413 0.305779
15.7445 0.305807
15.7476 0.305831
15.7508 0.305727
15.7539 0.305636
15.7571 0.305682
15.7602 0.305721
15.7634 0.305756
15.7666 0.305787
15.7697 0.305813
15.7729 0.305712
15.776 0.305748
15.7792 0.305779
15.7823 0.305807
15.7855 0.306206
15.7886 0.306555
15.7918 0.306861
15.7949 0.307003
15.7981 0.307253
15.8012 0.307471
15.8044 0.307662
15.8075 0.30783
15.8107 0.307976
15.8138 0.308104
15.817 0.308091
15.8201 0.308205
15.8233 0.308304
15.8264 0.308391
15.8296 0.308467
15.8327 0.308534
15.8359 0.308592
15.839 0.308643
15.8422 0.308688
15.8454 0.308727
15.8485 0.308761
15.8517 0.308791
15.8548 0.308817
15.858 0.308715
15.8611 0.30875
15.8643 0.308782
15.8674 0.308809
15.8706 0.308833
15.8737 0.308854
15.8769 0.308872
15.88 0.308888
15.8832 0.308902
15.8863 0.308914
15.8895 0.308925
15.8926 0.308934
15.8958 0.308943
15.8989 0.308825
15.9021 0.308847
15.9052 0.308866
15.9084 0.308883
15.9115 0.308897
15.9147 0.30891
15.9178 0.308921
15.921 0.308806
15.9242 0.30883
15.9273 0.308852
15.9305 0.30887
15.9336 0.308886
15.9368 0.308901
15.9399 0.308788
15.9431 0.308815
15.9462 0.309213
15.9494 0.309561
15.9525 0.309866
15.9557 0.310133
15.9588 0.310366
15.962 0.31057
15.9651 0.310749
15.9683 0.310905
15.9714 0.311042
15.9746 0.311162
15.9777 0.311267
15.9809 0.311358
15.984 0.311564
15.9872 0.311618
15.9903 0.311666
15.9935 0.311708
15.9966 0.311744
15.9998 0.311776
16.003 0.311804
16.0061 0.311829
16.0093 0.31185
16.0124 0.311869
16.0156 0.311885
16.0187 0.3119
16.0219 0.311912
16.025 0.312048
16.0282 0.312042
16.0313 0.312037
16.0345 0.312032
16.0376 0.312028
16.0408 0.312025
16.0439 0.312022
16.0471 0.312019
16.0502 0.312017
16.0534 0.312014
16.0565 0.312013
16.0597 0.312011
16.0628 0.31201
16.066 0.312008
16.0691 0.312007
16.0723 0.312006
16.0754 0.312006
16.0786 0.312005
16.0818 0.312004
16.0849 0.312004
16.0881 0.312003
16.0912 0.312003
16.0944 0.312003
16.0975 0.312002
16.1007 0.312002
16.1038 0.312002
16.107 0.312376
16.1101 0.312829
16.1133 0.313101
16.1164 0.313338
16.1196 0.313546
16.1227 0.313728
16.1259 0.313887
16.129 0.314151
16.1322 0.314382
16.1353 0.314459
16.1385 0.314527
16.1416 0.314586
16.1448 0.314638
16.1479 0.314683
16.1511 0.314848
16.1542 0.314867
16.1574 0.314883
16.1606 0.314898
16.1637 0.314911
16.1669 0.314922
16.17 0.315057
16.1732 0.315175
16.1763 0.315153
16.1795 0.315134
16.1826 0.315117
16.1858 0.315102
16.1889 0.31509
16.1921 0.315203
16.1952 0.315178
16.1984 0.315156
16.2015 0.315136
16.2047 0.315119
16.2078 0.315104
16.211 0.315091
16.2141 0.315205
16.2173 0.315179
16.2204 0.315157
16.2236 0.315137
16.2267 0.31512
16.2299 0.315105
16.233 0.315217
16.2362 0.315315
16.2394 0.315275
16.2425 0.315241
16.2457 0.315211
16.2488 0.315185
16.252 0.315161
16.2551 0.315266
16.2583 0.315233
16.2614 0.315204
16.2646 0.315178
16.2677 0.315531
16.2709 0.31584
16.274 0.316235
16.2772 0.31658
16.2803 0.316883
16.2835 0.317022
16.2866 0.317145
16.2898 0.317252
16.2929 0.317345
16.2961 0.317552
16.2992 0.317733
16.3024 0.317766
16.3055 0.317796
16.3087 0.317821
16.3118 0.317843
16.315 0.317863
16.3182 0.318005
16.3213 0.31813
16.3245 0.318113
16.3276 0.318099
16.3308 0.318087
16.3339 0.318076
16.3371 0.318191
16.3402 0.318293
16.3434 0.318256
16.3465 0.318224
16.3497 0.318196
16.3528 0.318171
16.356 0.31815
16.3591 0.318256
16.3623 0.318349
16.3654 0.318306
16.3686 0.318267
16.3717 0.318234
16.3749 0.318205
16.378 0.318304
16.3812 0.318391
16.3843 0.318467
16.3875 0.318409
16.3906 0.318358
16.3938 0.318313
16.397 0.318274
16.4001 0.318365
16.4033 0.318444
16.4064 0.318389
16.4096 0.31834
16.4127 0.318297
16.4159 0.31826
16.419 0.318353
16.4222 0.318434
16.4253 0.318504
16.4285 0.318941
16.4316 0.319199
16.4348 0.319424
16.4379 0.319621
16.4411 0.319918
16.4442 0.320178
16.4474 0.320406
16.4505 0.32048
16.4537 0.320545
16.4568 0.320602
16.46 0.320652
16.4631 0.32082
16.4663 0.320968
16.4694 0.321097
16.4726 0.321085
16.4758 0.321074
16.4789 0.321065
16.4821 0.321182
16.4852 0.321284
16.4884 0.321374
16.4915 0.321327
16.4947 0.321286
16.4978 0.32125
16.501 0.321219
16.5041 0.321317
16.5073 0.321402
16.5104 0.321477
16.5136 0.321417
16.5167 0.321365
16.5199 0.321319
16.523 0.321404
16.5262 0.321479
16.5293 0.321544
16.5325 0.321601
16.5356 0.321526
16.5388 0.32146
16.5419 0.321403
16.5451 0.321477
16.5482 0.321543
16.5514 0.3216
16.5546 0.321525
16.5577 0.321459
16.5609 0.321402
16.564 0.321477
16.5672 0.321542
16.5703 0.321599
16.5735 0.321649
16.5766 0.321568
16.5798 0.321497
16.5829 0.321435
16.5861 0.321506
16.5892 0.321942
16.5924 0.322325
16.5955 0.322659
16.5987 0.322827
16.6018 0.322973
16.605 0.323102
16.6081 0.323339
16.6113 0.323547
16.6144 0.323728
16.6176 0.323887
16.6207 0.323901
16.6239 0.323914
16.627 0.324049
16.6302 0.324168
16.6334 0.324272
16.6365 0.324363
16.6397 0.324443
16.6428 0.324387
16.646 0.324339
16.6491 0.324422
16.6523 0.324494
16.6554 0.324557
16.6586 0.324613
16.6617 0.324536
16.6649 0.324469
16.668 0.324535
16.6712 0.324593
16.6743 0.324644
16.6775 0.324689
16.6806 0.324728
16.6838 0.324637
16.6869 0.324557
16.6901 0.324612
16.6932 0.324661
16.6964 0.324703
16.6995 0.32474
16.7027 0.324648
16.7058 0.324567
16.709 0.324496
16.7122 0.324559
16.7153 0.324614
16.7185 0.324662
16.7216 0.324705
16.7248 0.324616
16.7279 0.324539
16.7311 0.324597
16.7342 0.324647
16.7374 0.324691
16.7405 0.32473
16.7437 0.324639
16.7468 0.324559
16.75 0.324864
16.7531 0.325256
16.7563 0.325599
16.7594 0.325899
16.7626 0.326162
16.7657 0.326392
16.7689 0.326468
16.772 0.326659
16.7752 0.326827
16.7783 0.326973
16.7815 0.327102
16.7846 0.327214
16.7878 0.327312
16.791 0.327273
16.7941 0.327364
16.7973 0.327444
16.8004 0.327513
16.8036 0.327574
16.8067 0.327627
16.8099 0.327549
16.813 0.327605
16.8162 0.327655
16.8193 0.327698
16.8225 0.327736
16.8256 0.327769
16.8288 0.327798
16.8319 0.327698
16.8351 0.327736
16.8382 0.327769
16.8414 0.327798
16.8445 0.327823
16.8477 0.327845
16.8508 0.327739
16.854 0.327647
16.8571 0.327691
16.8603 0.32773
16.8634 0.327763
16.8666 0.327793
16.8698 0.327819
16.8729 0.327717
16.8761 0.327752
16.8792 0.327783
16.8824 0.32781
16.8855 0.327834
16.8887 0.327855
16.8918 0.327748
16.895 0.327654
16.8981 0.327698
16.9013 0.327735
16.9044 0.327768
16.9076 0.327797
16.9107 0.328198
16.9139 0.328548
16.917 0.328854
16.9202 0.329123
16.9233 0.329357
16.9265 0.329563
16.9296 0.329742
16.9328 0.3299
16.9359 0.330037
16.9391 0.330157
16.9422 0.330263
16.9454 0.330355
16.9486 0.330436
16.9517 0.330506
16.9549 0.330568
16.958 0.330622
16.9612 0.330669
16.9643 0.33071
16.9675 0.330747
16.9706 0.330778
16.9738 0.330806
16.9769 0.33083
16.9801 0.330852
16.9832 0.33087
16.9864 0.330886
16.9895 0.330901
16.9927 0.330913
16.9958 0.330924
16.999 0.330808
17.0021 0.330832
17.0053 0.330853
17.0084 0.330872
17.0116 0.330888
17.0147 0.330902
17.0179 0.330914
17.021 0.330925
17.0242 0.330934
17.0274 0.330942
17.0305 0.33095
17.0337 0.330956
17.0368 0.330961
17.04 0.330966
17.0431 0.33097
17.0463 0.330974
17.0494 0.330977
17.0526 0.33098
17.0557 0.330983
17.0589 0.330985
17.062 0.330987
17.0652 0.330988
17.0683 0.33099
17.0715 0.331366
17.0746 0.331695
17.0778 0.331983
17.0809 0.332235
17.0841 0.332581
17.0872 0.332758
17.0904 0.332914
17.0935 0.333049
17.0967 0.333168
17.0998 0.333272
17.103 0.333363
17.1062 0.333443
17.1093 0.333512
17.1125 0.333573
17.1156 0.333627
17.1188 0.333673
17.1219 0.333714
17.1251 0.333875
17.1282 0.333891
17.1314 0.333904
17.1345 0.333916
17.1377 0.333927
17.1408 0.333936
17.144 0.333944
17.1471 0.333951
17.1503 0.333957
17.1534 0.333962
17.1566 0.333967
17.1597 0.333971
17.1629 0.333975
17.166 0.334103
17.1692 0.33409
17.1723 0.334079
17.1755 0.334069
17.1786 0.33406
17.1818 0.334053
17.185 0.334046
17.1881 0.334165
17.1913 0.334145
17.1944 0.334127
17.1976 0.334111
17.2007 0.334097
17.2039 0.334085
17.207 0.334199
17.2102 0.334174
17.2133 0.334153
17.2165 0.334133
17.2196 0.334117
17.2228 0.334102
17.2259 0.334089
17.2291 0.334203
17.2322 0.334678
17.2354 0.334968
17.2385 0.335222
17.2417 0.335444
17.2448 0.335639
17.248 0.335809
17.2511 0.336083
17.2543 0.336197
17.2574 0.336298
17.2606 0.336386
17.2638 0.336462
17.2669 0.33653
17.2701 0.336713
17.2732 0.336874
17.2764 0.33689
17.2795 0.336904
17.2827 0.336916
17.2858 0.336926
17.289 0.336935
17.2921 0.337069
17.2953 0.33706
17.2984 0.337052
17.3016 0.337046
17.3047 0.33704
17.3079 0.337035
17.311 0.337156
17.3142 0.337261
17.3173 0.337229
17.3205 0.3372
17.3236 0.337175
17.3268 0.337153
17.3299 0.337134
17.3331 0.337242
17.3362 0.337337
17.3394 0.337295
17.3426 0.337258
17.3457 0.337226
17.3489 0.337198
17.352 0.337298
17.3552 0.337386
17.3583 0.337337
17.3615 0.337295
17.3646 0.337258
17.3678 0.337226
17.3709 0.337198
17.3741 0.337298
17.3772 0.337386
17.3804 0.337338
17.3835 0.337295
17.3867 0.337258
17.3898 0.337226
18.0092 0.332573
18.0123 0.328376
18.0155 0.324704
18.0187 0.321491
18.0218 0.31868
18.025 0.31622
18.0281 0.314192
18.0328 0.312543
18.036 0.310975
18.0391 0.309728
18.0423 0.308637
18.0454 0.307683
18.0486 0.306847
18.0517 0.306116
18.0549 0.305352
18.0581 0.304808
18.0612 0.304332
18.0644 0.303915
18.0675 0.303676
18.0707 0.303467
18.0738 0.303283
18.077 0.303123
18.0801 0.303107
18.0833 0.303094
18.0864 0.303082
18.0896 0.302947
18.0927 0.302829
18.0959 0.302725
18.099 0.302759
18.1022 0.302789
18.1053 0.302816
18.1085 0.302714
18.1116 0.302625
18.1148 0.302547
18.1179 0.302478
18.1211 0.302543
18.1242 0.3026
18.1274 0.30265
18.1305 0.302569
18.1337 0.302498
18.1369 0.302436
18.14 0.302506
18.1432 0.302568
18.1463 0.302622
18.1495 0.302794
18.1526 0.302945
18.1558 0.303077
18.1589 0.303192
18.1621 0.303418
18.1652 0.303491
18.1684 0.303555
18.1715 0.30361
18.1747 0.303659
18.1778 0.303702
18.181 0.303739
18.1841 0.303772
18.1873 0.3038
18.1904 0.303825
18.1936 0.303847
18.1967 0.303866
18.1999 0.303883
18.203 0.304022
18.2062 0.30402
18.2093 0.304017
18.2125 0.304015
18.2157 0.304013
18.2188 0.304012
18.222 0.30401
18.2251 0.304009
18.2283 0.304008
18.2314 0.304257
18.2346 0.304475
18.2377 0.30454
18.2409 0.304598
18.244 0.304773
18.2472 0.304926
18.2503 0.305061
18.2535 0.305178
18.2566 0.305281
18.2598 0.305246
18.2629 0.305215
18.2661 0.305313
18.2692 0.305399
18.2724 0.305474
18.2755 0.30554
18.2787 0.305597
18.2818 0.305523
18.285 0.305457
18.2881 0.305525
18.2913 0.305585
18.2945 0.305636
18.2976 0.305682
18.3008 0.305597
18.3039 0.305522
18.3071 0.305582
18.3102 0.305634
18.3134 0.30543
18.3165 0.305251
18.3197 0.305095
18.3228 0.304958
18.326 0.304838
18.3291 0.304858
18.3323 0.304751
18.3354 0.304532
18.3386 0.304341
18.3417 0.304048
18.3449 0.303792
18.348 0.303693
18.3512 0.303606
18.3543 0.303531
18.3575 0.303464
18.3606 0.303281
18.3638 0.303121
18.3669 0.302981
18.3701 0.302983
18.3733 0.302985
18.3764 0.302987
18.3796 0.302989
18.3827 0.302865
18.3859 0.302757
18.389 0.302787
18.3922 0.302814
18.3953 0.302837
18.3985 0.302858
18.4016 0.30275
18.4048 0.302657
18.4079 0.302575
18.4111 0.302628
18.4142 0.302674
18.4174 0.302715
18.4205 0.302751
18.4237 0.302657
18.4268 0.302575
18.43 0.302503
18.4331 0.302565
18.4363 0.302619
18.4394 0.302667
18.4426 0.302584
18.4457 0.302511
18.4489 0.302447
18.4521 0.302516
18.4552 0.302576
18.4584 0.302629
18.4615 0.302676
18.4647 0.302591
18.4678 0.302517
18.471 0.302453
18.4741 0.302521
18.4773 0.302581
18.4804 0.302633
18.4836 0.302679
18.4867 0.302594
18.4899 0.30252
18.493 0.30258
18.4962 0.302632
18.4993 0.302678
18.5025 0.302719
18.5056 0.302629
18.5088 0.30255
18.5119 0.302481
18.5151 0.302546
18.5182 0.302603
18.5214 0.302653
18.5245 0.302696
18.5277 0.302609
18.5309 0.302533
18.534 0.302591
18.5372 0.302642
18.5403 0.302687
18.5435 0.302726
18.5466 0.302635
18.5498 0.302556
18.5529 0.302486
18.5561 0.302551
18.5592 0.302607
18.5624 0.302656
18.5655 0.302699
18.5687 0.302612
18.5718 0.302535
18.575 0.302468
18.5781 0.302535
18.5813 0.302593
18.5844 0.302644
18.5876 0.302688
18.5907 0.302602
18.5939 0.302527
18.597 0.302586
18.6002 0.302638
18.6033 0.302683
18.6065 0.302723
18.6097 0.302632
18.6128 0.302553
18.616 0.302859
18.6191 0.303252
18.6223 0.303595
18.6254 0.303896
18.6286 0.304159
18.6317 0.304389
18.6349 0.304465
18.638 0.304657
18.6412 0.304825
18.6443 0.304972
18.6475 0.3051
18.6506 0.305213
18.6538 0.305186
18.6569 0.305163
18.6601 0.305268
18.6632 0.305359
18.6664 0.305439
18.6695 0.305509
18.6727 0.305571
18.6758 0.305499
18.679 0.305437
18.6821 0.305507
18.6853 0.305569
18.6885 0.305623
18.6916 0.30567
18.6948 0.305586
18.6979 0.305513
18.7011 0.305574
18.7042 0.305627
18.7074 0.305674
18.7105 0.305714
18.7137 0.30575
18.7168 0.305656
18.72 0.305574
18.7231 0.305628
18.7263 0.305674
18.7294 0.305715
18.7326 0.30575
18.7357 0.305782
18.7389 0.305684
18.742 0.305723
18.7452 0.305758
18.7483 0.305788
18.7515 0.305815
18.7546 0.305838
18.7578 0.305733
18.7609 0.305642
18.7641 0.305686
18.7673 0.305726
18.7704 0.30576
18.7736 0.30579
18.7767 0.306191
18.7799 0.306542
18.783 0.306849
18.7862 0.307118
18.7893 0.307353
18.7925 0.307559
18.7956 0.307739
18.7988 0.307897
18.8019 0.30791
18.8051 0.308046
18.8082 0.308165
18.8114 0.30827
18.8145 0.308361
18.8177 0.308441
18.8208 0.308511
18.824 0.308447
18.8271 0.308516
18.8303 0.308577
18.8334 0.308629
18.8366 0.308676
18.8397 0.308716
18.8429 0.308627
18.8461 0.308673
18.8492 0.308714
18.8524 0.30875
18.8555 0.308781
18.8587 0.308809
18.8618 0.308832
18.865 0.308728
18.8681 0.308762
18.8713 0.308792
18.8744 0.308818
18.8776 0.308841
18.8807 0.308861
18.8839 0.308878
18.887 0.308893
18.8902 0.308907
18.8933 0.308918
18.8965 0.308929
18.8996 0.308937
18.9028 0.308945
18.9059 0.308827
18.9091 0.308849
18.9122 0.308868
18.9154 0.308884
18.9185 0.308899
18.9217 0.308911
18.9249 0.308922
18.928 0.308932
18.9312 0.308941
18.9343 0.308948
18.9375 0.30933
18.9406 0.309663
18.9438 0.309955
18.9469 0.310211
18.9501 0.310435
18.9532 0.31063
18.9564 0.310801
18.9595 0.310951
18.9627 0.311082
18.9658 0.311197
18.969 0.311297
18.9721 0.311385
18.9753 0.311462
18.9784 0.311529
18.9816 0.311588
18.9847 0.31164
18.9879 0.311685
18.991 0.311849
18.9942 0.311868
18.9973 0.311884
19.0005 0.311899
19.0037 0.311912
19.0068 0.311923
19.01 0.311932
19.0131 0.311941
19.0163 0.311948
19.0194 0.311955
19.0226 0.31196
19.0257 0.311965
19.0289 0.31197
19.032 0.312098
19.0352 0.312086
19.0383 0.312075
19.0415 0.312066
19.0446 0.312058
19.0478 0.31205
19.0509 0.312044
19.0541 0.312039
19.0572 0.312034
19.0604 0.31203
19.0635 0.312026
19.0667 0.312023
19.0698 0.31202
19.073 0.312017
19.0761 0.312015
19.0793 0.312013
19.0825 0.312012
19.0856 0.31201
19.0888 0.312009
19.0919 0.312008
19.0951 0.312007
19.0982 0.312381
19.1014 0.312708
19.1045 0.312995
19.1077 0.313245
19.1108 0.313465
19.114 0.313657
19.1171 0.31395
19.1203 0.314081
19.1234 0.314196
19.1266 0.314296
19.1297 0.314384
19.1329 0.314461
19.136 0.314654
19.1392 0.314822
19.1423 0.314844
19.1455 0.314864
19.1486 0.314881
19.1518 0.314896
19.1549 0.314909
19.1581 0.315045
19.1613 0.315039
19.1644 0.315034
19.1676 0.31503
19.1707 0.315026
19.1739 0.315023
19.177 0.315145
19.1802 0.315252
19.1833 0.315221
19.1865 0.315193
19.1896 0.315169
19.1928 0.315148
19.1959 0.315129
19.1991 0.315238
19.2022 0.315208
19.2054 0.315182
19.2085 0.31516
19.2117 0.31514
19.2148 0.315122
19.218 0.315107
19.2211 0.315219
19.2243 0.315191
19.2274 0.315167
19.2306 0.315146
19.2337 0.315128
19.2369 0.315112
19.2401 0.315223
19.2432 0.315195
19.2464 0.315171
19.2495 0.315149
19.2527 0.315131
19.2558 0.315114
19.259 0.315475
19.2621 0.315916
19.2653 0.316301
19.2684 0.316514
19.2716 0.316699
19.2747 0.316862
19.2779 0.317004
19.281 0.317254
19.2842 0.317472
19.2873 0.317663
19.2905 0.317705
19.2936 0.317742
19.2968 0.317774
19.2999 0.317802
19.3031 0.317952
19.3062 0.318083
19.3094 0.318073
19.3125 0.318064
19.3157 0.318056
19.3189 0.318049
19.322 0.318168
19.3252 0.318272
19.3283 0.318363
19.3315 0.318317
19.3346 0.318278
19.3378 0.318243
19.3409 0.318213
19.3441 0.318311
19.3472 0.318397
19.3504 0.318348
19.3535 0.318304
19.3567 0.318266
19.3598 0.318233
19.363 0.318204
19.3661 0.318303
19.3693 0.31839
19.3724 0.318342
19.3756 0.318299
19.3787 0.318261
19.3819 0.318229
19.385 0.318325
19.3882 0.31841
19.3913 0.318483
19.3945 0.318423
19.3977 0.31837
19.4008 0.318324
19.404 0.318283
19.4071 0.318373
19.4103 0.318451
19.4134 0.318395
19.4166 0.318346
19.4197 0.318677
19.4229 0.318968
19.426 0.319347
19.4292 0.319678
19.4323 0.319969
19.4355 0.320223
19.4386 0.32032
19.4418 0.320405
19.4449 0.320479
19.4481 0.320669
19.4512 0.320836
19.4544 0.320981
19.4575 0.320983
19.4607 0.320986
19.4638 0.320987
19.467 0.320989
19.4701 0.321115
19.4733 0.321226
19.4765 0.321323
19.4796 0.321282
19.4828 0.321247
19.4859 0.321216
19.4891 0.321314
19.4922 0.3214
19.4954 0.321475
19.4985 0.321416
19.5017 0.321364
19.5048 0.321318
19.508 0.321278
19.5111 0.321369
19.5143 0.321447
19.5174 0.321517
19.5206 0.321452
19.5237 0.321395
19.5269 0.321346
19.53 0.321428
19.5332 0.321499
19.5363 0.321562
19.5395 0.321617
19.5426 0.32154
19.5458 0.321472
19.5489 0.321413
19.5521 0.321486
19.5553 0.321551
19.5584 0.321607
19.5616 0.321531
19.5647 0.321465
19.5679 0.321407
19.571 0.321481
19.5742 0.321546
19.5773 0.321602
19.5805 0.322027
19.5836 0.322399
19.5868 0.322599
19.5899 0.322774
19.5931 0.323052
19.5962 0.323296
19.5994 0.323509
19.6025 0.323695
19.6057 0.323733
19.6088 0.323767
19.612 0.323796
19.6151 0.323946
19.6183 0.324078
19.6214 0.324193
19.6246 0.324294
19.6277 0.324257
19.6309 0.324225
19.6341 0.324322
19.6372 0.324407
19.6404 0.324481
19.6435 0.324546
19.6467 0.324478
19.6498 0.324418
19.653 0.324366
19.6561 0.324445
19.6593 0.324514
19.6624 0.324575
19.6656 0.324628
19.6687 0.32455
19.6719 0.324481
19.675 0.324546
19.6782 0.324603
19.6813 0.324652
19.6845 0.324696
19.6876 0.324734
19.6908 0.324642
19.6939 0.324562
19.6971 0.324617
19.7002 0.324664
19.7034 0.324706
19.7065 0.324743
19.7097 0.32465
19.7129 0.324569
19.716 0.324623
19.7192 0.32467
19.7223 0.324711
19.7255 0.324747
19.7286 0.324779
19.7318 0.324682
19.7349 0.324596
19.7381 0.324647
19.7412 0.325066
19.7444 0.325433
19.7475 0.325754
19.7507 0.326034
19.7538 0.326155
19.757 0.326261
19.7601 0.326478
19.7633 0.326668
19.7664 0.326835
19.7696 0.32698
19.7727 0.327108
19.7759 0.327094
19.779 0.327208
19.7822 0.327307
19.7853 0.327393
19.7885 0.327469
19.7917 0.327536
19.7948 0.327594
19.798 0.327519
19.8011 0.327579
19.8043 0.327632
19.8074 0.327678
19.8106 0.327718
19.8137 0.327753
19.8169 0.327659
19.82 0.327702
19.8232 0.327739
19.8263 0.327772
19.8295 0.3278
19.8326 0.327825
19.8358 0.327847
19.8389 0.327741
19.8421 0.327774
19.8452 0.327802
19.8484 0.327827
19.8515 0.327848
19.8547 0.327867
19.8578 0.327759
19.861 0.327664
19.8641 0.327706
19.8673 0.327743
19.8705 0.327775
19.8736 0.327803
19.8768 0.327828
19.8799 0.327724
19.8831 0.327759
19.8862 0.327789
19.8894 0.327815
19.8925 0.327838
19.8957 0.327859
19.8988 0.327751
19.902 0.328032
19.9051 0.328403
19.9083 0.328728
19.9114 0.329012
19.9146 0.32926
19.9177 0.329478
19.9209 0.329668
19.924 0.329835
19.9272 0.32998
19.9303 0.330108
19.9335 0.330219
19.9366 0.330317
19.9398 0.330402
19.9429 0.330477
19.9461 0.330542
19.9493 0.3306
19.9524 0.33065
19.9556 0.330693
19.9587 0.330732
19.9619 0.330765
19.965 0.330795
19.9682 0.33082
19.9713 0.330843
19.9745 0.330862
19.9776 0.33088
19.9808 0.330895
19.9839 0.330908
19.9871 0.330919
19.9902 0.330929
19.9934 0.330938
19.9965 0.330946
19.9997 0.330953
20.0028 0.330959
20.006 0.330839
20.0091 0.330859
20.0123 0.330877
20.0154 0.330892
20.0186 0.330906
20.0217 0.330917
20.0249 0.330928
20.0281 0.330937
20.0312 0.330945
20.0344 0.330952
20.0375 0.330958
20.0407 0.330963
20.0438 0.330968
20.047 0.330847
20.0501 0.330866
20.0533 0.330883
20.0564 0.330897
20.0596 0.33091
20.0627 0.331296
20.0659 0.331634
20.069 0.332055
20.0722 0.332298
20.0753 0.332511
20.0785 0.332697
20.0816 0.33286
20.0848 0.333002
20.0879 0.333127
20.0911 0.333361
20.0942 0.333441
20.0974 0.333511
