0.0 0
0.0905768 340
0.0905768 340
0.18279 680
0.276537 1020
0.370283 1360
0.462454 1700
0.465606 2040
0.5562 2380
0.559352 2720
0.562504 3060
0.649946 3400
0.653098 3740
0.65625 4080
0.659402 4420
0.742117 4760
0.745269 5100
0.748421 5440
0.751573 5780
0.754725 6120
0.757877 6460
0.834287 6800
0.837439 7140
0.840591 7480
0.843743 7820
0.846895 8160
0.850047 8500
0.853199 8840
0.856351 9180
0.859503 9520
0.926458 9860
0.92961 10200
0.932762 10540
0.935914 10880
0.939066 11220
0.942218 11560
0.94537 11900
0.948522 12240
0.951674 12580
0.954826 12920
0.957978 13260
0.96113 13600
0.964282 13940
0.967434 14280
1.0202 14620
1.02336 14960
1.02651 15300
1.02966 15640
1.03281 15980
1.03596 16320
1.03912 16660
1.04227 17000
1.04542 17340
1.04857 17680
1.05172 18020
1.05488 18360
1.05803 18700
1.06118 19040
1.06433 19380
1.06748 19720
1.07064 20060
1.07379 20400
1.07694 20740
1.08009 21080
1.08324 21420
1.11395 21760
1.1171 22100
1.12025 22440
1.12341 22780
1.12656 23120
1.12971 23460
1.13286 23800
1.13601 24140
1.13917 24480
1.14232 24820
1.14547 25160
1.14862 25500
1.15177 25840
1.15493 26180
1.15808 26520
1.16123 26860
1.16438 27200
1.16753 27540
1.17069 27880
1.17384 28220
1.17699 28560
1.18014 28900
1.18329 29240
1.18645 29580
1.1896 29920
1.19275 30260
1.1959 30600
1.19905 30940
1.20221 31280
1.20536 31620
1.20851 31960
1.21166 32300
1.21481 32640
1.21797 32980
1.22112 33320
1.22427 33660
1.22742 34000
1.23057 34340
1.23373 34680
1.23688 35020
1.24003 35360
1.24318 35700
1.24633 36040
1.24949 36380
1.25264 36720
1.25579 37060
1.25894 37400
1.26209 37740
1.26525 38080
1.2684 38420
1.27155 38760
1.2747 39100
1.27785 39440
1.28101 39780
1.28416 40120
1.28731 40460
1.29046 40800
1.29361 41140
1.29677 41480
1.29992 41820
1.30307 42160
1.30622 42500
1.30937 42840
1.31253 43180
1.31568 43520
1.31883 43860
1.32198 44200
1.32513 44540
1.32829 44880
1.33144 45220
1.33459 45560
1.33774 45900
1.34089 46240
1.34405 46580
1.3472 46920
1.35035 47260
1.3535 47600
1.35665 47940
1.35981 48280
1.36296 48620
1.36611 48960
1.36926 49300
1.37241 49640
1.37557 49980
1.37872 50320
1.38187 50660
1.38502 51000
1.38817 51340
1.39133 51680
1.39448 52020
1.39763 52360
1.40078 52700
1.40393 53040
1.40709 53380
1.41024 53720
1.41339 54060
1.41654 54400
1.41969 54740
1.42285 55080
1.426 55420
1.42915 55760
1.4323 56100
1.43545 56440
1.43861 56780
1.44176 57120
1.44491 57460
1.44806 57800
1.45121 58140
1.45437 58480
1.45752 58820
1.46067 59160
1.46382 59500
1.46697 59840
1.47013 60180
1.47328 60520
1.47643 60860
1.47958 61200
1.48273 61540
1.48589 61880
1.48904 62220
1.49219 62560
1.49534 62900
1.49849 63240
1.50165 63580
1.5048 63920
1.50795 64260
1.5111 64600
1.51425 64940
1.51741 65280
1.52056 65620
1.52371 65960
1.52686 66300
1.53001 66640
1.53317 66980
1.53632 67320
1.53947 67660
1.54262 68000
1.54577 68340
1.54893 68680
1.55208 69020
1.55523 69360
1.55838 69700
1.56153 70040
1.56469 70380
1.56784 70720
1.57099 71060
1.57414 71400
1.57729 71740
1.58045 72080
1.5836 72420
1.58675 72760
1.5899 73100
1.59305 73440
1.59621 73780
1.59936 74120
1.60251 74460
1.60566 74800
1.60881 75140
1.61197 75480
1.61512 75820
1.61827 76160
1.62142 76500
1.62457 76840
1.62773 77180
1.63088 77520
1.63403 77860
1.63718 78200
1.64033 78540
1.64349 78880
1.64664 79220
1.64979 79560
1.65294 79900
1.65609 80240
1.65925 80580
1.6624 80920
1.66555 81260
1.6687 81600
1.67185 81940
1.67501 82280
1.67816 82620
1.68131 82960
1.68446 83300
1.68761 83640
1.69077 83980
1.69392 84320
1.69707 84660
1.70022 85000
1.70337 85340
1.70653 85680
1.70968 86020
1.71283 86360
1.71598 86700
1.71913 87040
1.72229 87380
1.72544 87720
1.72859 88060
1.73174 88400
1.73489 88740
1.73805 89080
1.7412 89420
1.74435 89760
1.7475 90100
1.75065 90440
1.75381 90780
1.75696 91120
1.76011 91460
1.76326 91800
1.76641 92140
1.76957 92480
1.77272 92820
1.77587 93160
1.77902 93500
1.78217 93840
1.78533 94180
1.78848 94520
1.79163 94860
1.79478 95200
1.79793 95540
1.80109 95880
1.80424 96220
1.80739 96560
1.81054 96900
1.81369 97240
1.81685 97580
1.82 97920
1.82315 98260
1.8263 98600
1.82945 98940
1.83261 99280
1.83576 99620
1.83891 99960
1.84206 100300
1.84521 100640
1.84837 100980
1.85152 101320
1.85467 101660
1.85782 102000
1.86097 102340
1.86413 102680
1.86728 103020
1.87043 103360
1.87358 103700
1.87673 104040
1.87989 104380
1.88304 104720
1.88619 105060
1.88934 105400
1.89249 105740
1.89565 106080
1.8988 106420
1.90195 106760
1.9051 107100
1.90825 107440
1.91141 107780
1.91456 108120
1.91771 108460
1.92086 108800
1.92401 109140
1.92717 109480
1.93197 109480
1.93197 54400
2.74046 54400
2.74046 26860
3.03194 26864
3.03509 26868
3.03825 26872
3.0414 26876
3.04455 26880
3.0477 26884
3.05085 26888
3.05401 26892
3.05716 26896
3.06031 26900
3.06346 26904
3.06661 26908
3.06977 26912
3.07449 26916
3.07765 26920
3.0808 26924
3.08395 26928
3.0871 26932
3.09025 26936
3.09341 26940
3.09656 26944
3.09971 26948
3.10286 26952
3.10601 26956
3.10917 26960
3.11232 26964
3.11547 26968
3.11862 26972
3.12177 26976
3.12493 26980
3.12808 26984
3.13123 26988
3.13438 26992
3.13753 26996
3.14069 27000
3.14384 27004
3.14699 27008
3.15014 27012
3.15329 27016
3.15645 27020
3.1596 27024
3.16275 27028
3.1659 27032
3.16905 27036
3.17221 27040
3.17536 27044
3.17851 27048
3.18166 27052
3.18481 27056
3.18797 27060
3.19112 27064
3.19427 27068
3.19742 27072
3.20057 27076
3.20373 27080
3.20688 27084
3.21003 27088
3.21318 27092
3.21633 27096
3.21949 27100
3.22264 27104
3.22579 27108
3.22894 27112
3.23209 27116
3.23525 27120
3.2384 27124
3.24155 27128
3.2447 27132
3.24785 27136
3.25101 27140
3.25416 27144
3.25731 27148
3.26046 27152
3.26361 27156
3.26677 27160
3.26992 27164
3.27307 27168
3.27622 27172
3.27937 27176
3.28252 27180
3.28568 27184
3.28883 27188
3.29198 27192
3.29513 27196
3.29828 27200
3.30144 27204
3.30459 27208
3.30774 27212
3.31089 27216
3.31404 27220
3.3172 27224
3.32035 27228
3.3235 27232
3.32665 27236
3.3298 27240
3.33296 27244
3.33611 27248
3.33926 27252
3.34241 27256
3.34556 27260
3.34872 27264
3.35187 27268
3.35502 27272
3.35817 27276
3.36132 27280
3.36448 27284
3.36763 27288
3.37078 27292
3.37393 27296
3.37708 27300
3.38024 27304
3.38339 27308
3.38654 27312
3.38969 27316
3.39284 27320
3.396 27324
3.39915 27328
3.4023 27332
3.40545 27336
3.4086 27340
3.41176 27344
3.41491 27348
3.41806 27352
3.42121 27356
3.42436 27360
3.42752 27364
3.43067 27368
3.43382 27372
3.43697 27376
3.44012 27380
3.44328 27384
3.44643 27388
3.44958 27392
3.45273 27396
3.45588 27400
3.45904 27404
3.46219 27408
3.46534 27412
3.46849 27416
3.47164 27420
3.4748 27424
3.47795 27428
3.4811 27432
3.48425 27436
3.4874 27440
3.49056 27444
3.49371 27448
3.49686 27452
3.50001 27456
3.50316 27460
3.50632 27464
3.50947 27468
3.51262 27472
3.51577 27476
3.51892 27480
3.52208 27484
3.52523 27488
3.52838 27492
3.53153 27496
3.53468 27500
3.53784 27504
3.54099 27508
3.54414 27512
3.54729 27516
3.55044 27520
3.5536 27524
3.55675 27528
3.5599 27532
3.56305 27536
3.5662 27540
3.56936 27544
3.57251 27548
3.57566 27552
3.57881 27556
3.58196 27560
3.58512 27564
3.58827 27568
3.59142 27572
3.59457 27576
3.59772 27580
3.60088 27584
3.60403 27588
3.60718 27592
3.61033 27596
3.61348 27600
3.61664 27604
3.61979 27608
3.62294 27612
3.62609 27616
3.62924 27620
3.6324 27624
3.63555 27628
3.6387 27632
3.64185 27636
3.645 27640
3.64816 27644
3.65131 27648
3.65446 27652
3.65761 27656
3.66076 27660
3.66392 27664
3.66707 27668
3.67022 27672
3.67337 27676
3.67652 27680
3.67968 27684
3.68283 27688
3.68598 27692
3.68913 27696
3.69228 27700
3.69544 27704
3.69859 27708
3.70174 27712
3.70489 27716
3.70804 27720
3.7112 27724
3.71435 27728
3.7175 27732
3.72065 27736
3.7238 27740
3.72696 27744
3.73011 27748
3.73326 27752
3.73641 27756
3.73956 27760
3.74272 27764
3.74587 27768
3.74902 27772
3.75217 27776
3.75532 27780
3.75848 27784
3.76163 27788
3.76478 27792
3.76793 27796
3.77108 27800
3.77424 27804
3.77739 27808
3.78054 27812
3.78369 27816
3.78684 27820
3.79 27824
3.79315 27828
3.7963 27832
3.79945 27836
3.8026 27840
3.80576 27844
3.80891 27848
3.81206 27852
3.81521 27856
3.81836 27860
3.82152 27864
3.82467 27868
3.82782 27872
3.83097 27876
3.83412 27880
3.83728 27884
3.84043 27888
3.84358 27892
3.84673 27896
3.84988 27900
3.85304 27904
3.85619 27908
3.85934 27912
3.86249 27916
3.86564 27920
3.8688 27924
3.87195 27928
3.8751 27932
3.87825 27936
3.8814 27940
3.88456 27944
3.88771 27948
3.89086 27952
3.89401 27956
3.89716 27960
3.90032 27964
3.90347 27968
3.90662 27972
3.90977 27976
3.91292 27980
3.91608 27984
3.91923 27988
3.92238 27992
3.92553 27996
3.92868 28000
3.93184 28004
3.93499 28008
3.93814 28012
3.94129 28016
3.94444 28020
3.9476 28024
3.95075 28028
3.9539 28032
3.95705 28036
3.9602 28040
3.96336 28044
3.96651 28048
3.96966 28052
3.97281 28056
3.97596 28060
3.97912 28064
3.98227 28068
3.98542 28072
3.98857 28076
3.99172 28080
3.99488 28084
3.99803 28088
4.00118 28092
4.00433 28096
4.00748 28100
4.01064 28104
4.01379 28108
4.01694 28112
4.02009 28116
4.02324 28120
4.0264 28124
4.02955 28128
4.0327 28132
4.03585 28136
4.039 28140
4.04216 28144
4.04531 28148
4.04846 28152
4.05161 28156
4.05476 28160
4.05792 28164
4.06107 28168
4.06422 28172
4.06737 28176
4.07052 28180
4.07368 28184
4.07683 28188
4.07998 28192
4.08313 28196
4.08628 28200
4.08944 28204
4.09259 28208
4.09574 28212
4.09889 28216
4.10204 28220
4.1052 28224
4.10835 28228
4.1115 28232
4.11465 28236
4.1178 28240
4.12096 28244
4.12411 28248
4.12726 28252
4.13041 28256
4.13356 28260
4.13672 28264
4.13987 28268
4.14302 28272
4.14617 28276
4.14932 28280
4.15248 28284
4.15563 28288
4.15878 28292
4.16193 28296
4.16508 28300
4.16824 28304
4.17139 28308
4.17454 28312
4.17769 28316
4.18084 28320
4.184 28324
4.18715 28328
4.1903 28332
4.19345 28336
4.1966 28340
4.19976 28344
4.20291 28348
4.20606 28352
4.20921 28356
4.21236 28360
4.21552 28364
4.21867 28368
4.22182 28372
4.22497 28376
4.22812 28380
4.23128 28384
4.23443 28388
4.23758 28392
4.24073 28396
4.24388 28400
4.24704 28404
4.25019 28408
4.25334 28412
4.25649 28416
4.25964 28420
4.2628 28424
4.26595 28428
4.2691 28432
4.27225 28436
4.2754 28440
4.27856 28444
4.28171 28448
4.28486 28452
4.28801 28456
4.29116 28460
4.29432 28464
4.29747 28468
4.30062 28472
4.30377 28476
4.30692 28480
4.31008 28484
4.31323 28488
4.31638 28492
4.31953 28496
4.32268 28500
4.32584 28504
4.32899 28508
4.33214 28512
4.33529 28516
4.33844 28520
4.3416 28524
4.34475 28528
4.3479 28532
4.35105 28536
4.3542 28540
4.35736 28544
4.36051 28548
4.36366 28552
4.36681 28556
4.36996 28560
4.37312 28564
4.37627 28568
4.37942 28572
4.38257 28576
4.38572 28580
4.38888 28584
4.39203 28588
4.39518 28592
4.39833 28596
4.40148 28600
4.40464 28604
4.40779 28608
4.41094 28612
4.41409 28616
4.41724 28620
4.4204 28624
4.42355 28628
4.4267 28632
4.42985 28636
4.433 28640
4.43616 28644
4.43931 28648
4.44246 28652
4.44561 28656
4.44876 28660
4.45192 28664
4.45507 28668
4.45822 28672
4.46137 28676
4.46452 28680
4.46768 28684
4.47083 28688
4.47398 28692
4.47713 28696
4.48028 28700
4.48344 28704
4.48659 28708
4.48974 28712
4.49289 28716
4.49604 28720
4.4992 28724
4.50235 28728
4.5055 28732
4.50865 28736
4.5118 28740
4.51496 28744
4.51811 28748
4.52126 28752
4.52441 28756
4.52756 28760
4.53072 28764
4.53387 28768
4.53702 28772
4.54017 28776
4.54332 28780
4.54648 28784
4.54963 28788
4.55278 28792
4.55593 28796
4.55908 28800
4.56224 28804
4.56539 28808
4.56854 28812
4.57169 28816
4.57484 28820
4.578 28824
4.58115 28828
4.5843 28832
4.58745 28836
4.5906 28840
4.59376 28844
4.59691 28848
4.60006 28852
4.60321 28856
4.60636 28860
4.60952 28864
4.61267 28868
4.61582 28872
4.61897 28876
4.62212 28880
4.62528 28884
4.62843 28888
4.63158 28892
4.63473 28896
4.63788 28900
4.64104 28904
4.64419 28907
4.64734 28910
4.65049 28913
4.65364 28916
4.6568 28919
4.65995 28922
4.6631 28925
4.66625 28928
4.6694 28931
4.67256 28934
4.67571 28937
4.67886 28940
4.68201 28943
4.68516 28946
4.68832 28949
4.69147 28952
4.69462 28955
4.69777 28958
4.70092 28961
4.70408 28964
4.70723 28967
4.71038 28970
4.71353 28973
4.71668 28976
4.71984 28979
4.72299 28982
4.72614 28985
4.72929 28988
4.73244 28991
4.7356 28994
4.73875 28997
4.7419 29000
4.74505 29003
4.7482 29006
4.75136 29009
4.75451 29012
4.75766 29015
4.76081 29018
4.76396 29021
4.76712 29024
4.77027 29027
4.77342 29030
4.77657 29033
4.77972 29036
4.78288 29039
4.78603 29042
4.78918 29045
4.79233 29048
4.79548 29051
4.79864 29054
4.80179 29057
4.80494 29060
4.80809 29063
4.81124 29066
4.8144 29069
4.81755 29072
4.8207 29075
4.82385 29078
4.827 29081
4.83016 29084
4.83331 29087
4.83646 29090
4.83961 29093
4.84276 29096
4.84592 29099
4.84907 29102
4.85222 29105
4.85537 29108
4.85852 29111
4.86168 29114
4.86483 29117
4.86798 29120
4.87113 29123
4.87428 29126
4.87744 29129
4.88059 29132
4.88374 29135
4.88689 29138
4.89004 29141
4.8932 29144
4.89635 29147
4.8995 29150
4.90265 29153
4.9058 29156
4.90896 29159
4.91211 29162
4.91526 29165
4.91841 29168
4.92156 29171
4.92472 29174
4.92787 29177
4.93102 29180
4.93417 29183
4.93732 29186
4.94048 29189
4.94363 29192
4.94678 29195
4.94993 29198
4.95308 29201
4.95624 29204
4.95939 29207
4.96254 29210
4.96569 29213
4.96884 29216
4.972 29219
4.97515 29222
4.9783 29225
4.98145 29228
4.9846 29231
4.98776 29234
4.99091 29237
4.99406 29240
4.99721 29243
5.00036 29246
5.00352 29249
5.00667 29252
5.00982 29255
5.01297 29258
5.01612 29261
5.01928 29264
5.02243 29267
5.02558 29270
5.02873 29273
5.03188 29276
5.03504 29279
5.03819 29282
5.04134 29285
5.04449 29288
5.04764 29291
5.0508 29294
5.05395 29297
5.0571 29300
5.06025 29303
5.0634 29306
5.06656 29309
5.06971 29312
5.07286 29315
5.07601 29318
5.07916 29321
5.08232 29324
5.08547 29327
5.08862 29330
5.09177 29333
5.09492 29336
5.09808 29339
5.10123 29342
5.10438 29345
5.10753 29348
5.11068 29351
5.11384 29354
5.11699 29357
5.12014 29360
5.12329 29363
5.12644 29366
5.1296 29369
5.13275 29372
5.1359 29375
5.13905 29378
5.1422 29381
5.14536 29384
5.14851 29387
5.15166 29390
5.15481 29393
5.15796 29396
5.16112 29399
5.16427 29402
5.16742 29405
5.17057 29408
5.17372 29411
5.17688 29414
5.18003 29417
5.18318 29420
5.18633 29423
5.18948 29426
5.19264 29429
5.19579 29432
5.19894 29435
5.20209 29438
5.20524 29441
5.2084 29444
5.21155 29447
5.2147 29450
5.21785 29453
5.221 29456
5.22416 29459
5.22731 29462
5.23046 29465
5.23361 29468
5.23676 29471
5.23992 29474
5.24307 29477
5.24622 29480
5.24937 29483
5.25252 29486
5.25568 29489
5.25883 29492
5.26198 29495
5.26513 29498
5.26828 29501
5.27144 29504
5.27459 29507
5.27774 29510
5.28089 29513
5.28404 29516
5.2872 29519
5.29035 29522
5.2935 29525
5.29665 29528
5.2998 29531
5.30296 29534
5.30611 29537
5.30926 29540
5.31241 29543
5.31556 29546
5.31872 29549
5.32187 29552
5.32502 29555
5.32817 29558
5.33132 29561
5.33448 29564
5.33763 29567
5.34078 29570
5.34393 29573
5.34708 29576
5.35024 29579
5.35339 29582
5.35654 29585
5.35969 29588
5.36284 29591
5.366 29594
5.36915 29597
5.3723 29600
5.37545 29603
5.3786 29606
5.38176 29609
5.38491 29612
5.38806 29615
5.39121 29618
5.39436 29621
5.39752 29624
5.40067 29627
5.40382 29630
5.40697 29633
5.41012 29636
5.41328 29639
5.41643 29642
5.41958 29645
5.42273 29648
5.42588 29651
5.42904 29654
5.43219 29657
5.43534 29660
5.43849 29663
5.44164 29666
5.4448 29669
5.44795 29672
5.4511 29675
5.45425 29678
5.4574 29681
5.46056 29684
5.46371 29687
5.46686 29690
5.47001 29693
5.47316 29696
5.47632 29699
5.47947 29702
5.48262 29705
5.48577 29708
5.48892 29711
5.49208 29714
5.49523 29717
5.49838 29720
5.50153 29723
5.50468 29726
5.50784 29729
5.51099 29732
5.51414 29735
5.51729 29738
5.52044 29741
5.5236 29744
5.52675 29747
5.5299 29750
5.53305 29753
5.5362 29756
5.53936 29759
5.54251 29762
5.54566 29765
5.54881 29768
5.55196 29771
5.55512 29774
5.55827 29777
5.56142 29780
5.56457 29783
5.56772 29786
5.57088 29789
5.57403 29792
5.57718 29795
5.58033 29798
5.58348 29801
5.58664 29804
5.58979 29807
5.59294 29810
5.59609 29813
5.59924 29816
5.6024 29819
5.60555 29822
5.6087 29825
5.61185 29828
5.615 29831
5.61816 29834
5.62131 29837
5.62446 29840
5.62761 29843
5.63076 29846
5.63392 29849
5.63707 29852
5.64022 29855
5.64337 29858
5.64652 29861
5.64968 29864
5.65283 29867
5.65598 29870
5.65913 29873
5.66228 29876
5.66544 29879
5.66859 29882
5.67174 29885
5.67489 29888
5.67804 29891
5.6812 29894
5.68435 29897
5.6875 29900
5.69065 29903
5.6938 29906
5.69696 29909
5.70011 29912
5.70326 29915
5.70641 29918
5.70956 29921
5.71272 29924
5.71587 29927
5.71902 29930
5.72217 29933
5.72532 29936
5.72848 29939
5.73163 29942
5.73478 29945
5.73793 29948
5.74108 29951
5.74424 29954
5.74739 29957
5.75054 29960
5.75369 29963
5.75684 29966
5.76 29969
5.76315 29972
5.7663 29975
5.76945 29978
5.7726 29981
5.77576 29984
5.77891 29987
5.78206 29990
5.78521 29993
5.78836 29996
5.79152 29999
5.79467 30002
5.79782 30005
5.80097 30008
5.80412 30011
5.80728 30014
5.81043 30017
5.81358 30020
5.81673 30023
5.81988 30026
5.82304 30029
5.82619 30032
5.82934 30035
5.83249 30038
5.83564 30041
5.8388 30044
5.84195 30047
5.8451 30050
5.84825 30053
5.8514 30056
5.85456 30059
5.85771 30062
5.86086 30065
5.86401 30068
5.86716 30071
5.87032 30074
5.87347 30077
5.87662 30080
5.87977 30083
5.88292 30086
5.88608 30089
5.88923 30092
5.89238 30095
5.89553 30098
5.89868 30101
5.90184 30104
5.90499 30107
5.90814 30110
5.91129 30113
5.91444 30116
5.9176 30119
5.92075 30122
5.9239 30125
5.92705 30128
5.9302 30131
5.93336 30134
5.93651 30137
5.93966 30140
5.94281 30143
5.94596 30146
5.94912 30149
5.95227 30152
5.95542 30155
5.95857 30158
5.96172 30161
5.96488 30164
5.96803 30167
5.97118 30170
5.97433 30173
5.97748 30176
5.98064 30179
5.98379 30182
5.98694 30185
5.99009 30188
5.99324 30191
5.9964 30194
5.99955 30197
6.0027 30200
6.00585 30203
6.009 30206
6.01216 30209
6.01531 30212
6.01846 30215
6.02161 30218
6.02476 30221
6.02792 30224
6.03107 30227
6.03422 30230
6.03737 30233
6.04052 30236
6.04368 30239
6.04683 30242
6.04998 30245
6.05313 30248
6.05628 30251
6.05944 30254
6.06259 30257
6.06574 30260
6.06889 30263
6.07204 30266
6.0752 30269
6.07835 30272
6.0815 30275
6.08465 30278
6.0878 30281
6.09096 30284
6.09411 30287
6.09726 30290
6.10041 30293
6.10356 30296
6.10672 30299
6.10987 30302
6.11302 30305
6.11617 30308
6.11932 30311
6.12248 30314
6.12563 30317
6.12878 30320
6.13193 30323
6.13508 30326
6.13824 30329
6.14139 30332
6.14454 30335
6.14769 30338
6.15084 30341
6.154 30344
6.15715 30347
6.1603 30350
6.16345 30353
6.1666 30356
6.16976 30359
6.17291 30362
6.17606 30365
6.17921 30368
6.18236 30371
6.18552 30374
6.18867 30377
6.19182 30380
6.19497 30383
6.19812 30386
6.20128 30389
6.20443 30392
6.20758 30395
6.21073 30398
6.21388 30401
6.21704 30404
6.22019 30407
6.22334 30410
6.22649 30413
6.22964 30416
6.2328 30419
6.23595 30422
6.2391 30425
6.24225 30428
6.2454 30431
6.24856 30434
6.25171 30437
6.25486 30440
6.25801 30443
6.26116 30446
6.26432 30449
6.26747 30452
6.27062 30455
6.27377 30458
6.27692 30461
6.28008 30464
6.28323 30467
6.28638 30470
6.28953 30473
6.29268 30476
6.29584 30479
6.29899 30482
6.30214 30485
6.30529 30488
6.30844 30491
6.3116 30494
6.31475 30497
6.3179 30500
6.32105 30503
6.3242 30506
6.32736 30509
6.33051 30512
6.33366 30515
6.33681 30518
6.33996 30521
6.34312 30524
6.34627 30527
6.34942 30530
6.35257 30533
6.35572 30536
6.35888 30539
6.36203 30542
6.36518 30545
6.36833 30548
6.37148 30551
6.37464 30554
6.37779 30557
6.38094 30560
6.38409 30563
6.38724 30566
6.3904 30569
6.39355 30572
6.3967 30575
6.39985 30578
6.403 30581
6.40616 30584
6.40931 30587
6.41246 30590
6.41561 30593
6.41876 30596
6.42192 30599
6.42507 30602
6.42822 30605
6.43137 30608
6.43452 30611
6.43767 30614
6.44083 30617
6.44398 30620
6.44713 30623
6.45028 30626
6.45343 30629
6.45659 30632
6.45974 30635
6.46289 30638
6.46604 30641
6.46919 30644
6.47235 30647
6.4755 30650
6.47865 30653
6.4818 30656
6.48495 30659
6.48811 30662
6.49126 30665
6.49441 30668
6.49756 30671
6.50071 30674
6.50387 30677
6.50702 30680
6.51017 30683
6.51332 30686
6.51647 30689
6.51963 30692
6.52278 30695
6.52593 30698
6.52908 30701
6.53223 30704
6.53539 30707
6.53854 30710
6.54169 30713
6.54484 30716
6.54799 30719
6.55115 30722
6.5543 30725
6.55745 30728
6.5606 30731
6.56375 30734
6.56691 30737
6.57006 30740
6.57321 30743
6.57636 30746
6.57951 30749
6.58267 30752
6.58582 30755
6.58897 30758
6.59212 30761
6.59527 30764
6.59843 30767
6.60158 30770
6.60473 30773
6.60788 30776
6.61103 30779
6.61419 30782
6.61734 30785
6.62049 30788
6.62364 30791
6.62679 30794
6.62995 30797
6.6331 30800
6.63625 30803
6.6394 30806
6.64255 30809
6.64571 30812
6.64886 30815
6.65201 30818
6.65516 30821
6.65831 30824
6.66147 30827
6.66462 30830
6.66777 30833
6.67092 30836
6.67407 30839
6.67723 30842
6.68038 30845
6.68353 30848
6.68668 30851
6.68983 30854
6.69299 30857
6.69614 30860
6.69929 30863
6.70244 30866
6.70559 30869
6.70875 30872
6.7119 30875
6.71505 30878
6.7182 30881
6.72135 30884
6.72451 30887
6.72766 30890
6.73081 30893
6.73396 30896
6.73711 30899
6.74027 30902
6.74342 30905
6.74657 30908
6.74972 30911
6.75287 30914
6.75603 30917
6.75918 30920
6.76233 30923
6.76548 30926
6.76863 30929
6.77179 30932
6.77494 30935
6.77809 30938
6.78124 30941
6.78439 30944
6.78755 30947
6.7907 30950
6.79385 30953
6.797 30956
6.80015 30959
6.80331 30962
6.80646 30965
6.80961 30968
6.81276 30971
6.81591 30974
6.81907 30977
6.82222 30980
6.82537 30983
6.82852 30986
6.83167 30989
6.83483 30992
6.83798 30995
6.84113 30998
6.84428 31001
6.84743 31004
6.85059 31007
6.85374 31010
6.85689 31013
6.86004 31016
6.86319 31019
6.86635 31022
6.8695 31025
6.87265 31028
6.8758 31031
6.87895 31034
6.88211 31037
6.88526 31040
6.88841 31043
6.89156 31046
6.89471 31049
6.89787 31052
6.90102 31055
6.90417 31058
6.90732 31061
6.91047 31064
6.91363 31067
6.91678 31070
6.91993 31073
6.92308 31076
6.92623 31079
6.92939 31082
6.93254 31085
6.93569 31088
6.93884 31091
6.94199 31094
6.94515 31097
6.9483 31100
6.95145 31103
6.9546 31106
6.95775 31109
6.96091 31112
6.96406 31115
6.96721 31118
6.97036 31121
6.97351 31124
6.97667 31127
6.97982 31130
6.98297 31133
6.98612 31136
6.98927 31139
6.99243 31142
6.99558 31145
6.99873 31148
7.00188 31151
7.00503 31154
7.00819 31157
7.01134 31160
7.01449 31163
7.01764 31166
7.02079 31169
7.02395 31172
7.0271 31175
7.03025 31178
7.0334 31181
7.03655 31184
7.03971 31187
7.04286 31190
7.04601 31193
7.04916 31196
7.05231 31199
7.05547 31202
7.05862 31205
7.06177 31208
7.06492 31211
7.06807 31214
7.07123 31217
7.07438 31220
7.07753 31223
7.08068 31226
7.08383 31229
7.08699 31232
7.09014 31235
7.09329 31238
7.09644 31241
7.09959 31244
7.10275 31247
7.1059 31250
7.10905 31253
7.1122 31256
7.11535 31259
7.11851 31262
7.12166 31265
7.12481 31268
7.12796 31271
7.13111 31274
7.13427 31277
7.13742 31280
7.14057 31283
7.14372 31286
7.14687 31289
7.15003 31292
7.15318 31295
7.15633 31298
7.15948 31301
7.16263 31304
7.16579 31307
7.16894 31310
7.17209 31313
7.17524 31316
7.17839 31319
7.18155 31322
7.1847 31325
7.18785 31328
7.191 31331
7.19415 31334
7.19731 31337
7.20046 31340
7.20361 31343
7.20676 31346
7.20991 31349
7.21307 31352
7.21622 31355
7.21937 31358
7.22252 31361
7.22567 31364
7.22883 31367
7.23198 31370
7.23513 31373
7.23828 31376
7.24143 31379
7.24459 31382
7.24774 31385
7.25089 31388
7.25404 31391
7.25719 31394
7.26035 31397
7.2635 31400
7.26665 31403
7.2698 31406
7.27295 31409
7.27611 31412
7.27926 31415
7.28241 31418
7.28556 31421
7.28871 31424
7.29187 31427
7.29502 31430
7.29817 31433
7.30132 31436
7.30447 31439
7.30763 31442
7.31078 31445
7.31393 31448
7.31708 31451
7.32023 31454
7.32339 31457
7.32654 31460
7.32969 31463
7.33284 31466
7.33599 31469
7.33915 31472
7.3423 31475
7.34545 31478
7.3486 31481
7.35175 31484
7.35491 31487
7.35806 31490
7.36121 31493
7.36436 31496
7.36751 31499
7.37067 31502
7.37382 31505
7.37697 31508
7.38012 31511
7.38327 31514
7.38643 31517
7.38958 31520
7.39273 31523
7.39588 31526
7.39903 31529
7.40219 31532
7.40534 31535
7.40849 31538
7.41164 31541
7.41479 31544
7.41795 31547
7.4211 31550
7.42425 31553
7.4274 31556
7.43055 31559
7.43371 31562
7.43686 31565
7.44001 31568
7.44316 31571
7.44631 31574
7.44947 31577
7.45262 31580
7.45577 31583
7.45892 31586
7.46207 31589
7.46523 31592
7.46838 31595
7.47153 31598
7.47468 31601
7.47783 31604
7.48099 31607
7.48414 31610
7.48729 31613
7.49044 31616
7.49359 31619
7.49675 31622
7.4999 31625
7.50305 31628
7.5062 31631
7.50935 31634
7.51251 31637
7.51566 31640
7.51881 31643
7.52196 31646
7.52511 31649
7.52827 31652
7.53142 31655
7.53457 31658
7.53772 31661
7.54087 31664
7.54403 31667
7.54718 31670
7.55033 31673
7.55348 31676
7.55663 31679
7.55979 31682
7.56294 31685
7.56609 31688
7.56924 31691
7.57239 31694
7.57555 31697
7.5787 31700
7.58185 31703
7.585 31706
7.58815 31709
7.59131 31712
7.59446 31715
7.59761 31718
7.60076 31721
7.60391 31724
7.60707 31727
7.61022 31730
7.61337 31733
7.61652 31736
7.61967 31739
7.62283 31742
7.62598 31745
7.62913 31748
7.63228 31751
7.63543 31754
7.63859 31757
7.64174 31760
7.64489 31763
7.64804 31766
7.65119 31769
7.65435 31772
7.6575 31775
7.66065 31778
7.6638 31781
7.66695 31784
7.67011 31787
7.67326 31790
7.67641 31793
7.67956 31796
7.68271 31799
7.68587 31802
7.68902 31805
7.69217 31808
7.69532 31811
7.69847 31814
7.70163 31817
7.70478 31820
7.70793 31823
7.71108 31826
7.71423 31829
7.71739 31832
7.72054 31835
7.72369 31838
7.72684 31841
7.72999 31844
7.73315 31847
7.7363 31850
7.73945 31853
7.7426 31856
7.74575 31859
7.74891 31862
7.75206 31865
7.75521 31868
7.75836 31871
7.76151 31874
7.76467 31877
7.76782 31880
7.77097 31883
7.77412 31886
7.77727 31889
7.78043 31892
7.78358 31895
7.78673 31898
7.78988 31901
7.79303 31904
7.79619 31907
7.79934 31910
7.80249 31913
7.80564 31916
7.80879 31919
7.81195 31922
7.8151 31925
7.81825 31928
7.8214 31931
7.82455 31934
7.82771 31937
7.83086 31940
7.83401 31943
7.83716 31946
7.84031 31949
7.84347 31952
7.84662 31955
7.84977 31958
7.85292 31961
7.85607 31964
7.85923 31967
7.86238 31970
7.86553 31973
7.86868 31976
7.87183 31979
7.87499 31982
7.87814 31985
7.88129 31988
7.88444 31991
7.88759 31994
7.89075 31997
7.8939 32000
7.89705 32003
7.9002 32006
7.90335 32009
7.90651 32012
7.90966 32015
7.91281 32018
7.91596 32021
7.91911 32024
7.92227 32027
7.92542 32030
7.92857 32033
7.93172 32036
7.93487 32039
7.93803 32042
7.94118 32045
7.94433 32048
7.94748 32051
7.95063 32054
7.95379 32057
7.95694 32060
7.96009 32063
7.96324 32066
7.96639 32069
7.96955 32072
7.9727 32075
7.97585 32078
7.979 32081
7.98215 32084
7.98531 32087
7.98846 32090
7.99161 32093
7.99476 32096
7.99791 32099
8.00107 32102
8.00422 32105
8.00737 32108
8.01052 32111
8.01367 32114
8.01683 32117
8.01998 32120
8.02313 32123
8.02628 32126
8.02943 32129
8.03259 32132
8.03574 32135
8.03889 32138
8.04204 32141
8.04519 32144
8.04835 32147
8.0515 32150
8.05465 32153
8.0578 32156
8.06095 32159
8.06411 32162
8.06726 32165
8.07041 32168
8.07356 32171
8.07671 32174
8.07987 32177
8.08302 32180
8.08617 32183
8.08932 32186
8.09247 32189
8.09563 32192
8.09878 32195
8.10193 32198
8.10508 32201
8.10823 32204
8.11139 32207
8.11454 32210
8.11769 32213
8.12084 32216
8.12399 32219
8.12715 32222
8.1303 32225
8.13345 32228
8.1366 32231
8.13975 32234
8.14291 32237
8.14606 32240
8.14921 32243
8.15236 32246
8.15551 32249
8.15867 32252
8.16182 32255
8.16497 32258
8.16812 32261
8.17127 32264
8.17443 32267
8.17758 32270
8.18073 32273
8.18388 32276
8.18703 32279
8.19019 32282
8.19334 32285
8.19649 32288
8.19964 32291
8.20279 32294
8.20595 32297
8.2091 32300
8.21225 32303
8.2154 32306
8.21855 32309
8.22171 32312
8.22486 32315
8.22801 32318
8.23116 32321
8.23431 32324
8.23747 32327
8.24062 32330
8.24377 32333
8.24692 32336
8.25007 32339
8.25323 32342
8.25638 32345
8.25953 32348
8.26268 32351
8.26583 32354
8.26899 32357
8.27214 32360
8.27529 32363
8.27844 32366
8.28159 32369
8.28475 32372
8.2879 32375
8.29105 32378
8.2942 32381
8.29735 32384
8.30051 32387
8.30366 32390
8.30681 32393
8.30996 32396
8.31311 32399
8.31627 32402
8.31942 32405
8.32257 32408
8.32572 32411
8.32887 32414
8.33203 32417
8.33518 32420
8.33833 32423
8.34148 32426
8.34463 32429
8.34779 32432
8.35094 32435
8.35409 32438
8.35724 32441
8.36039 32444
8.36355 32447
8.3667 32450
8.36985 32453
8.373 32456
8.37615 32459
8.37931 32462
8.38246 32465
8.38561 32468
8.38876 32471
8.39191 32474
8.39507 32477
8.39822 32480
8.40137 32483
8.40452 32486
8.40767 32489
8.41083 32492
8.41398 32495
8.41713 32498
8.42028 32501
8.42343 32504
8.42659 32507
8.42974 32510
8.43289 32513
8.43604 32516
8.43919 32519
8.44235 32522
8.4455 32525
8.44865 32528
8.4518 32531
8.45495 32534
8.45811 32537
8.46126 32540
8.46441 32543
8.46756 32546
8.47071 32549
8.47387 32552
8.47702 32555
8.48017 32558
8.48332 32561
8.48647 32564
8.48963 32567
8.49278 32570
8.49593 32573
8.49908 32576
8.50223 32579
8.50539 32582
8.50854 32585
8.51169 32588
8.51484 32591
8.51799 32594
8.52115 32597
8.5243 32600
8.52745 32603
8.5306 32606
8.53375 32609
8.53691 32612
8.54006 32615
8.54321 32618
8.54636 32621
8.54951 32624
8.55267 32627
8.55582 32630
8.55897 32633
8.56212 32636
8.56527 32639
8.56843 32642
8.57158 32645
8.57473 32648
8.57788 32651
8.58103 32654
8.58419 32657
8.58734 32660
8.59049 32663
8.59364 32666
8.59679 32669
8.59995 32672
8.6031 32675
8.60625 32678
8.6094 32681
8.61255 32684
8.61571 32687
8.61886 32690
8.62201 32693
8.62516 32696
8.62831 32699
8.63147 32702
8.63462 32705
8.63777 32708
8.64092 32711
8.64407 32714
8.64723 32717
8.65038 32720
8.65353 32723
8.65668 32726
8.65983 32729
8.66299 32732
8.66614 32735
8.66929 32738
8.67244 32741
8.67559 32744
8.67875 32747
8.6819 32750
8.68505 32753
8.6882 32756
8.69135 32759
8.69451 32762
8.69766 32765
8.70081 32768
8.70396 32771
8.70711 32774
8.71027 32777
8.71342 32780
8.71657 32783
8.71972 32786
8.72287 32789
8.72603 32792
8.72918 32795
8.73233 32798
8.73548 32801
8.73863 32804
8.74179 32807
8.74494 32810
8.74809 32813
8.75124 32816
8.75439 32819
8.75755 32822
8.7607 32825
8.76385 32828
8.767 32831
8.77015 32834
8.77331 32837
8.77646 32840
8.77961 32843
8.78276 32846
8.78591 32849
8.78907 32852
8.79222 32855
8.79537 32858
8.79852 32861
8.80167 32864
8.80483 32867
8.80798 32870
8.81113 32873
8.81428 32876
8.81743 32879
8.82059 32882
8.82374 32885
8.82689 32888
8.83004 32891
8.83319 32894
8.83635 32897
8.8395 32900
8.84265 32903
8.8458 32906
8.84895 32909
8.85211 32912
8.85526 32915
8.85841 32918
8.86156 32921
8.86471 32924
8.86787 32927
8.87102 32930
8.87417 32933
8.87732 32936
8.88047 32939
8.88363 32942
8.88678 32945
8.88993 32948
8.89308 32951
8.89623 32954
8.89939 32957
8.90254 32960
8.90569 32963
8.90884 32966
8.91199 32969
8.91515 32972
8.9183 32975
8.92145 32978
8.9246 32981
8.92775 32984
8.93091 32987
8.93406 32990
8.93721 32993
8.94036 32996
8.94351 32999
8.94667 33002
8.94982 33005
8.95297 33008
8.95612 33011
8.95927 33014
8.96243 33017
8.96558 33020
8.96873 33023
8.97188 33026
8.97503 33029
8.97819 33032
8.98134 33035
8.98449 33038
8.98764 33041
8.99079 33044
8.99395 33047
8.9971 33050
9.00025 33053
9.0034 33056
9.00655 33059
9.00971 33062
9.01286 33065
9.01601 33068
9.01916 33071
9.02231 33074
9.02547 33077
9.02862 33080
9.03177 33083
9.03492 33086
9.03807 33089
9.04123 33092
9.04438 33095
9.04753 33098
9.05068 33101
9.05383 33104
9.05699 33107
9.06014 33110
9.06329 33113
9.06644 33116
9.06959 33119
9.07275 33122
9.0759 33125
9.07905 33128
9.0822 33131
9.08535 33134
9.08851 33137
9.09166 33140
9.09481 33143
9.09796 33146
9.10111 33149
9.10427 33152
9.10742 33155
9.11057 33158
9.11372 33161
9.11687 33164
9.12003 33167
9.12318 33170
9.12633 33173
9.12948 33176
9.13263 33179
9.13579 33182
9.13894 33185
9.14209 33188
9.14524 33191
9.14839 33194
9.15155 33197
9.1547 33200
9.15785 33203
9.161 33206
9.16415 33209
9.16731 33212
9.17046 33215
9.17361 33218
9.17676 33221
9.17991 33224
9.18307 33227
9.18622 33230
9.18937 33233
9.19252 33236
9.19567 33239
9.19883 33242
9.20198 33245
9.20513 33248
9.20828 33251
9.21143 33254
9.21459 33257
9.21774 33260
9.22089 33263
9.22404 33266
9.22719 33269
9.23035 33272
9.2335 33275
9.23665 33278
9.2398 33281
9.24295 33284
9.24611 33287
9.24926 33290
9.25241 33293
9.25556 33296
9.25871 33299
9.26187 33302
9.26502 33305
9.26817 33308
9.27132 33311
9.27447 33314
9.27763 33317
9.28078 33320
9.28393 33323
9.28708 33326
9.29023 33329
9.29339 33332
9.29654 33335
9.29969 33338
9.30284 33341
9.30599 33344
9.30915 33347
9.3123 33350
9.31545 33353
9.3186 33356
9.32175 33359
9.32491 33362
9.32806 33365
9.33121 33368
9.33436 33371
9.33751 33374
9.34067 33377
9.34382 33380
9.34697 33383
9.35012 33386
9.35327 33389
9.35643 33392
9.35958 33395
9.36273 33398
9.36588 33401
9.36903 33404
9.37219 33407
9.37534 33410
9.37849 33413
9.38164 33416
9.38479 33419
9.38795 33422
9.3911 33425
9.39425 33428
9.3974 33431
9.40055 33434
9.40371 33437
9.40686 33440
9.41001 33443
9.41316 33446
9.41631 33449
9.41947 33452
9.42262 33455
9.42577 33458
9.42892 33461
9.43207 33464
9.43523 33467
9.43838 33470
9.44153 33473
9.44468 33476
9.44783 33479
9.45099 33482
9.45414 33485
9.45729 33488
9.46044 33491
9.46359 33494
9.46675 33497
9.4699 33500
9.47305 33503
9.4762 33506
9.47935 33509
9.48251 33512
9.48566 33515
9.48881 33518
9.49196 33521
9.49511 33524
9.49827 33527
9.50142 33530
9.50457 33533
9.50772 33536
9.51087 33539
9.51403 33542
9.51718 33545
9.52033 33548
9.52348 33551
9.52663 33554
9.52979 33557
9.53294 33560
9.53609 33563
9.53924 33566
9.54239 33569
9.54555 33572
9.5487 33575
9.55185 33578
9.555 33581
9.55815 33584
9.56131 33587
9.56446 33590
9.56761 33593
9.57076 33596
9.57391 33599
9.57706 33602
9.58022 33605
9.58337 33608
9.58652 33611
9.58967 33614
9.59282 33617
9.59598 33620
9.59913 33623
9.60228 33626
9.60543 33629
9.60858 33632
9.61174 33635
9.61489 33638
9.61804 33641
9.62119 33644
9.62434 33647
9.6275 33650
9.63065 33653
9.6338 33656
9.63695 33659
9.6401 33662
9.64326 33665
9.64641 33668
9.64956 33671
9.65271 33674
9.65586 33677
9.65902 33680
9.66217 33683
9.66532 33686
9.66847 33689
9.67162 33692
9.67478 33695
9.67793 33698
9.68108 33701
9.68423 33704
9.68738 33707
9.69054 33710
9.69369 33713
9.69684 33716
9.69999 33719
9.70314 33722
9.7063 33725
9.70945 33728
9.7126 33731
9.71575 33734
9.7189 33737
9.72206 33740
9.72521 33743
9.72836 33746
9.73151 33749
9.73466 33752
9.73782 33755
9.74097 33758
9.74412 33761
9.74727 33764
9.75042 33767
9.75358 33770
9.75673 33773
9.75988 33776
9.76303 33779
9.76618 33782
9.76934 33785
9.77249 33788
9.77564 33791
9.77879 33794
9.78194 33797
9.7851 33800
9.78825 33803
9.7914 33806
9.79455 33809
9.7977 33812
9.80086 33815
9.80401 33818
9.80716 33821
9.81031 33824
9.81346 33827
9.81662 33830
9.81977 33833
9.82292 33836
9.82607 33839
9.82922 33842
9.83238 33845
9.83553 33848
9.83868 33851
9.84183 33854
9.84498 33857
9.84814 33860
9.85129 33863
9.85444 33866
9.85759 33869
9.86074 33872
9.8639 33875
9.86705 33878
9.8702 33881
9.87335 33884
9.8765 33887
9.87966 33890
9.88281 33893
9.88596 33896
9.88911 33899
9.89226 33902
9.89542 33905
9.89857 33908
9.90172 33911
9.90487 33914
9.90802 33917
9.91118 33920
9.91433 33923
9.91748 33926
9.92063 33929
9.92378 33932
9.92694 33935
9.93009 33938
9.93324 33941
9.93639 33944
9.93954 33947
9.9427 33950
9.94585 33953
9.949 33956
9.95215 33959
9.9553 33962
9.95846 33965
9.96161 33968
9.96476 33971
9.96791 33974
9.97106 33977
9.97422 33980
9.97737 33983
9.98052 33986
9.98367 33989
9.98682 33992
9.98998 33995
9.99313 33998
9.99628 34001
9.99943 34004
10.0026 34007
10.0057 34010
10.0089 34013
10.012 34016
10.0152 34019
10.0183 34022
10.0215 34025
10.0246 34028
10.0278 34031
10.031 34034
10.0341 34037
10.0373 34040
10.0404 34043
10.0436 34046
10.0467 34049
10.0499 34052
10.053 34055
10.0562 34058
10.0593 34061
10.0625 34064
10.0656 34067
10.0688 34070
10.0719 34073
10.0751 34076
10.0782 34079
10.0814 34082
10.0845 34085
10.0877 34088
10.0908 34091
10.094 34094
10.0971 34097
10.1003 34100
10.1034 34103
10.1066 34106
10.1098 34109
10.1129 34112
10.1161 34115
10.1192 34118
10.1224 34121
10.1255 34124
10.1287 34127
10.1318 34130
10.135 34133
10.1381 34136
10.1413 34139
10.1444 34142
10.1476 34145
10.1507 34148
10.1539 34151
10.157 34154
10.1602 34157
10.1633 34160
10.1665 34163
10.1696 34166
10.1728 34169
10.1759 34172
10.1791 34175
10.1822 34178
10.1854 34181
10.1886 34184
10.1917 34187
10.1949 34190
10.198 34193
10.2012 34196
10.2043 34199
10.2075 34202
10.2106 34205
10.2138 34208
10.2169 34211
10.2201 34214
10.2232 34217
10.2264 34220
10.2295 34223
10.2327 34226
10.2358 34229
10.239 34232
10.2421 34235
10.2453 34238
10.2484 34241
10.2516 34244
10.2547 34247
10.2579 34250
10.261 34253
10.2642 34256
10.2674 34259
10.2705 34262
10.2737 34265
10.2768 34268
10.28 34271
10.2831 34274
10.2863 34277
10.2894 34280
10.2926 34283
10.2957 34286
10.2989 34289
10.302 34292
10.3052 34295
10.3083 34298
10.3115 34301
10.3146 34304
10.3178 34307
10.3209 34310
10.3241 34313
10.3272 34316
10.3304 34319
10.3335 34322
10.3367 34325
10.3398 34328
10.343 34331
10.3462 34334
10.3493 34337
10.3525 34340
10.3556 34343
10.3588 34346
10.3619 34349
10.3651 34352
10.3682 34355
10.3714 34358
10.3745 34361
10.3777 34364
10.3808 34367
10.384 34370
10.3871 34373
10.3903 34376
10.3934 34379
10.3966 34382
10.3997 34385
10.4029 34388
10.406 34391
10.4092 34394
10.4123 34397
10.4155 34400
10.4186 34403
10.4218 34406
10.425 34409
10.4281 34412
10.4313 34415
10.4344 34418
10.4376 34421
10.4407 34424
10.4439 34427
10.447 34430
10.4502 34433
10.4533 34436
10.4565 34439
10.4596 34442
10.4628 34445
10.4659 34448
10.4691 34451
10.4722 34454
10.4754 34457
10.4785 34460
10.4817 34463
10.4848 34466
10.488 34469
10.4911 34472
10.4943 34475
10.4974 34478
10.5006 34481
10.5038 34484
10.5069 34487
10.5101 34490
10.5132 34493
10.5164 34496
10.5195 34499
10.5227 34502
10.5258 34505
10.529 34508
10.5321 34511
10.5353 34514
10.5384 34517
10.5416 34520
10.5447 34523
10.5479 34526
10.551 34529
10.5542 34532
10.5573 34535
10.5605 34538
10.5636 34541
10.5668 34544
10.5699 34547
10.5731 34550
10.5762 34553
10.5794 34556
10.5826 34559
10.5857 34562
10.5889 34565
10.592 34568
10.5952 34571
10.5983 34574
10.6015 34577
10.6046 34580
10.6078 34583
10.6109 34586
10.6141 34589
10.6172 34592
10.6204 34595
10.6235 34598
10.6267 34601
10.6298 34604
10.633 34607
10.6361 34610
10.6393 34613
10.6424 34616
10.6456 34619
10.6487 34622
10.6519 34625
10.655 34628
10.6582 34631
10.6614 34634
10.6645 34637
10.6677 34640
10.6708 34643
10.674 34646
10.6771 34649
10.6803 34652
10.6834 34655
10.6866 34658
10.6897 34661
10.6929 34664
10.696 34667
10.6992 34670
10.7023 34673
10.7055 34676
10.7086 34679
10.7118 34682
10.7149 34685
10.7181 34688
10.7212 34691
10.7244 34694
10.7275 34697
10.7307 34700
10.7338 34703
10.737 34706
10.7402 34709
10.7433 34712
10.7465 34715
10.7496 34718
10.7528 34721
10.7559 34724
10.7591 34727
10.7622 34730
10.7654 34733
10.7685 34736
10.7717 34739
10.7748 34742
10.778 34745
10.7811 34748
10.7843 34751
10.7874 34754
10.7906 34757
10.7937 34760
10.7969 34763
10.8 34766
10.8032 34769
10.8063 34772
10.8095 34775
10.8126 34778
10.8158 34781
10.819 34784
10.8221 34787
10.8253 34790
10.8284 34793
10.8316 34796
10.8347 34799
10.8379 34802
10.841 34805
10.8442 34808
10.8473 34811
10.8505 34814
10.8536 34817
10.8568 34820
10.8599 34823
10.8631 34826
10.8662 34829
10.8694 34832
10.8725 34835
10.8757 34838
10.8788 34841
10.882 34844
10.8851 34847
10.8883 34850
10.8914 34853
10.8946 34856
10.8978 34859
10.9009 34862
10.9041 34865
10.9072 34868
10.9104 34871
10.9135 34874
10.9167 34877
10.9198 34880
10.923 34883
10.9261 34886
10.9293 34889
10.9324 34892
10.9356 34895
10.9387 34898
10.9419 34901
10.945 34904
10.9482 34907
10.9513 34910
10.9545 34913
10.9576 34916
10.9608 34919
10.9639 34922
10.9671 34925
10.9702 34928
10.9734 34931
10.9766 34934
10.9797 34937
10.9829 34940
10.986 34943
10.9892 34946
10.9923 34949
10.9955 34952
10.9986 34955
11.0018 34958
11.0049 34961
11.0081 34964
11.0112 34967
11.0144 34970
11.0175 34973
11.0207 34976
11.0238 34979
11.027 34982
11.0301 34985
11.0333 34988
11.0364 34991
11.0396 34994
11.0427 34997
11.0459 35000
11.049 35003
11.0522 35006
11.0554 35009
11.0585 35012
11.0617 35015
11.0648 35018
11.068 35021
11.0711 35024
11.0743 35027
11.0774 35030
11.0806 35033
11.0837 35036
11.0869 35039
11.09 35042
11.0932 35045
11.0963 35048
11.0995 35051
11.1026 35054
11.1058 35057
11.1089 35060
11.1121 35063
11.1152 35066
11.1184 35069
11.1215 35072
11.1247 35075
11.1278 35078
11.131 35081
11.1342 35084
11.1373 35087
11.1405 35090
11.1436 35093
11.1468 35096
11.1499 35099
11.1531 35102
11.1562 35105
11.1594 35108
11.1625 35111
11.1657 35114
11.1688 35117
11.172 35120
11.1751 35123
11.1783 35126
11.1814 35129
11.1846 35132
11.1877 35135
11.1909 35138
11.194 35141
11.1972 35144
11.2003 35147
11.2035 35150
11.2066 35153
11.2098 35156
11.213 35159
11.2161 35162
11.2193 35165
11.2224 35168
11.2256 35171
11.2287 35174
11.2319 35177
11.235 35180
11.2382 35183
11.2413 35186
11.2445 35189
11.2476 35192
11.2508 35195
11.2539 35198
11.2571 35201
11.2602 35204
11.2634 35207
11.2665 35210
11.2697 35213
11.2728 35216
11.276 35219
11.2791 35222
11.2823 35225
11.2854 35228
11.2886 35231
11.2918 35234
11.2949 35237
11.2981 35240
11.3012 35243
11.3044 35246
11.3075 35249
11.3107 35252
11.3138 35255
11.317 35258
11.3201 35261
11.3233 35264
11.3264 35267
11.3296 35270
11.3327 35273
11.3359 35276
11.339 35279
11.3422 35282
11.3453 35285
11.3485 35288
11.3516 35291
11.3548 35294
11.3579 35297
11.3611 35300
11.3642 35303
11.3674 35306
11.3706 35309
11.3737 35312
11.3769 35315
11.38 35318
11.3832 35321
11.3863 35324
11.3895 35327
11.3926 35330
11.3958 35333
11.3989 35336
11.4021 35339
11.4052 35342
11.4084 35345
11.4115 35348
11.4147 35351
11.4178 35354
11.421 35357
11.4241 35360
11.4273 35363
11.4304 35366
11.4336 35369
11.4367 35372
11.4399 35375
11.443 35378
11.4462 35381
11.4494 35384
11.4525 35387
11.4557 35390
11.4588 35393
11.462 35396
11.4651 35399
11.4683 35402
11.4714 35405
11.4746 35408
11.4777 35411
11.4809 35414
11.484 35417
11.4872 35420
11.4903 35423
11.4935 35426
11.4966 35429
11.4998 35432
11.5029 35435
11.5061 35438
11.5092 35441
11.5124 35444
11.5155 35447
11.5187 35450
11.5218 35453
11.525 35456
11.5282 35459
11.5313 35462
11.5345 35465
11.5376 35468
11.5408 35471
11.5439 35474
11.5471 35477
11.5502 35480
11.5534 35483
11.5565 35486
11.5597 35489
11.5628 35492
11.566 35495
11.5691 35498
11.5723 35501
11.5754 35504
11.5786 35507
11.5817 35510
11.5849 35513
11.588 35516
11.5912 35519
11.5943 35522
11.5975 35525
11.6006 35528
11.6038 35531
11.607 35534
11.6101 35537
11.6133 35540
11.6164 35543
11.6196 35546
11.6227 35549
11.6259 35552
11.629 35555
11.6322 35558
11.6353 35561
11.6385 35564
11.6416 35567
11.6448 35570
11.6479 35573
11.6511 35576
11.6542 35579
11.6574 35582
11.6605 35585
11.6637 35588
11.6668 35591
11.67 35594
11.6731 35597
11.6763 35600
11.6794 35603
11.6826 35606
11.6858 35609
11.6889 35612
11.6921 35615
11.6952 35618
11.6984 35621
11.7015 35624
11.7047 35627
11.7078 35630
11.711 35633
11.7141 35636
11.7173 35639
11.7204 35642
11.7236 35645
11.7267 35648
11.7299 35651
11.733 35654
11.7362 35657
11.7393 35660
11.7425 35663
11.7456 35666
11.7488 35669
11.7519 35672
11.7551 35675
11.7582 35678
11.7614 35681
11.7646 35684
11.7677 35687
11.7709 35690
11.774 35693
11.7772 35696
11.7803 35699
11.7835 35702
11.7866 35705
11.7898 35708
11.7929 35711
11.7961 35714
11.7992 35717
11.8024 35720
11.8055 35723
11.8087 35726
11.8118 35729
11.815 35732
11.8181 35735
11.8213 35738
11.8244 35741
11.8276 35744
11.8307 35747
11.8339 35750
11.837 35753
11.8402 35756
11.8434 35759
11.8465 35762
11.8497 35765
11.8528 35768
11.856 35771
11.8591 35774
11.8623 35777
11.8654 35780
11.8686 35783
11.8717 35786
11.8749 35789
11.878 35792
11.8812 35795
11.8843 35798
11.8875 35801
11.8906 35804
11.8938 35807
11.8969 35810
11.9001 35813
11.9032 35816
11.9064 35819
11.9095 35822
11.9127 35825
11.9158 35828
11.919 35831
11.9222 35834
11.9253 35837
11.9285 35840
11.9316 35843
11.9348 35846
11.9379 35849
11.9411 35852
11.9442 35855
11.9474 35858
11.9505 35861
11.9537 35864
11.9568 35867
11.96 35870
11.9631 35873
11.9663 35876
11.9694 35879
11.9726 35882
11.9757 35885
11.9789 35888
11.982 35891
11.9852 35894
11.9883 35897
11.9915 35900
11.9946 35903
11.9978 35906
12.001 35909
12.0041 35912
12.0073 35915
12.0104 35918
12.0136 35921
12.0167 35924
12.0199 35927
12.023 35930
12.0262 35933
12.0293 35936
12.0325 35939
12.0356 35942
12.0388 35945
12.0419 35948
12.0451 35951
12.0482 35954
12.0514 35957
12.0545 35960
12.0577 35963
12.0608 35966
12.064 35969
12.0671 35972
12.0703 35975
12.0734 35978
12.0766 35981
12.0798 35984
12.0829 35987
12.0861 35990
12.0892 35993
12.0924 35996
12.0955 35999
12.0987 36002
12.1018 36005
12.105 36008
12.1081 36011
12.1113 36014
12.1144 36017
12.1176 36020
12.1207 36023
12.1239 36026
12.127 36029
12.1302 36032
12.1333 36035
12.1365 36038
12.1396 36041
12.1428 36044
12.1459 36047
12.1491 36050
12.1522 36053
12.1554 36056
12.1586 36059
12.1617 36062
12.1649 36065
12.168 36068
12.1712 36071
12.1743 36074
12.1775 36077
12.1806 36080
12.1838 36083
12.1869 36086
12.1901 36089
12.1932 36092
12.1964 36095
12.1995 36098
12.2027 36101
12.2058 36104
12.209 36107
12.2121 36110
12.2153 36113
12.2184 36116
12.2216 36119
12.2247 36122
12.2279 36125
12.231 36128
12.2342 36131
12.2374 36134
12.2405 36137
12.2437 36140
12.2468 36143
12.25 36146
12.2531 36149
12.2563 36152
12.2594 36155
12.2626 36158
12.2657 36161
12.2689 36164
12.272 36167
12.2752 36170
12.2783 36173
12.2815 36176
12.2846 36179
12.2878 36182
12.2909 36185
12.2941 36188
12.2972 36191
12.3004 36194
12.3035 36197
12.3067 36200
12.3098 36203
12.313 36206
12.3162 36209
12.3193 36212
12.3225 36215
12.3256 36218
12.3288 36221
12.3319 36224
12.3351 36227
12.3382 36230
12.3414 36233
12.3445 36236
12.3477 36239
12.3508 36242
12.354 36245
12.3571 36248
12.3603 36251
12.3634 36254
12.3666 36257
12.3697 36260
12.3729 36263
12.376 36266
12.3792 36269
12.3823 36272
12.3855 36275
12.3886 36278
12.3918 36281
12.395 36284
12.3981 36287
12.4013 36290
12.4044 36293
12.4076 36296
12.4107 36299
12.4139 36302
12.417 36305
12.4202 36308
12.4233 36311
12.4265 36314
12.4296 36317
12.4328 36320
12.4359 36323
12.4391 36326
12.4422 36329
12.4454 36332
12.4485 36335
12.4517 36338
12.4548 36341
12.458 36344
12.4611 36347
12.4643 36350
12.4674 36353
12.4706 36356
12.4738 36359
12.4769 36362
12.4801 36365
12.4832 36368
12.4864 36371
12.4895 36374
12.4927 36377
12.4958 36380
12.499 36383
12.5021 36386
12.5053 36389
12.5084 36392
12.5116 36395
12.5147 36398
12.5179 36401
12.521 36404
12.5242 36407
12.5273 36410
12.5305 36413
12.5336 36416
12.5368 36419
12.5399 36422
12.5431 36425
12.5462 36428
12.5494 36431
12.5526 36434
12.5557 36437
12.5589 36440
12.562 36443
12.5652 36446
12.5683 36449
12.5715 36452
12.5746 36455
12.5778 36458
12.5809 36461
12.5841 36464
12.5872 36467
12.5904 36470
12.5935 36473
12.5967 36476
12.5998 36479
12.603 36482
12.6061 36485
12.6093 36488
12.6124 36491
12.6156 36494
12.6187 36497
12.6219 36500
12.625 36503
12.6282 36506
12.6314 36509
12.6345 36512
12.6377 36515
12.6408 36518
12.644 36521
12.6471 36524
12.6503 36527
12.6534 36530
12.6566 36533
12.6597 36536
12.6629 36539
12.666 36542
12.6692 36545
12.6723 36548
12.6755 36551
12.6786 36554
12.6818 36557
12.6849 36560
12.6881 36563
12.6912 36566
12.6944 36569
12.6975 36572
12.7007 36575
12.7038 36578
12.707 36581
12.7102 36584
12.7133 36587
12.7165 36590
12.7196 36593
12.7228 36596
12.7259 36599
12.7291 36602
12.7322 36605
12.7354 36608
12.7385 36611
12.7417 36614
12.7448 36617
12.748 36620
12.7511 36623
12.7543 36626
12.7574 36629
12.7606 36632
12.7637 36635
12.7669 36638
12.77 36641
12.7732 36644
12.7763 36647
12.7795 36650
12.7826 36653
12.7858 36656
12.789 36659
12.7921 36662
12.7953 36665
12.7984 36668
12.8016 36671
12.8047 36674
12.8079 36677
12.811 36680
12.8142 36683
12.8173 36686
12.8205 36689
12.8236 36692
12.8268 36695
12.8299 36698
12.8331 36701
12.8362 36704
12.8394 36707
12.8425 36710
12.8457 36713
12.8488 36716
12.852 36719
12.8551 36722
12.8583 36725
12.8614 36728
12.8646 36731
12.8678 36734
12.8709 36737
12.8741 36740
12.8772 36743
12.8804 36746
12.8835 36749
12.8867 36752
12.8898 36755
12.893 36758
12.8961 36761
12.8993 36764
12.9024 36767
12.9056 36770
12.9087 36773
12.9119 36776
12.915 36779
12.9182 36782
12.9213 36785
12.9245 36788
12.9276 36791
12.9308 36794
12.9339 36797
12.9371 36800
12.9402 36803
12.9434 36806
12.9466 36809
12.9497 36812
12.9529 36815
12.956 36818
12.9592 36821
12.9623 36824
12.9655 36827
12.9686 36830
12.9718 36833
12.9749 36836
12.9781 36839
12.9812 36842
12.9844 36845
12.9875 36848
12.9907 36851
12.9938 36854
12.997 36857
13.0001 36860
13.0033 36863
13.0064 36866
13.0096 36869
13.0127 36872
13.0159 36875
13.019 36878
13.0222 36881
13.0254 36884
13.0285 36887
13.0317 36890
13.0348 36893
13.038 36896
13.0411 36899
13.0443 36902
13.0474 36905
13.0506 36908
13.0537 36911
13.0569 36914
13.06 36917
13.0632 36920
13.0663 36923
13.0695 36926
13.0726 36929
13.0758 36932
13.0789 36935
13.0821 36938
13.0852 36941
13.0884 36944
13.0915 36947
13.0947 36950
13.0978 36953
13.101 36956
13.1042 36959
13.1073 36962
13.1105 36965
13.1136 36968
13.1168 36971
13.1199 36974
13.1231 36977
13.1262 36980
13.1294 36983
13.1325 36986
13.1357 36989
13.1388 36992
13.142 36995
13.1451 36998
13.1483 37001
13.1514 37004
13.1546 37007
13.1577 37010
13.1609 37013
13.164 37016
13.1672 37019
13.1703 37022
13.1735 37025
13.1766 37028
13.1798 37031
13.183 37034
13.1861 37037
13.1893 37040
13.1924 37043
13.1956 37046
13.1987 37049
13.2019 37052
13.205 37055
13.2082 37058
13.2113 37061
13.2145 37064
13.2176 37067
13.2208 37070
13.2239 37073
13.2271 37076
13.2302 37079
13.2334 37082
13.2365 37085
13.2397 37088
13.2428 37091
13.246 37094
13.2491 37097
13.2523 37100
13.2554 37103
13.2586 37106
13.2618 37109
13.2649 37112
13.2681 37115
13.2712 37118
13.2744 37121
13.2775 37124
13.2807 37127
13.2838 37130
13.287 37133
13.2901 37136
13.2933 37139
13.2964 37142
13.2996 37145
13.3027 37148
13.3059 37151
13.309 37154
13.3122 37157
13.3153 37160
13.3185 37163
13.3216 37166
13.3248 37169
13.3279 37172
13.3311 37175
13.3342 37178
13.3374 37181
13.3406 37184
13.3437 37187
13.3469 37190
13.35 37193
13.3532 37196
13.3563 37199
13.3595 37202
13.3626 37205
13.3658 37208
13.3689 37211
13.3721 37214
13.3752 37217
13.3784 37220
13.3815 37223
13.3847 37226
13.3878 37229
13.391 37232
13.3941 37235
13.3973 37238
13.4004 37241
13.4036 37244
13.4067 37247
13.4099 37250
13.413 37253
13.4162 37256
13.4194 37259
13.4225 37262
13.4257 37265
13.4288 37268
13.432 37271
13.4351 37274
13.4383 37277
13.4414 37280
13.4446 37283
13.4477 37286
13.4509 37289
13.454 37292
13.4572 37295
13.4603 37298
13.4635 37301
13.4666 37304
13.4698 37307
13.4729 37310
13.4761 37313
13.4792 37316
13.4824 37319
13.4855 37322
13.4887 37325
13.4918 37328
13.495 37331
13.4982 37334
13.5013 37337
13.5045 37340
13.5076 37343
13.5108 37346
13.5139 37349
13.5171 37352
13.5202 37355
13.5234 37358
13.5265 37361
13.5297 37364
13.5328 37367
13.536 37370
13.5391 37373
13.5423 37376
13.5454 37379
13.5486 37382
13.5517 37385
13.5549 37388
13.558 37391
13.5612 37394
13.5643 37397
13.5675 37400
13.5706 37403
13.5738 37406
13.577 37409
13.5801 37412
13.5833 37415
13.5864 37418
13.5896 37421
13.5927 37424
13.5959 37427
13.599 37430
13.6022 37433
13.6053 37436
13.6085 37439
13.6116 37442
13.6148 37445
13.6179 37448
13.6211 37451
13.6242 37454
13.6274 37457
13.6305 37460
13.6337 37463
13.6368 37466
13.64 37469
13.6431 37472
13.6463 37475
13.6494 37478
13.6526 37481
13.6558 37484
13.6589 37487
13.6621 37490
13.6652 37493
13.6684 37496
13.6715 37499
13.6747 37502
13.6778 37505
13.681 37508
13.6841 37511
13.6873 37514
13.6904 37517
13.6936 37520
13.6967 37523
13.6999 37526
13.703 37529
13.7062 37532
13.7093 37535
13.7125 37538
13.7156 37541
13.7188 37544
13.7219 37547
13.7251 37550
13.7282 37553
13.7314 37556
13.7346 37559
13.7377 37562
13.7409 37565
13.744 37568
13.7472 37571
13.7503 37574
13.7535 37577
13.7566 37580
13.7598 37583
13.7629 37586
13.7661 37589
13.7692 37592
13.7724 37595
13.7755 37598
13.7787 37601
13.7818 37604
13.785 37607
13.7881 37610
13.7913 37613
13.7944 37616
13.7976 37619
13.8007 37622
13.8039 37625
13.807 37628
13.8102 37631
13.8134 37634
13.8165 37637
13.8197 37640
13.8228 37643
13.826 37646
13.8291 37649
13.8323 37652
13.8354 37655
13.8386 37658
13.8417 37661
13.8449 37664
13.848 37667
13.8512 37670
13.8543 37673
13.8575 37676
13.8606 37679
13.8638 37682
13.8669 37685
13.8701 37688
13.8732 37691
13.8764 37694
13.8795 37697
13.8827 37700
13.8858 37703
13.889 37706
13.8922 37709
13.8953 37712
13.8985 37715
13.9016 37718
13.9048 37721
13.9079 37724
13.9111 37727
13.9142 37730
13.9174 37733
13.9205 37736
13.9237 37739
13.9268 37742
13.93 37745
13.9331 37748
13.9363 37751
13.9394 37754
13.9426 37757
13.9457 37760
13.9489 37763
13.952 37766
13.9552 37769
13.9583 37772
13.9615 37775
13.9646 37778
13.9678 37781
13.971 37784
13.9741 37787
13.9773 37790
13.9804 37793
13.9836 37796
13.9867 37799
13.9899 37802
13.993 37805
13.9962 37808
13.9993 37811
14.0025 37814
14.0056 37817
14.0088 37820
14.0119 37823
14.0151 37826
14.0182 37829
14.0214 37832
14.0245 37835
14.0277 37838
14.0308 37841
14.034 37844
14.0371 37847
14.0403 37850
14.0434 37853
14.0466 37856
14.0498 37859
14.0529 37862
14.0561 37865
14.0592 37868
14.0624 37871
14.0655 37874
14.0687 37877
14.0718 37880
14.075 37883
14.0781 37886
14.0813 37889
14.0844 37892
14.0876 37895
14.0907 37898
14.0939 37901
14.097 37904
14.1002 37907
14.1033 37910
14.1065 37913
14.1096 37916
14.1128 37919
14.1159 37922
14.1191 37925
14.1222 37928
14.1254 37931
14.1286 37934
14.1317 37937
14.1349 37940
14.138 37943
14.1412 37946
14.1443 37949
14.1475 37952
14.1506 37955
14.1538 37958
14.1569 37961
14.1601 37964
14.1632 37967
14.1664 37970
14.1695 37973
14.1727 37976
14.1758 37979
14.179 37982
14.1821 37985
14.1853 37988
14.1884 37991
14.1916 37994
14.1947 37997
14.1979 38000
14.201 38003
14.2042 38006
14.2074 38009
14.2105 38012
14.2137 38015
14.2168 38018
14.22 38021
14.2231 38024
14.2263 38027
14.2294 38030
14.2326 38033
14.2357 38036
14.2389 38039
14.242 38042
14.2452 38045
14.2483 38048
14.2515 38051
14.2546 38054
14.2578 38057
14.2609 38060
14.2641 38063
14.2672 38066
14.2704 38069
14.2735 38072
14.2767 38075
14.2798 38078
14.283 38081
14.2862 38084
14.2893 38087
14.2925 38090
14.2956 38093
14.2988 38096
14.3019 38099
14.3051 38102
14.3082 38105
14.3114 38108
14.3145 38111
14.3177 38114
14.3208 38117
14.324 38120
14.3271 38123
14.3303 38126
14.3334 38129
14.3366 38132
14.3397 38135
14.3429 38138
14.346 38141
14.3492 38144
14.3523 38147
14.3555 38150
14.3586 38153
14.3618 38156
14.3649 38159
14.3681 38162
14.3713 38165
14.3744 38168
14.3776 38171
14.3807 38174
14.3839 38177
14.387 38180
14.3902 38183
14.3933 38186
14.3965 38189
14.3996 38192
14.4028 38195
14.4059 38198
14.4091 38201
14.4122 38204
14.4154 38207
14.4185 38210
14.4217 38213
14.4248 38216
14.428 38219
14.4311 38222
14.4343 38225
14.4374 38228
14.4406 38231
14.4437 38234
14.4469 38237
14.4501 38240
14.4532 38243
14.4564 38246
14.4595 38249
14.4627 38252
14.4658 38255
14.469 38258
14.4721 38261
14.4753 38264
14.4784 38267
14.4816 38270
14.4847 38273
14.4879 38276
14.491 38279
14.4942 38282
14.4973 38285
14.5005 38288
14.5036 38291
14.5068 38294
14.5099 38297
14.5131 38300
14.5162 38303
14.5194 38306
14.5225 38309
14.5257 38312
14.5289 38315
14.532 38318
14.5352 38321
14.5383 38324
14.5415 38327
14.5446 38330
14.5478 38333
14.5509 38336
14.5541 38339
14.5572 38342
14.5604 38345
14.5635 38348
14.5667 38351
14.5698 38354
14.573 38357
14.5761 38360
14.5793 38363
14.5824 38366
14.5856 38369
14.5887 38372
14.5919 38375
14.595 38378
14.5982 38381
14.6013 38384
14.6045 38387
14.6077 38390
14.6108 38393
14.614 38396
14.6171 38399
14.6203 38402
14.6234 38405
14.6266 38408
14.6297 38411
14.6329 38414
14.636 38417
14.6392 38420
14.6423 38423
14.6455 38426
14.6486 38429
14.6518 38432
14.6549 38435
14.6581 38438
14.6612 38441
14.6644 38444
14.6675 38447
14.6707 38450
14.6738 38453
14.677 38456
14.6801 38459
14.6833 38462
14.6865 38465
14.6896 38468
14.6928 38471
14.6959 38474
14.6991 38477
14.7022 38480
14.7054 38483
14.7085 38486
14.7117 38489
14.7148 38492
14.718 38495
14.7211 38498
14.7243 38501
14.7274 38504
14.7306 38507
14.7337 38510
14.7369 38513
14.74 38516
14.7432 38519
14.7463 38522
14.7495 38525
14.7526 38528
14.7558 38531
14.7589 38534
14.7621 38536
14.7653 38538
14.7684 38540
14.7716 38542
14.7747 38544
14.7779 38546
14.781 38548
14.7842 38550
14.7873 38552
14.7905 38554
14.7936 38556
14.7968 38558
14.7999 38560
14.8031 38562
14.8062 38564
14.8094 38566
14.8125 38568
14.8157 38570
14.8188 38572
14.822 38574
14.8251 38576
14.8283 38578
14.8314 38580
14.8346 38582
14.8377 38584
14.8409 38586
14.8441 38588
14.8472 38590
14.8504 38592
14.8535 38594
14.8567 38596
14.8598 38598
14.863 38600
14.8661 38602
14.8693 38604
14.8724 38606
14.8756 38608
14.8787 38610
14.8819 38612
14.885 38614
14.8882 38616
14.8913 38618
14.8945 38620
14.8976 38622
14.9008 38624
14.9039 38626
14.9071 38628
14.9102 38630
14.9134 38632
14.9165 38634
14.9197 38636
14.9229 38638
14.926 38640
14.9292 38642
14.9323 38644
14.9355 38646
14.9386 38648
14.9418 38650
14.9449 38652
14.9481 38654
14.9512 38656
14.9544 38658
14.9575 38660
14.9607 38662
14.9638 38664
14.967 38666
14.9701 38668
14.9733 38670
14.9764 38672
14.9796 38674
14.9827 38676
14.9859 38678
14.989 38680
14.9922 38682
14.9953 38684
14.9985 38686
15.0017 38688
15.0048 38690
15.008 38692
15.0111 38694
15.0143 38696
15.0174 38698
15.0206 38700
15.0237 38702
15.0269 38704
15.03 38706
15.0332 38708
15.0363 38710
15.0395 38712
15.0426 38714
15.0458 38716
15.0489 38718
15.0521 38720
15.0552 38722
15.0584 38724
15.0615 38726
15.0647 38728
15.0678 38730
15.071 38732
15.0741 38734
15.0773 38736
15.0805 38738
15.0836 38740
15.0868 38742
15.0899 38744
15.0931 38746
15.0962 38748
15.0994 38750
15.1025 38752
15.1057 38754
15.1088 38756
15.112 38758
15.1151 38760
15.1183 38762
15.1214 38764
15.1246 38766
15.1277 38768
15.1309 38770
15.134 38772
15.1372 38774
15.1403 38776
15.1435 38778
15.1466 38780
15.1498 38782
15.1529 38784
15.1561 38786
15.1593 38788
15.1624 38790
15.1656 38792
15.1687 38794
15.1719 38796
15.175 38798
15.1782 38800
15.1813 38802
15.1845 38804
15.1876 38806
15.1908 38808
15.1939 38810
15.1971 38812
15.2002 38814
15.2034 38816
15.2065 38818
15.2097 38820
15.2128 38822
15.216 38824
15.2191 38826
15.2223 38828
15.2254 38830
15.2286 38832
15.2317 38834
15.2349 38836
15.2381 38838
15.2412 38840
15.2444 38842
15.2475 38844
15.2507 38846
15.2538 38848
15.257 38850
15.2601 38852
15.2633 38854
15.2664 38856
15.2696 38858
15.2727 38860
15.2759 38862
15.279 38864
15.2822 38866
15.2853 38868
15.2885 38870
15.2916 38872
15.2948 38874
15.2979 38876
15.3011 38878
15.3042 38880
15.3074 38882
15.3105 38884
15.3137 38886
15.3169 38888
15.32 38890
15.3232 38892
15.3263 38894
15.3295 38896
15.3326 38898
15.3358 38900
15.3389 38902
15.3421 38904
15.3452 38906
15.3484 38908
15.3515 38910
15.3547 38912
15.3578 38914
15.361 38916
15.3641 38918
15.3673 38920
15.3704 38922
15.3736 38924
15.3767 38926
15.3799 38928
15.383 38930
15.3862 38932
15.3893 38934
15.3925 38936
15.3957 38938
15.3988 38940
15.402 38942
15.4051 38944
15.4083 38946
15.4114 38948
15.4146 38950
15.4177 38952
15.4209 38954
15.424 38956
15.4272 38958
15.4303 38960
15.4335 38962
15.4366 38964
15.4398 38966
15.4429 38968
15.4461 38970
15.4492 38972
15.4524 38974
15.4555 38976
15.4587 38978
15.4618 38980
15.465 38982
15.4681 38984
15.4713 38986
15.4745 38988
15.4776 38990
15.4808 38992
15.4839 38994
15.4871 38996
15.4902 38998
15.4934 39000
15.4965 39002
15.4997 39004
15.5028 39006
15.506 39008
15.5091 39010
15.5123 39012
15.5154 39014
15.5186 39016
15.5217 39018
15.5249 39020
15.528 39022
15.5312 39024
15.5343 39026
15.5375 39028
15.5406 39030
15.5438 39032
15.5469 39034
15.5501 39036
15.5533 39038
15.5564 39040
15.5596 39042
15.5627 39044
15.5659 39046
15.569 39048
15.5722 39050
15.5753 39052
15.5785 39054
15.5816 39056
15.5848 39058
15.5879 39060
15.5911 39062
15.5942 39064
15.5974 39066
15.6005 39068
15.6037 39070
15.6068 39072
15.61 39074
15.6131 39076
15.6163 39078
15.6194 39080
15.6226 39082
15.6257 39084
15.6289 39086
15.6321 39088
15.6352 39090
15.6384 39092
15.6415 39094
15.6447 39096
15.6478 39098
15.651 39100
15.6541 39102
15.6573 39104
15.6604 39106
15.6636 39108
15.6667 39110
15.6699 39112
15.673 39114
15.6762 39116
15.6793 39118
15.6825 39120
15.6856 39122
15.6888 39124
15.6919 39126
15.6951 39128
15.6982 39130
15.7014 39132
15.7045 39134
15.7077 39136
15.7109 39138
15.714 39140
15.7172 39142
15.7203 39144
15.7235 39146
15.7266 39148
15.7298 39150
15.7329 39152
15.7361 39154
15.7392 39156
15.7424 39158
15.7455 39160
15.7487 39162
15.7518 39164
15.755 39166
15.7581 39168
15.7613 39170
15.7644 39172
15.7676 39174
15.7707 39176
15.7739 39178
15.777 39180
15.7802 39182
15.7833 39184
15.7865 39186
15.7897 39188
15.7928 39190
15.796 39192
15.7991 39194
15.8023 39196
15.8054 39198
15.8086 39200
15.8117 39202
15.8149 39204
15.818 39206
15.8212 39208
15.8243 39210
15.8275 39212
15.8306 39214
15.8338 39216
15.8369 39218
15.8401 39220
15.8432 39222
15.8464 39224
15.8495 39226
15.8527 39228
15.8558 39230
15.859 39232
15.8621 39234
15.8653 39236
15.8685 39238
15.8716 39240
15.8748 39242
15.8779 39244
15.8811 39246
15.8842 39248
15.8874 39250
15.8905 39252
15.8937 39254
15.8968 39256
15.9 39258
15.9031 39260
15.9063 39262
15.9094 39264
15.9126 39266
15.9157 39268
15.9189 39270
15.922 39272
15.9252 39274
15.9283 39276
15.9315 39278
15.9346 39280
15.9378 39282
15.9409 39284
15.9441 39286
15.9473 39288
15.9504 39290
15.9536 39292
15.9567 39294
15.9599 39296
15.963 39298
15.9662 39300
15.9693 39302
15.9725 39304
15.9756 39306
15.9788 39308
15.9819 39310
15.9851 39312
15.9882 39314
15.9914 39316
15.9945 39318
15.9977 39320
16.0008 39322
16.004 39324
16.0071 39326
16.0103 39328
16.0134 39330
16.0166 39332
16.0197 39334
16.0229 39336
16.0261 39338
16.0292 39340
16.0324 39342
16.0355 39344
16.0387 39346
16.0418 39348
16.045 39350
16.0481 39352
16.0513 39354
16.0544 39356
16.0576 39358
16.0607 39360
16.0639 39362
16.067 39364
16.0702 39366
16.0733 39368
16.0765 39370
16.0796 39372
16.0828 39374
16.0859 39376
16.0891 39378
16.0922 39380
16.0954 39382
16.0985 39384
16.1017 39386
16.1049 39388
16.108 39390
16.1112 39392
16.1143 39394
16.1175 39396
16.1206 39398
16.1238 39400
16.1269 39402
16.1301 39404
16.1332 39406
16.1364 39408
16.1395 39410
16.1427 39412
16.1458 39414
16.149 39416
16.1521 39418
16.1553 39420
16.1584 39422
16.1616 39424
16.1647 39426
16.1679 39428
16.171 39430
16.1742 39432
16.1773 39434
16.1805 39436
16.1837 39438
16.1868 39440
16.19 39442
16.1931 39444
16.1963 39446
16.1994 39448
16.2026 39450
16.2057 39452
16.2089 39454
16.212 39456
16.2152 39458
16.2183 39460
16.2215 39462
16.2246 39464
16.2278 39466
16.2309 39468
16.2341 39470
16.2372 39472
16.2404 39474
16.2435 39476
16.2467 39478
16.2498 39480
16.253 39482
16.2561 39484
16.2593 39486
16.2625 39488
16.2656 39490
16.2688 39492
16.2719 39494
16.2751 39496
16.2782 39498
16.2814 39500
16.2845 39502
16.2877 39504
16.2908 39506
16.294 39508
16.2971 39510
16.3003 39512
16.3034 39514
16.3066 39516
16.3097 39518
16.3129 39520
16.316 39522
16.3192 39524
16.3223 39526
16.3255 39528
16.3286 39530
16.3318 39532
16.3349 39534
16.3381 39536
16.3413 39538
16.3444 39540
16.3476 39542
16.3507 39544
16.3539 39546
16.357 39548
16.3602 39550
16.3633 39552
16.3665 39554
16.3696 39556
16.3728 39558
16.3759 39560
16.3791 39562
16.3822 39564
16.3854 39566
16.3885 39568
16.3917 39570
16.3948 39572
16.398 39574
16.4011 39576
16.4043 39578
16.4074 39580
16.4106 39582
16.4137 39584
16.4169 39586
16.4201 39588
16.4232 39590
16.4264 39592
16.4295 39594
16.4327 39596
16.4358 39598
16.439 39600
16.4421 39602
16.4453 39604
16.4484 39606
16.4516 39608
16.4547 39610
16.4579 39612
16.461 39614
16.4642 39616
16.4673 39618
16.4705 39620
16.4736 39622
16.4768 39624
16.4799 39626
16.4831 39628
16.4862 39630
16.4894 39632
16.4925 39634
16.4957 39636
16.4989 39638
16.502 39640
16.5052 39642
16.5083 39644
16.5115 39646
16.5146 39648
16.5178 39650
16.5209 39652
16.5241 39654
16.5272 39656
16.5304 39658
16.5335 39660
16.5367 39662
16.5398 39664
16.543 39666
16.5461 39668
16.5493 39670
16.5524 39672
16.5556 39674
16.5587 39676
16.5619 39678
16.565 39680
16.5682 39682
16.5713 39684
16.5745 39686
16.5777 39688
16.5808 39690
16.584 39692
16.5871 39694
16.5903 39696
16.5934 39698
16.5966 39700
16.5997 39702
16.6029 39704
16.606 39706
16.6092 39708
16.6123 39710
16.6155 39712
16.6186 39714
16.6218 39716
16.6249 39718
16.6281 39720
16.6312 39722
16.6344 39724
16.6375 39726
16.6407 39728
16.6438 39730
16.647 39732
16.6501 39734
16.6533 39736
16.6565 39738
16.6596 39740
16.6628 39742
16.6659 39744
16.6691 39746
16.6722 39748
16.6754 39750
16.6785 39752
16.6817 39754
16.6848 39756
16.688 39758
16.6911 39760
16.6943 39762
16.6974 39764
16.7006 39766
16.7037 39768
16.7069 39770
16.71 39772
16.7132 39774
16.7163 39776
16.7195 39778
16.7226 39780
16.7258 39782
16.7289 39784
16.7321 39786
16.7353 39788
16.7384 39790
16.7416 39792
16.7447 39794
16.7479 39796
16.751 39798
16.7542 39800
16.7573 39802
16.7605 39804
16.7636 39806
16.7668 39808
16.7699 39810
16.7731 39812
16.7762 39814
16.7794 39816
16.7825 39818
16.7857 39820
16.7888 39822
16.792 39824
16.7951 39826
16.7983 39828
16.8014 39830
16.8046 39832
16.8077 39834
16.8109 39836
16.8141 39838
16.8172 39840
16.8204 39842
16.8235 39844
16.8267 39846
16.8298 39848
16.833 39850
16.8361 39852
16.8393 39854
16.8424 39856
16.8456 39858
16.8487 39860
16.8519 39862
16.855 39864
16.8582 39866
16.8613 39868
16.8645 39870
16.8676 39872
16.8708 39874
16.8739 39876
16.8771 39878
16.8802 39880
16.8834 39882
16.8865 39884
16.8897 39886
16.8929 39888
16.896 39890
16.8992 39892
16.9023 39894
16.9055 39896
16.9086 39898
16.9118 39900
16.9149 39902
16.9181 39904
16.9212 39906
16.9244 39908
16.9275 39910
16.9307 39912
16.9338 39914
16.937 39916
16.9401 39918
16.9433 39920
16.9464 39922
16.9496 39924
16.9527 39926
16.9559 39928
16.959 39930
16.9622 39932
16.9653 39934
16.9685 39936
16.9717 39938
16.9748 39940
16.978 39942
16.9811 39944
16.9843 39946
16.9874 39948
16.9906 39950
16.9937 39952
16.9969 39954
17 39956
17.0032 39958
17.0063 39960
17.0095 39962
17.0126 39964
17.0158 39966
17.0189 39968
17.0221 39970
17.0252 39972
17.0284 39974
17.0315 39976
17.0347 39978
17.0378 39980
17.041 39982
17.0441 39984
17.0473 39986
17.0505 39988
17.0536 39990
17.0568 39992
17.0599 39994
17.0631 39996
17.0662 39998
17.0694 40000
17.0725 40002
17.0757 40004
17.0788 40006
17.082 40008
17.0851 40010
17.0883 40012
17.0914 40014
17.0946 40016
17.0977 40018
17.1009 40020
17.104 40022
17.1072 40024
17.1103 40026
17.1135 40028
17.1166 40030
17.1198 40032
17.1229 40034
17.1261 40036
17.1293 40038
17.1324 40040
17.1356 40042
17.1387 40044
17.1419 40046
17.145 40048
17.1482 40050
17.1513 40052
17.1545 40054
17.1576 40056
17.1608 40058
17.1639 40060
17.1671 40062
17.1702 40064
17.1734 40066
17.1765 40068
17.1797 40070
17.1828 40072
17.186 40074
17.1891 40076
17.1923 40078
17.1954 40080
17.1986 40082
17.2017 40084
17.2049 40086
17.2081 40088
17.2112 40090
17.2144 40092
17.2175 40094
17.2207 40096
17.2238 40098
17.227 40100
17.2301 40102
17.2333 40104
17.2364 40106
17.2396 40108
17.2427 40110
17.2459 40112
17.249 40114
17.2522 40116
17.2553 40118
17.2585 40120
17.2616 40122
17.2648 40124
17.2679 40126
17.2711 40128
17.2742 40130
17.2774 40132
17.2805 40134
17.2837 40136
17.2869 40138
17.29 40140
17.2932 40142
17.2963 40144
17.2995 40146
17.3026 40148
17.3058 40150
17.3089 40152
17.3121 40154
17.3152 40156
17.3184 40158
17.3215 40160
17.3247 40162
17.3278 40164
17.331 40166
17.3341 40168
17.3373 40170
17.3404 40172
17.3436 40174
17.3467 40176
17.3499 40178
17.353 40180
17.3562 40182
17.3593 40184
17.3625 40186
17.3657 40188
17.3688 40190
17.372 40192
17.3751 40194
17.3783 40196
17.3814 40198
17.3846 40200
17.3877 40202
17.3909 40204
17.394 40206
17.3972 40208
17.4003 40210
17.4035 40212
17.4066 40214
17.4098 40216
17.4129 40218
17.4161 40220
17.4192 40222
17.4224 40224
17.4255 40226
17.4287 40228
17.4318 40230
17.435 40232
17.4381 40234
17.4413 40236
17.4445 40238
17.4476 40240
17.4508 40242
17.4539 40244
17.4571 40246
17.4602 40248
17.4634 40250
17.4665 40252
17.4697 40254
17.4728 40256
17.476 40258
17.4791 40260
17.4823 40262
17.4854 40264
17.4886 40266
17.4917 40268
17.4949 40270
17.498 40272
17.5012 40274
17.5043 40276
17.5075 40278
17.5106 40280
17.5138 40282
17.5169 40284
17.5201 40286
17.5233 40288
17.5264 40290
17.5296 40292
17.5327 40294
17.5359 40296
17.539 40298
17.5422 40300
17.5453 40302
17.5485 40304
17.5516 40306
17.5548 40308
17.5579 40310
17.5611 40312
17.5642 40314
17.5674 40316
17.5705 40318
17.5737 40320
17.5768 40322
17.58 40324
17.5831 40326
17.5863 40328
17.5894 40330
17.5926 40332
17.5957 40334
17.5989 40336
17.6021 40338
17.6052 40340
17.6084 40342
17.6115 40344
17.6147 40346
17.6178 40348
17.621 40350
17.6241 40352
17.6273 40354
17.6304 40356
17.6336 40358
17.6367 40360
17.6399 40362
17.643 40364
17.6462 40366
17.6493 40368
17.6525 40370
17.6556 40372
17.6588 40374
17.6619 40376
17.6651 40378
17.6682 40380
17.6714 40382
17.6745 40384
17.6777 40386
17.6809 40388
17.684 40390
17.6872 40392
17.6903 40394
17.6935 40396
17.6966 40398
17.6998 40400
17.7029 40402
17.7061 40404
17.7092 40406
17.7124 40408
17.7155 40410
17.7187 40412
17.7218 40414
17.725 40416
17.7281 40418
17.7313 40420
17.7344 40422
17.7376 40424
17.7407 40426
17.7439 40428
17.747 40430
17.7502 40432
17.7533 40434
17.7565 40436
17.7597 40438
17.7628 40440
17.766 40442
17.7691 40444
17.7723 40446
17.7754 40448
17.7786 40450
17.7817 40452
17.7849 40454
17.788 40456
17.7912 40458
17.7943 40460
17.7975 40462
17.8006 40464
17.8038 40466
17.8069 40468
17.8101 40470
17.8132 40472
17.8164 40474
17.8195 40476
17.8227 40478
17.8258 40480
17.829 40482
17.8321 40484
17.8353 40486
17.8385 40488
17.8416 40490
17.8448 40492
17.8479 40494
17.8511 40496
17.8542 40498
17.8574 40500
17.8605 40502
17.8637 40504
17.8668 40506
17.87 40508
17.8731 40510
17.8763 40512
17.8794 40514
17.8826 40516
17.8857 40518
17.8889 40520
17.892 40522
17.8952 40524
17.8983 40526
17.9015 40528
17.9046 40530
17.9078 40532
17.9109 40534
17.9141 40536
17.9173 40538
17.9204 40540
17.9236 40542
17.9267 40544
17.9299 40546
17.933 40548
17.9362 40550
17.9393 40552
17.9425 40554
17.9456 40556
17.9488 40558
17.9519 40560
17.9551 40562
17.9582 40564
17.9614 40566
17.9645 40568
17.9677 40570
17.9708 40572
17.974 40574
17.9771 40576
17.9803 40578
17.9834 40580
17.9866 40582
17.9897 40584
17.9929 40586
17.9961 40588
17.9992 40590
18.0024 40592
18.0055 40594
18.0087 40596
18.0118 40598
18.015 40600
18.0181 40602
18.0213 40604
18.0244 40606
18.0276 40608
18.0307 40610
18.0339 40612
18.037 40614
18.0402 40616
18.0433 40618
18.0465 40620
18.0496 40622
18.0528 40624
18.0559 40626
18.0591 40628
18.0622 40630
18.0654 40632
18.0685 40634
18.0717 40636
18.0749 40638
18.078 40640
18.0812 40642
18.0843 40644
18.0875 40646
18.0906 40648
18.0938 40650
18.0969 40652
18.1001 40654
18.1032 40656
18.1064 40658
18.1095 40660
18.1127 40662
18.1158 40664
18.119 40666
18.1221 40668
18.1253 40670
18.1284 40672
18.1316 40674
18.1347 40676
18.1379 40678
18.141 40680
18.1442 40682
18.1473 40684
18.1505 40686
18.1537 40688
18.1568 40690
18.16 40692
18.1631 40694
18.1663 40696
18.1694 40698
18.1726 40700
18.1757 40702
18.1789 40704
18.182 40706
18.1852 40708
18.1883 40710
18.1915 40712
18.1946 40714
18.1978 40716
18.2009 40718
18.2041 40720
18.2072 40722
18.2104 40724
18.2135 40726
18.2167 40728
18.2198 40730
18.223 40732
18.2261 40734
18.2293 40736
18.2325 40738
18.2356 40740
18.2388 40742
18.2419 40744
18.2451 40746
18.2482 40748
18.2514 40750
18.2545 40752
18.2577 40754
18.2608 40756
18.264 40758
18.2671 40760
18.2703 40762
18.2734 40764
18.2766 40766
18.2797 40768
18.2829 40770
18.286 40772
18.2892 40774
18.2923 40776
18.2955 40778
18.2986 40780
18.3018 40782
18.3049 40784
18.3081 40786
18.3113 40788
18.3144 40790
18.3176 40792
18.3207 40794
18.3239 40796
18.327 40798
18.3302 40800
18.3333 40802
18.3365 40804
18.3396 40806
18.3428 40808
18.3459 40810
18.3491 40812
18.3522 40814
18.3554 40816
18.3585 40818
18.3617 40820
18.3648 40822
18.368 40824
18.3711 40826
18.3743 40828
18.3774 40830
18.3806 40832
18.3837 40834
18.3869 40836
18.3901 40838
18.3932 40840
18.3964 40842
18.3995 40844
18.4027 40846
18.4058 40848
18.409 40850
18.4121 40852
18.4153 40854
18.4184 40856
18.4216 40858
18.4247 40860
18.4279 40862
18.431 40864
18.4342 40866
18.4373 40868
18.4405 40870
18.4436 40872
18.4468 40874
18.4499 40876
18.4531 40878
18.4562 40880
18.4594 40882
18.4625 40884
18.4657 40886
18.4689 40888
18.472 40890
18.4752 40892
18.4783 40894
18.4815 40896
18.4846 40898
18.4878 40900
18.4909 40902
18.4941 40904
18.4972 40906
18.5004 40908
18.5035 40910
18.5067 40912
18.5098 40914
18.513 40916
18.5161 40918
18.5193 40920
18.5224 40922
18.5256 40924
18.5287 40926
18.5319 40928
18.535 40930
18.5382 40932
18.5413 40934
18.5445 40936
18.5477 40938
18.5508 40940
18.554 40942
18.5571 40944
18.5603 40946
18.5634 40948
18.5666 40950
18.5697 40952
18.5729 40954
18.576 40956
18.5792 40958
18.5823 40960
18.5855 40962
18.5886 40964
18.5918 40966
18.5949 40968
18.5981 40970
18.6012 40972
18.6044 40974
18.6075 40976
18.6107 40978
18.6138 40980
18.617 40982
18.6201 40984
18.6233 40986
18.6265 40988
18.6296 40990
18.6328 40992
18.6359 40994
18.6391 40996
18.6422 40998
18.6454 41000
18.6485 41002
18.6517 41004
18.6548 41006
18.658 41008
18.6611 41010
18.6643 41012
18.6674 41014
18.6706 41016
18.6737 41018
18.6769 41020
18.68 41022
18.6832 41024
18.6863 41026
18.6895 41028
18.6926 41030
18.6958 41032
18.6989 41034
18.7021 41036
18.7053 41038
18.7084 41040
18.7116 41042
18.7147 41044
18.7179 41046
18.721 41048
18.7242 41050
18.7273 41052
18.7305 41054
18.7336 41056
18.7368 41058
18.7399 41060
18.7431 41062
18.7462 41064
18.7494 41066
18.7525 41068
18.7557 41070
18.7588 41072
18.762 41074
18.7651 41076
18.7683 41078
18.7714 41080
18.7746 41082
18.7777 41084
18.7809 41086
18.7841 41088
18.7872 41090
18.7904 41092
18.7935 41094
18.7967 41096
18.7998 41098
18.803 41100
18.8061 41102
18.8093 41104
18.8124 41106
18.8156 41108
18.8187 41110
18.8219 41112
18.825 41114
18.8282 41116
18.8313 41118
18.8345 41120
18.8376 41122
18.8408 41124
18.8439 41126
18.8471 41128
18.8502 41130
18.8534 41132
18.8565 41134
18.8597 41136
18.8629 41138
18.866 41140
18.8692 41142
18.8723 41144
18.8755 41146
18.8786 41148
18.8818 41150
18.8849 41152
18.8881 41154
18.8912 41156
18.8944 41158
18.8975 41160
18.9007 41162
18.9038 41164
18.907 41166
18.9101 41168
18.9133 41170
18.9164 41172
18.9196 41174
18.9227 41176
18.9259 41178
18.929 41180
18.9322 41182
18.9353 41184
18.9385 41186
18.9417 41188
18.9448 41190
18.948 41192
18.9511 41194
18.9543 41196
18.9574 41198
18.9606 41200
18.9637 41202
18.9669 41204
18.97 41206
18.9732 41208
18.9763 41210
18.9795 41212
18.9826 41214
18.9858 41216
18.9889 41218
18.9921 41220
18.9952 41222
18.9984 41224
19.0015 41226
19.0047 41228
19.0078 41230
19.011 41232
19.0141 41234
19.0173 41236
19.0205 41238
19.0236 41240
19.0268 41242
19.0299 41244
19.0331 41246
19.0362 41248
19.0394 41250
19.0425 41252
19.0457 41254
19.0488 41256
19.052 41258
19.0551 41260
19.0583 41262
19.0614 41264
19.0646 41266
19.0677 41268
19.0709 41270
19.074 41272
19.0772 41274
19.0803 41276
19.0835 41278
19.0866 41280
19.0898 41282
19.0929 41284
19.0961 41286
19.0993 41288
19.1024 41290
19.1056 41292
19.1087 41294
19.1119 41296
19.115 41298
19.1182 41300
19.1213 41302
19.1245 41304
19.1276 41306
19.1308 41308
19.1339 41310
19.1371 41312
19.1402 41314
19.1434 41316
19.1465 41318
19.1497 41320
19.1528 41322
19.156 41324
19.1591 41326
19.1623 41328
19.1654 41330
19.1686 41332
19.1717 41334
19.1749 41336
19.1781 41338
19.1812 41340
19.1844 41342
19.1875 41344
19.1907 41346
19.1938 41348
19.197 41350
19.2001 41352
19.2033 41354
19.2064 41356
19.2096 41358
19.2127 41360
19.2159 41362
19.219 41364
19.2222 41366
19.2253 41368
19.2285 41370
19.2316 41372
19.2348 41374
19.2379 41376
19.2411 41378
19.2442 41380
19.2474 41382
19.2505 41384
19.2537 41386
19.2569 41388
19.26 41390
19.2632 41392
19.2663 41394
19.2695 41396
19.2726 41398
19.2758 41400
19.2789 41402
19.2821 41404
19.2852 41406
19.2884 41408
19.2915 41410
19.2947 41412
19.2978 41414
19.301 41416
19.3041 41418
19.3073 41420
19.3104 41422
19.3136 41424
19.3167 41426
19.3199 41428
19.323 41430
19.3262 41432
19.3293 41434
19.3325 41436
19.3357 41438
19.3388 41440
19.342 41442
19.3451 41444
19.3483 41446
19.3514 41448
19.3546 41450
19.3577 41452
19.3609 41454
19.364 41456
19.3672 41458
19.3703 41460
19.3735 41462
19.3766 41464
19.3798 41466
19.3829 41468
19.3861 41470
19.3892 41472
19.3924 41474
19.3955 41476
19.3987 41478
19.4018 41480
19.405 41482
19.4081 41484
19.4113 41486
19.4145 41488
19.4176 41490
19.4208 41492
19.4239 41494
19.4271 41496
19.4302 41498
19.4334 41500
19.4365 41502
19.4397 41504
19.4428 41506
19.446 41508
19.4491 41510
19.4523 41512
19.4554 41514
19.4586 41516
19.4617 41518
19.4649 41520
19.468 41522
19.4712 41524
19.4743 41526
19.4775 41528
19.4806 41530
19.4838 41532
19.4869 41534
19.4901 41536
19.4933 41538
19.4964 41540
19.4996 41542
19.5027 41544
19.5059 41546
19.509 41548
19.5122 41550
19.5153 41552
19.5185 41554
19.5216 41556
19.5248 41558
19.5279 41560
19.5311 41562
19.5342 41564
19.5374 41566
19.5405 41568
19.5437 41570
19.5468 41572
19.55 41574
19.5531 41576
19.5563 41578
19.5594 41580
19.5626 41582
19.5657 41584
19.5689 41586
19.5721 41588
19.5752 41590
19.5784 41592
19.5815 41594
19.5847 41596
19.5878 41598
19.591 41600
19.5941 41602
19.5973 41604
19.6004 41606
19.6036 41608
19.6067 41610
19.6099 41612
19.613 41614
19.6162 41616
19.6193 41618
19.6225 41620
19.6256 41622
19.6288 41624
19.6319 41626
19.6351 41628
19.6382 41630
19.6414 41632
19.6445 41634
19.6477 41636
19.6509 41638
19.654 41640
19.6572 41642
19.6603 41644
19.6635 41646
19.6666 41648
19.6698 41650
19.6729 41652
19.6761 41654
19.6792 41656
19.6824 41658
19.6855 41660
19.6887 41662
19.6918 41664
19.695 41666
19.6981 41668
19.7013 41670
19.7044 41672
19.7076 41674
19.7107 41676
19.7139 41678
19.717 41680
19.7202 41682
19.7233 41684
19.7265 41686
19.7297 41688
19.7328 41690
19.736 41692
19.7391 41694
19.7423 41696
19.7454 41698
19.7486 41700
19.7517 41702
19.7549 41704
19.758 41706
19.7612 41708
19.7643 41710
19.7675 41712
19.7706 41714
19.7738 41716
19.7769 41718
19.7801 41720
19.7832 41722
19.7864 41724
19.7895 41726
19.7927 41728
19.7958 41730
19.799 41732
19.8021 41734
19.8053 41736
19.8085 41738
19.8116 41740
19.8148 41742
19.8179 41744
19.8211 41746
19.8242 41748
19.8274 41750
19.8305 41752
19.8337 41754
19.8368 41756
19.84 41758
19.8431 41760
19.8463 41762
19.8494 41764
19.8526 41766
19.8557 41768
19.8589 41770
19.862 41772
19.8652 41774
19.8683 41776
19.8715 41778
19.8746 41780
19.8778 41782
19.8809 41784
19.8841 41786
19.8873 41788
19.8904 41790
19.8936 41792
19.8967 41794
19.8999 41796
19.903 41798
19.9062 41800
19.9093 41802
19.9125 41804
19.9156 41806
19.9188 41808
19.9219 41810
19.9251 41812
19.9282 41814
19.9314 41816
19.9345 41818
19.9377 41820
19.9408 41822
19.944 41824
19.9471 41826
19.9503 41828
19.9534 41830
19.9566 41832
19.9597 41834
19.9629 41836
19.9661 41838
19.9692 41840
19.9724 41842
19.9755 41844
19.9787 41846
19.9818 41848
19.985 41850
19.9881 41852
19.9913 41854
19.9944 41856
19.9976 41858
20.0007 41860
20.0039 41862
20.007 41864
20.0102 41866
20.0133 41868
20.0165 41870
20.0196 41872
20.0228 41874
20.0259 41876
20.0291 41878
20.0322 41880
20.0354 41882
20.0385 41884
20.0417 41886
20.0449 41888
20.048 41890
20.0512 41892
20.0543 41894
20.0575 41896
20.0606 41898
20.0638 41900
20.0669 41902
20.0701 41904
20.0732 41906
20.0764 41908
20.0795 41910
20.0827 41912
20.0858 41914
20.089 41916
20.0921 41918
20.0953 41920
20.0984 41922
