0.0905768 1
0.18279 341
0.276537 1021
0.370283 1701
0.462454 2381
0.465606 3061
0.5562 3741
0.559352 4421
0.562504 5101
0.649946 5781
0.653098 6461
0.65625 7141
0.659402 7821
0.742117 8501
0.745269 9181
0.748421 9861
0.751573 10541
0.754725 11221
0.757877 11901
0.834287 12581
0.837439 13261
0.840591 13941
0.843743 14621
0.846895 15301
0.850047 15981
0.926458 16661
0.92961 17341
0.932762 18021
0.935914 18701
0.939066 19381
0.942218 20061
1.01863 20741
1.02178 21421
1.02493 22101
1.02808 22781
1.03124 23461
1.03439 24141
1.1108 24821
1.11395 25501
1.1171 26181
1.12025 26861
1.12341 27541
1.12656 28221
1.20297 28901
1.20612 29581
1.20927 30261
1.21242 30941
1.21558 31621
1.21873 32301
1.29514 32981
1.29829 33661
1.30144 34341
1.3046 35021
1.30775 35701
1.3109 36381
1.38731 37061
1.39046 37741
1.39361 38421
1.39677 39101
1.39992 39781
1.40307 40461
1.47948 41141
1.48263 41821
1.48578 42501
1.48894 43181
1.49209 43861
1.49524 44541
1.57165 45221
1.5748 45901
1.57795 46581
1.58111 47261
1.58426 47941
1.58741 48621
1.66382 49301
1.66697 49981
1.67012 50661
1.67328 51341
1.67643 52021
1.67958 52701
1.75599 53381
1.75914 54061
1.7623 54741
1.76545 55421
1.7686 56101
1.77175 56781
1.84816 57461
1.85131 58141
1.85447 58821
1.85762 59501
1.86077 60181
1.86392 60861
1.94033 61541
1.94348 62221
1.94664 62901
1.94979 63581
1.95294 64261
1.95609 64941
2.0325 65621
2.03565 66301
2.03881 66981
2.04196 67661
2.04511 68341
2.04826 69021
2.12467 69701
2.12782 70381
2.13098 71061
2.13413 71741
2.13728 72421
2.14043 73101
2.21684 73781
2.22 74461
2.22315 75141
2.2263 75821
2.22945 76501
2.2326 77181
2.30901 77861
2.31217 78541
2.31532 79221
2.31847 79901
2.32162 80581
2.32477 81261
2.40118 81941
2.40434 82621
2.40749 83301
2.41064 83981
2.41379 84661
2.41694 85341
2.49335 86021
2.49651 86701
2.49966 87381
2.50281 88061
2.50596 88741
2.50911 89421
2.58552 90101
2.58868 90781
2.59183 91461
2.59498 92141
2.59813 92821
2.60128 93501
2.6777 94181
2.68085 94861
2.684 95541
2.68715 96221
2.6903 96901
2.69346 97581
2.76987 98261
2.77302 98941
2.77617 99621
2.77932 100301
2.78247 100981
2.78563 101661
2.86204 102341
2.86519 103021
2.86834 103701
2.87149 104381
2.87464 105061
2.8778 105741
2.95421 106421
2.95736 107101
2.96051 107781
2.96366 108461
2.96681 109141
2.96997 109821
3.04638 110501
3.04953 111181
3.05268 111861
3.05583 112541
3.05898 113221
3.06214 113901
3.13855 114581
3.1417 115261
3.14485 115941
3.148 116621
3.15116 117301
3.15431 117981
3.23072 118661
3.23387 119341
3.23702 120021
3.24017 120701
3.24333 121381
3.24648 122061
3.32289 122741
3.32604 123421
3.32919 124101
3.33234 124781
3.3355 125461
3.33865 126141
3.41506 126821
3.41821 127501
3.42136 128181
3.42451 128861
3.42767 129541
3.43082 130221
3.50723 130901
3.51038 131581
3.51353 132261
3.51668 132941
3.51984 133621
3.52299 134301
3.5994 134981
3.60255 135661
3.6057 136341
3.60886 137021
3.61201 137701
3.61516 138381
3.69157 139061
3.69472 139741
3.69787 140421
3.70103 141101
3.70418 141781
3.70733 142461
3.78374 143141
3.78689 143821
3.79004 144501
3.7932 145181
3.79635 145861
3.7995 146541
3.87591 147221
3.87906 147901
3.88221 148581
3.88537 149261
3.88852 149941
3.89167 150621
3.96808 151301
3.97123 151981
3.97438 152661
3.97754 153341
3.98069 154021
3.98384 154701
4.06025 155381
4.0634 156061
4.06656 156741
4.06971 157421
4.07286 158101
4.07601 158781
4.15242 159461
4.15557 160141
4.15873 160821
4.16188 161501
4.16503 162181
4.16818 162861
4.24459 163541
4.24774 164221
4.2509 164901
4.25405 165581
4.2572 166261
4.26035 166941
4.33676 167621
4.33991 168301
4.34307 168981
4.34622 169661
4.34937 170341
4.35252 171021
4.42893 171701
4.43208 172381
4.43524 173061
4.43839 173741
4.44154 174421
4.44469 175101
4.5211 175781
4.52426 176461
4.52741 177141
4.53056 177821
4.53371 178501
4.53686 179181
4.61327 179861
4.61643 180541
4.61958 181221
4.62273 181901
4.62588 182581
4.62903 183261
4.70544 183941
4.7086 184621
4.71175 185301
4.7149 185981
4.71805 186661
4.7212 187341
4.79761 188021
4.80077 188701
4.80392 189381
4.80707 190061
4.81022 190741
4.81337 191421
4.88978 192101
4.89294 192781
4.89609 193461
4.89924 194141
4.90239 194821
4.90554 195501
4.98196 196181
4.98511 196861
4.98826 197541
4.99141 198221
4.99456 198901
4.99772 199581
5.07413 200261
5.07728 200941
5.08043 201621
5.08358 202301
5.08673 202981
5.08989 203661
5.1663 204341
5.16945 205021
5.1726 205701
5.17575 206381
5.1789 207061
5.18206 207741
5.25847 208421
5.26162 209101
5.26477 209781
5.26792 210461
5.27107 211141
5.27423 211821
5.35064 212501
5.35379 213181
5.35694 213861
5.36009 214541
5.36324 215221
5.3664 215901
5.44281 216581
5.44596 217261
5.44911 217941
5.45226 218621
5.45542 219301
5.45857 219981
5.53498 220661
5.53813 221341
5.54128 222021
5.54443 222701
5.54759 223381
5.55074 224061
5.62715 224741
5.6303 225421
5.63345 226101
5.6366 226781
5.63976 227461
5.64291 228141
5.71932 228821
5.72247 229501
5.72562 230181
5.72877 230861
5.73193 231541
5.73508 232221
5.81149 232901
5.81464 233581
5.81779 234261
5.82094 234941
5.8241 235621
5.82725 236301
5.90366 236981
5.90681 237661
5.90996 238341
5.91312 239021
5.91627 239701
5.91942 240381
5.99583 241061
5.99898 241741
6.00213 242421
6.00529 243101
6.00844 243781
6.01159 244461
6.088 245141
6.09115 245821
6.0943 246501
6.09746 247181
6.10061 247861
6.10376 248541
6.18017 249221
6.18332 249901
6.18647 250581
6.18963 251261
6.19278 251941
6.19593 252621
6.27234 253301
6.27549 253981
6.27864 254661
6.2818 255341
6.28495 256021
6.2881 256701
6.36451 257381
6.36766 258061
6.37082 258741
6.37397 259421
6.37712 260101
6.38027 260781
6.45668 261461
6.45983 262141
6.46299 262821
6.46614 263501
6.46929 264181
6.47244 264861
6.54885 265541
6.552 266221
6.55516 266901
6.55831 267581
6.56146 268261
6.56461 268941
6.64102 269621
6.64417 270301
6.64733 270981
6.65048 271661
6.65363 272341
6.65678 273021
6.73319 273701
6.73634 274381
6.7395 275061
6.74265 275741
6.7458 276421
6.74895 277101
6.82536 277781
6.82852 278461
6.83167 279141
6.83482 279821
6.83797 280501
6.84112 281181
6.91753 281861
6.92069 282541
6.92384 283221
6.92699 283901
6.93014 284581
6.93329 285261
7.0097 285941
7.01286 286621
7.01601 287301
7.01916 287981
7.02231 288661
7.02546 289341
7.10187 290021
7.10503 290701
7.10818 291381
7.11133 292061
7.11448 292741
7.11763 293421
7.19404 294101
7.1972 294781
7.20035 295461
7.2035 296141
7.20665 296821
7.2098 297501
7.28622 298181
7.28937 298861
7.29252 299541
7.29567 300221
7.29882 300901
7.30198 301581
7.37839 302261
7.38154 302941
7.38469 303621
7.38784 304301
7.39099 304981
7.39415 305661
7.47056 306341
7.47371 307021
7.47686 307701
7.48001 308381
7.48316 309061
7.48632 309741
7.56273 310421
7.56588 311101
7.56903 311781
7.57218 312461
7.57533 313141
7.57849 313821
7.6549 314501
7.65805 315181
7.6612 315861
7.66435 316541
7.6675 317221
7.67066 317901
7.74707 318581
7.75022 319261
7.75337 319941
7.75652 320621
7.75968 321301
7.76283 321981
7.83924 322661
7.84239 323341
7.84554 324021
7.84869 324701
7.85185 325381
7.855 326061
7.93141 326741
7.93456 327421
7.93771 328101
7.94086 328781
7.94402 329461
7.94717 330141
8.02358 330821
8.02673 331501
8.02988 332181
8.03303 332861
8.03619 333541
8.03934 334221
8.11575 334901
8.1189 335581
8.12205 336261
8.1252 336941
8.12836 337621
8.13151 338301
8.20792 338981
8.21107 339661
8.21422 340341
8.21738 341021
8.22053 341701
8.22368 342381
8.30009 343061
8.30324 343741
8.30639 344421
8.30955 345101
8.3127 345781
8.31585 346461
8.39226 347141
8.39541 347821
8.39856 348501
8.40172 349181
8.40487 349861
8.40802 350541
8.48443 351221
8.48758 351901
8.49073 352581
8.49389 353261
8.49704 353941
8.50019 354621
8.5766 355301
8.57975 355981
8.5829 356661
8.58606 357341
8.58921 358021
8.59236 358701
8.66877 359381
8.67192 360061
8.67508 360741
8.67823 361421
8.68138 362101
8.68453 362781
8.76094 363461
8.76409 364141
8.76725 364821
8.7704 365501
8.77355 366181
8.7767 366861
8.85311 367541
8.85626 368221
8.85942 368901
8.86257 369581
8.86572 370261
8.86887 370941
8.94528 371621
8.94843 372301
8.95159 372981
8.95474 373661
8.95789 374341
8.96104 375021
9.03745 375701
9.0406 376381
9.04376 377061
9.04691 377741
9.05006 378421
9.05321 379101
9.12962 379781
9.13277 380461
9.13593 381141
9.13908 381821
9.14223 382501
9.14538 383181
9.22179 383861
9.22495 384541
9.2281 385221
9.23125 385901
9.2344 386581
9.23755 387261
9.31396 387941
9.31712 388621
9.32027 389301
9.32342 389981
9.32657 390661
9.32972 391341
9.40613 392021
9.40929 392701
9.41244 393381
9.41559 394061
9.41874 394741
9.42189 395421
9.4983 396101
9.50146 396781
9.50461 397461
9.50776 398141
9.51091 398821
9.51406 399501
9.59047 400181
9.59363 400861
9.59678 401541
9.59993 402221
9.60308 402901
9.60623 403581
9.68265 404261
9.6858 404941
9.68895 405621
9.6921 406301
9.69525 406981
9.69841 407661
9.77482 408341
9.77797 409021
9.78112 409701
9.78427 410381
9.78742 411061
9.79058 411741
9.86699 412421
9.87014 413101
9.87329 413781
9.87644 414461
9.87959 415141
9.88275 415821
9.95916 416501
9.96231 417181
9.96546 417861
9.96861 418541
9.97176 419221
9.97492 419901
10.0513 420581
10.0545 421261
10.0576 421941
10.0608 422621
10.0639 423301
10.0671 423981
10.1435 424661
10.1466 425341
10.1498 426021
10.153 426701
10.1561 427381
10.1593 428061
10.2357 428741
10.2388 429421
10.242 430101
10.2451 430781
10.2483 431461
10.2514 432141
10.3278 432821
10.331 433501
10.3341 434181
10.3373 434861
10.3404 435541
10.3436 436221
10.42 436901
10.4232 437581
10.4263 438261
10.4295 438941
10.4326 439621
10.4358 440301
10.5122 440981
10.5153 441661
10.5185 442341
10.5216 443021
10.5248 443701
10.5279 444381
10.6043 445061
10.6075 445741
10.6107 446421
10.6138 447101
10.617 447781
10.6201 448461
10.6965 449141
10.6997 449821
10.7028 450501
10.706 451181
10.7091 451861
10.7123 452541
10.7887 453221
10.7918 453901
10.795 454581
10.7981 455261
10.8013 455941
10.8045 456621
10.8809 457301
10.884 457981
10.8872 458661
10.8903 459341
10.8935 460021
10.8966 460701
10.973 461381
10.9762 462061
10.9793 462741
10.9825 463421
10.9856 464101
10.9888 464781
11.0652 465461
11.0684 466141
11.0715 466821
11.0747 467501
11.0778 468181
11.081 468861
11.1574 469541
11.1605 470221
11.1637 470901
11.1668 471581
11.17 472261
11.1731 472941
11.2495 473621
11.2527 474301
11.2558 474981
11.259 475661
11.2622 476341
11.2653 477021
11.3417 477701
11.3449 478381
11.348 479061
11.3512 479741
11.3543 480421
11.3575 481101
11.4339 481781
11.437 482461
11.4402 483141
11.4433 483821
11.4465 484501
11.4496 485181
11.5261 485861
11.5292 486541
11.5324 487221
11.5355 487901
11.5387 488581
11.5418 489261
11.6182 489941
11.6214 490621
11.6245 491301
11.6277 491981
11.6308 492661
11.634 493341
11.7104 494021
11.7135 494701
11.7167 495381
11.7199 496061
11.723 496741
11.7262 497421
11.8026 498101
11.8057 498781
11.8089 499461
11.812 500141
11.8152 500821
11.8183 501501
11.8947 502181
11.8979 502861
11.901 503541
11.9042 504221
11.9073 504901
11.9105 505581
11.9869 506261
11.9901 506941
11.9932 507621
11.9964 508301
11.9995 508981
12.0027 509661
12.0791 510341
12.0822 511021
12.0854 511701
12.0885 512381
12.0917 513061
12.0948 513741
12.1712 514421
12.1744 515101
12.1776 515781
12.1807 516461
12.1839 517141
12.187 517821
12.2634 518501
12.2666 519181
12.2697 519861
12.2729 520541
12.276 521221
12.2792 521901
12.3556 522581
12.3587 523261
12.3619 523941
12.365 524621
12.3682 525301
12.3713 525981
12.4478 526661
12.4509 527341
12.4541 528021
12.4572 528701
12.4604 529381
12.4635 530061
12.5399 530741
12.5431 531421
12.5462 532101
12.5494 532781
12.5525 533461
12.5557 534141
12.6321 534821
12.6353 535501
12.6384 536181
12.6416 536861
12.6447 537541
12.6479 538221
12.7243 538901
12.7274 539581
12.7306 540261
12.7337 540941
12.7369 541621
12.74 542301
12.8164 542981
12.8196 543661
12.8227 544341
12.8259 545021
12.829 545701
12.8322 546381
12.9086 547061
12.9118 547741
12.9149 548421
12.9181 549101
12.9212 549781
12.9244 550461
13.0008 551141
13.0039 551821
13.0071 552501
13.0102 553181
13.0134 553861
13.0165 554541
13.093 555221
13.0961 555901
13.0993 556581
13.1024 557261
13.1056 557941
13.1087 558621
13.1851 559301
13.1883 559981
13.1914 560661
13.1946 561341
13.1977 562021
13.2009 562701
13.2773 563381
13.2804 564061
13.2836 564741
13.2867 565421
13.2899 566101
13.2931 566781
13.3695 567461
13.3726 568141
13.3758 568821
13.3789 569501
13.3821 570181
13.3852 570861
13.4616 571541
13.4648 572221
13.4679 572901
13.4711 573581
13.4742 574261
13.4774 574941
13.5538 575621
13.557 576301
13.5601 576981
13.5633 577661
13.5664 578341
13.5696 579021
13.646 579701
13.6491 580381
13.6523 581061
13.6554 581741
13.6586 582421
13.6617 583101
13.7381 583781
13.7413 584461
13.7444 585141
13.7476 585821
13.7508 586501
13.7539 587181
13.8303 587861
13.8335 588541
13.8366 589221
13.8398 589901
13.8429 590581
13.8461 591261
13.9225 591941
13.9256 592621
13.9288 593301
13.9319 593981
13.9351 594661
13.9382 595341
14.0147 596021
14.0178 596701
14.021 597381
14.0241 598061
14.0273 598741
14.0304 599421
14.1068 600101
14.11 600781
14.1131 601461
14.1163 602141
14.1194 602821
14.1226 603501
14.199 604181
14.2021 604861
14.2053 605541
14.2085 606221
14.2116 606901
14.2148 607581
14.2912 608261
14.2943 608941
14.2975 609621
14.3006 610301
14.3038 610981
14.3069 611661
14.3833 612341
14.3865 613021
14.3896 613701
14.3928 614381
14.3959 615061
14.3991 615741
14.4755 616421
14.4787 617101
14.4818 617781
14.485 618461
14.4881 619141
14.4913 619821
14.5677 620501
14.5708 621181
14.574 621861
14.5771 622541
14.5803 623221
14.5834 623901
14.6598 624581
14.663 625261
14.6662 625941
14.6693 626621
14.6725 627301
14.6756 627981
14.752 628661
14.7552 629341
14.7583 630021
14.7615 630701
14.7646 631381
14.7678 632061
14.8442 632741
14.8473 633421
14.8505 634101
14.8536 634781
14.8568 635461
14.8599 636141
14.9364 636821
14.9395 637501
14.9427 638181
14.9458 638861
14.949 639541
14.9521 640221
15.0285 640901
15.0317 641581
15.0348 642261
15.038 642941
15.0411 643621
15.0443 644301
15.1207 644981
15.1239 645661
15.127 646341
15.1302 647021
15.1333 647701
15.1365 648381
15.2129 649061
15.216 649741
15.2192 650421
15.2223 651101
15.2255 651781
15.2286 652461
15.305 653141
15.3082 653821
15.3113 654501
15.3145 655181
15.3176 655861
15.3208 656541
15.3972 657221
15.4004 657901
15.4035 658581
15.4067 659261
15.4098 659941
15.413 660621
15.4894 661301
15.4925 661981
15.4957 662661
15.4988 663341
15.502 664021
15.5051 664701
15.5816 665381
15.5847 666061
15.5879 666741
15.591 667421
15.5942 668101
15.5973 668781
15.6737 669461
15.6769 670141
15.68 670821
15.6832 671501
15.6863 672181
15.6895 672861
15.7659 673541
15.769 674221
15.7722 674901
15.7753 675581
15.7785 676261
15.7817 676941
15.8581 677621
15.8612 678301
15.8644 678981
15.8675 679661
15.8707 680341
15.8738 681021
15.9502 681701
15.9534 682381
15.9565 683061
15.9597 683741
15.9628 684421
15.966 685101
16.0424 685781
16.0456 686461
16.0487 687141
16.0519 687821
16.055 688501
16.0582 689181
16.1346 689861
16.1377 690541
16.1409 691221
16.144 691901
16.1472 692581
16.1503 693261
16.2267 693941
16.2299 694621
16.233 695301
16.2362 695981
16.2394 696661
16.2425 697341
16.3189 698021
16.3221 698701
16.3252 699381
16.3284 700061
16.3315 700741
16.3347 701421
16.4111 702101
16.4142 702781
16.4174 703461
16.4205 704141
16.4237 704821
16.4268 705501
16.5033 706181
16.5064 706861
16.5096 707541
16.5127 708221
16.5159 708901
16.519 709581
16.5954 710261
16.5986 710941
16.6017 711621
16.6049 712301
16.608 712981
16.6112 713661
16.6876 714341
16.6907 715021
16.6939 715701
16.6971 716381
16.7002 717061
16.7034 717741
16.7798 718421
16.7829 719101
16.7861 719781
16.7892 720461
16.7924 721141
16.7955 721821
16.8719 722501
16.8751 723181
16.8782 723861
16.8814 724541
16.8845 725221
16.8877 725901
16.9641 726581
16.9673 727261
16.9704 727941
16.9736 728621
16.9767 729301
16.9799 729981
17.0563 730661
17.0594 731341
17.0626 732021
17.0657 732701
17.0689 733381
17.072 734061
17.1484 734741
17.1516 735421
17.1548 736101
17.1579 736781
17.1611 737461
17.1642 738141
17.2406 738821
17.2438 739501
17.2469 740181
17.2501 740861
17.2532 741541
17.2564 742221
17.3328 742901
17.3359 743581
17.3391 744261
17.3422 744941
17.3454 745621
17.3485 746301
17.425 746981
17.4281 747661
17.4313 748341
17.4344 749021
17.4376 749701
17.4407 750381
17.5171 751061
17.5203 751741
17.5234 752421
17.5266 753101
17.5297 753781
17.5329 754461
17.6093 755141
17.6125 755821
17.6156 756501
17.6188 757181
17.6219 757861
17.6251 758541
17.7015 759221
17.7046 759901
17.7078 760581
17.7109 761261
17.7141 761941
17.7172 762621
17.7936 763301
17.7968 763981
17.7999 764661
17.8031 765341
17.8062 766021
17.8094 766701
17.8858 767381
17.889 768061
17.8921 768741
17.8953 769421
17.8984 770101
17.9016 770781
17.978 771461
17.9811 772141
17.9843 772821
17.9874 773501
17.9906 774181
17.9937 774861
18.0702 775541
18.0733 776221
18.0765 776901
18.0796 777581
18.0828 778261
18.0859 778941
18.1623 779621
18.1655 780301
18.1686 780981
18.1718 781661
18.1749 782341
18.1781 783021
18.2545 783701
18.2576 784381
18.2608 785061
18.2639 785741
18.2671 786421
18.2703 787101
18.3467 787781
18.3498 788461
18.353 789141
18.3561 789821
18.3593 790501
18.3624 791181
18.4388 791861
18.442 792541
18.4451 793221
18.4483 793901
18.4514 794581
18.4546 795261
18.531 795941
18.5342 796621
18.5373 797301
18.5405 797981
18.5436 798661
18.5468 799341
18.6232 800021
18.6263 800701
18.6295 801381
18.6326 802061
18.6358 802741
18.6389 803421
18.7153 804101
18.7185 804781
18.7216 805461
18.7248 806141
18.728 806821
18.7311 807501
18.8075 808181
18.8107 808861
18.8138 809541
18.817 810221
18.8201 810901
18.8233 811581
18.8997 812261
18.9028 812941
18.906 813621
18.9091 814301
18.9123 814981
18.9154 815661
18.9919 816341
18.995 817021
18.9982 817701
19.0013 818381
19.0045 819061
19.0076 819741
19.084 820421
19.0872 821101
19.0903 821781
19.0935 822461
19.0966 823141
19.0998 823821
19.1762 824501
19.1793 825181
19.1825 825861
19.1857 826541
19.1888 827221
19.192 827901
19.2684 828581
19.2715 829261
19.2747 829941
19.2778 830621
19.281 831301
19.2841 831981
19.3605 832661
19.3637 833341
19.3668 834021
19.37 834701
19.3731 835381
19.3763 836061
19.4527 836741
19.4559 837421
19.459 838101
19.4622 838781
19.4653 839461
19.4685 840141
19.5449 840821
19.548 841501
19.5512 842181
19.5543 842861
19.5575 843541
19.5606 844221
19.637 844901
19.6402 845581
19.6434 846261
19.6465 846941
19.6497 847621
19.6528 848301
19.7292 848981
19.7324 849661
19.7355 850341
19.7387 851021
19.7418 851701
19.745 852381
19.8214 853061
19.8245 853741
19.8277 854421
19.8308 855101
19.834 855781
19.8371 856461
19.9136 857141
19.9167 857821
19.9199 858501
19.923 859181
19.9262 859861
19.9293 860541
20.0057 861221
20.0089 861901
20.012 862581
20.0152 863261
20.0183 863941
20.0215 864621
20.0979 865301
