0.0 0
0.0905768 4294967295
0.18279 4294967295
0.276537 4294967295
0.370283 4294967295
0.462454 4294967295
0.465606 4294967295
0.5562 4294967295
0.559352 4294967295
0.562504 4294967295
0.649946 4294967295
0.653098 4294967295
0.65625 4294967295
0.659402 4294967295
0.742117 4294967295
0.745269 4294967295
0.748421 4294967295
0.751573 4294967295
0.754725 4294967295
0.757877 4294967295
0.834287 4294967295
0.837439 4294967295
0.840591 4294967295
0.843743 4294967295
0.846895 4294967295
0.850047 4294967295
0.853199 4294967295
0.856351 4294967295
0.859503 4294967295
0.926458 4294967295
0.92961 4294967295
0.932762 4294967295
0.935914 4294967295
0.939066 4294967295
0.942218 4294967295
0.94537 4294967295
0.948522 4294967295
0.951674 4294967295
0.954826 4294967295
0.957978 4294967295
0.96113 4294967295
0.964282 4294967295
0.967434 4294967295
1.0202 4294967295
1.02336 4294967295
1.02651 4294967295
1.02966 4294967295
1.03281 4294967295
1.03596 4294967295
1.03912 4294967295
1.04227 4294967295
1.04542 4294967295
1.04857 4294967295
1.05172 4294967295
1.05488 4294967295
1.05803 4294967295
1.06118 4294967295
1.06433 4294967295
1.06748 4294967295
1.07064 4294967295
1.07379 4294967295
1.07694 4294967295
1.08009 4294967295
1.08324 4294967295
1.11395 4294967295
1.1171 4294967295
1.12025 4294967295
1.12341 4294967295
1.12656 4294967295
1.12971 4294967295
1.13286 4294967295
1.13601 4294967295
1.13917 4294967295
1.14232 4294967295
1.14547 4294967295
1.14862 4294967295
1.15177 4294967295
1.15493 4294967295
1.15808 4294967295
1.16123 4294967295
1.16438 4294967295
1.16753 4294967295
1.17069 4294967295
1.17384 4294967295
1.17699 4294967295
1.18014 4294967295
1.18329 4294967295
1.18645 4294967295
1.1896 4294967295
1.19275 4294967295
1.1959 4294967295
1.19905 4294967295
1.20221 4294967295
1.20536 4294967295
1.20851 4294967295
1.21166 4294967295
1.21481 4294967295
1.21797 4294967295
1.22112 4294967295
1.22427 4294967295
1.22742 4294967295
1.23057 4294967295
1.23373 4294967295
1.23688 4294967295
1.24003 4294967295
1.24318 4294967295
1.24633 4294967295
1.24949 4294967295
1.25264 4294967295
1.25579 4294967295
1.25894 4294967295
1.26209 4294967295
1.26525 4294967295
1.2684 4294967295
1.27155 4294967295
1.2747 4294967295
1.27785 4294967295
1.28101 4294967295
1.28416 4294967295
1.28731 4294967295
1.29046 4294967295
1.29361 4294967295
1.29677 4294967295
1.29992 4294967295
1.30307 4294967295
1.30622 4294967295
1.30937 4294967295
1.31253 4294967295
1.31568 4294967295
1.31883 4294967295
1.32198 4294967295
1.32513 4294967295
1.32829 4294967295
1.33144 4294967295
1.33459 4294967295
1.33774 4294967295
1.34089 4294967295
1.34405 4294967295
1.3472 4294967295
1.35035 4294967295
1.3535 4294967295
1.35665 4294967295
1.35981 4294967295
1.36296 4294967295
1.36611 4294967295
1.36926 4294967295
1.37241 4294967295
1.37557 4294967295
1.37872 4294967295
1.38187 4294967295
1.38502 4294967295
1.38817 4294967295
1.39133 4294967295
1.39448 4294967295
1.39763 4294967295
1.40078 4294967295
1.40393 4294967295
1.40709 4294967295
1.41024 4294967295
1.41339 4294967295
1.41654 4294967295
1.41969 4294967295
1.42285 4294967295
1.426 4294967295
1.42915 4294967295
1.4323 4294967295
1.43545 4294967295
1.43861 4294967295
1.44176 4294967295
1.44491 4294967295
1.44806 4294967295
1.45121 4294967295
1.45437 4294967295
1.45752 4294967295
1.46067 4294967295
1.46382 4294967295
1.46697 4294967295
1.47013 4294967295
1.47328 4294967295
1.47643 4294967295
1.47958 4294967295
1.48273 4294967295
1.48589 4294967295
1.48904 4294967295
1.49219 4294967295
1.49534 4294967295
1.49849 4294967295
1.50165 4294967295
1.5048 4294967295
1.50795 4294967295
1.5111 4294967295
1.51425 4294967295
1.51741 4294967295
1.52056 4294967295
1.52371 4294967295
1.52686 4294967295
1.53001 4294967295
1.53317 4294967295
1.53632 4294967295
1.53947 4294967295
1.54262 4294967295
1.54577 4294967295
1.54893 4294967295
1.55208 4294967295
1.55523 4294967295
1.55838 4294967295
1.56153 4294967295
1.56469 4294967295
1.56784 4294967295
1.57099 4294967295
1.57414 4294967295
1.57729 4294967295
1.58045 4294967295
1.5836 4294967295
1.58675 4294967295
1.5899 4294967295
1.59305 4294967295
1.59621 4294967295
1.59936 4294967295
1.60251 4294967295
1.60566 4294967295
1.60881 4294967295
1.61197 4294967295
1.61512 4294967295
1.61827 4294967295
1.62142 4294967295
1.62457 4294967295
1.62773 4294967295
1.63088 4294967295
1.63403 4294967295
1.63718 4294967295
1.64033 4294967295
1.64349 4294967295
1.64664 4294967295
1.64979 4294967295
1.65294 4294967295
1.65609 4294967295
1.65925 4294967295
1.6624 4294967295
1.66555 4294967295
1.6687 4294967295
1.67185 4294967295
1.67501 4294967295
1.67816 4294967295
1.68131 4294967295
1.68446 4294967295
1.68761 4294967295
1.69077 4294967295
1.69392 4294967295
1.69707 4294967295
1.70022 4294967295
1.70337 4294967295
1.70653 4294967295
1.70968 4294967295
1.71283 4294967295
1.71598 4294967295
1.71913 4294967295
1.72229 4294967295
1.72544 4294967295
1.72859 4294967295
1.73174 4294967295
1.73489 4294967295
1.73805 4294967295
1.7412 4294967295
1.74435 4294967295
1.7475 4294967295
1.75065 4294967295
1.75381 4294967295
1.75696 4294967295
1.76011 4294967295
1.76326 4294967295
1.76641 4294967295
1.76957 4294967295
1.77272 4294967295
1.77587 4294967295
1.77902 4294967295
1.78217 4294967295
1.78533 4294967295
1.78848 4294967295
1.79163 4294967295
1.79478 4294967295
1.79793 4294967295
1.80109 4294967295
1.80424 4294967295
1.80739 4294967295
1.81054 4294967295
1.81369 4294967295
1.81685 4294967295
1.82 4294967295
1.82315 4294967295
1.8263 4294967295
1.82945 4294967295
1.83261 4294967295
1.83576 4294967295
1.83891 4294967295
1.84206 4294967295
1.84521 4294967295
1.84837 4294967295
1.85152 4294967295
1.85467 4294967295
1.85782 4294967295
1.86097 4294967295
1.86413 4294967295
1.86728 4294967295
1.87043 4294967295
1.87358 4294967295
1.87673 4294967295
1.87989 4294967295
1.88304 4294967295
1.88619 4294967295
1.88934 4294967295
1.89249 4294967295
1.89565 4294967295
1.8988 4294967295
1.90195 4294967295
1.9051 4294967295
1.90825 4294967295
1.91141 4294967295
1.91456 4294967295
1.91771 4294967295
1.92086 4294967295
1.92401 4294967295
1.92717 4294967295
1.93197 54400
1.93197 54400
2.74046 26860
2.74046 26860
3.03194 26860
3.03509 26860
3.03825 26860
3.0414 26860
3.04455 26860
3.0477 26860
3.05085 26860
3.05401 26860
3.05716 26860
3.06031 26860
3.06346 26860
3.06661 26860
3.06977 26860
3.07449 26860
3.07765 26860
3.0808 26860
3.08395 26860
3.0871 26860
3.09025 26860
3.09341 26860
3.09656 26860
3.09971 26860
3.10286 26860
3.10601 26860
3.10917 26860
3.11232 26860
3.11547 26860
3.11862 26860
3.12177 26860
3.12493 26860
3.12808 26860
3.13123 26860
3.13438 26860
3.13753 26860
3.14069 26860
3.14384 26860
3.14699 26860
3.15014 26860
3.15329 26860
3.15645 26860
3.1596 26860
3.16275 26860
3.1659 26860
3.16905 26860
3.17221 26860
3.17536 26860
3.17851 26860
3.18166 26860
3.18481 26860
3.18797 26860
3.19112 26860
3.19427 26860
3.19742 26860
3.20057 26860
3.20373 26860
3.20688 26860
3.21003 26860
3.21318 26860
3.21633 26860
3.21949 26860
3.22264 26860
3.22579 26860
3.22894 26860
3.23209 26860
3.23525 26860
3.2384 26860
3.24155 26860
3.2447 26860
3.24785 26860
3.25101 26860
3.25416 26860
3.25731 26860
3.26046 26860
3.26361 26860
3.26677 26860
3.26992 26860
3.27307 26860
3.27622 26860
3.27937 26860
3.28252 26860
3.28568 26860
3.28883 26860
3.29198 26860
3.29513 26860
3.29828 26860
3.30144 26860
3.30459 26860
3.30774 26860
3.31089 26860
3.31404 26860
3.3172 26860
3.32035 26860
3.3235 26860
3.32665 26860
3.3298 26860
3.33296 26860
3.33611 26860
3.33926 26860
3.34241 26860
3.34556 26860
3.34872 26860
3.35187 26860
3.35502 26860
3.35817 26860
3.36132 26860
3.36448 26860
3.36763 26860
3.37078 26860
3.37393 26860
3.37708 26860
3.38024 26860
3.38339 26860
3.38654 26860
3.38969 26860
3.39284 26860
3.396 26860
3.39915 26860
3.4023 26860
3.40545 26860
3.4086 26860
3.41176 26860
3.41491 26860
3.41806 26860
3.42121 26860
3.42436 26860
3.42752 26860
3.43067 26860
3.43382 26860
3.43697 26860
3.44012 26860
3.44328 26860
3.44643 26860
3.44958 26860
3.45273 26860
3.45588 26860
3.45904 26860
3.46219 26860
3.46534 26860
3.46849 26860
3.47164 26860
3.4748 26860
3.47795 26860
3.4811 26860
3.48425 26860
3.4874 26860
3.49056 26860
3.49371 26860
3.49686 26860
3.50001 26860
3.50316 26860
3.50632 26860
3.50947 26860
3.51262 26860
3.51577 26860
3.51892 26860
3.52208 26860
3.52523 26860
3.52838 26860
3.53153 26860
3.53468 26860
3.53784 26860
3.54099 26860
3.54414 26860
3.54729 26860
3.55044 26860
3.5536 26860
3.55675 26860
3.5599 26860
3.56305 26860
3.5662 26860
3.56936 26860
3.57251 26860
3.57566 26860
3.57881 26860
3.58196 26860
3.58512 26860
3.58827 26860
3.59142 26860
3.59457 26860
3.59772 26860
3.60088 26860
3.60403 26860
3.60718 26860
3.61033 26860
3.61348 26860
3.61664 26860
3.61979 26860
3.62294 26860
3.62609 26860
3.62924 26860
3.6324 26860
3.63555 26860
3.6387 26860
3.64185 26860
3.645 26860
3.64816 26860
3.65131 26860
3.65446 26860
3.65761 26860
3.66076 26860
3.66392 26860
3.66707 26860
3.67022 26860
3.67337 26860
3.67652 26860
3.67968 26860
3.68283 26860
3.68598 26860
3.68913 26860
3.69228 26860
3.69544 26860
3.69859 26860
3.70174 26860
3.70489 26860
3.70804 26860
3.7112 26860
3.71435 26860
3.7175 26860
3.72065 26860
3.7238 26860
3.72696 26860
3.73011 26860
3.73326 26860
3.73641 26860
3.73956 26860
3.74272 26860
3.74587 26860
3.74902 26860
3.75217 26860
3.75532 26860
3.75848 26860
3.76163 26860
3.76478 26860
3.76793 26860
3.77108 26860
3.77424 26860
3.77739 26860
3.78054 26860
3.78369 26860
3.78684 26860
3.79 26860
3.79315 26860
3.7963 26860
3.79945 26860
3.8026 26860
3.80576 26860
3.80891 26860
3.81206 26860
3.81521 26860
3.81836 26860
3.82152 26860
3.82467 26860
3.82782 26860
3.83097 26860
3.83412 26860
3.83728 26860
3.84043 26860
3.84358 26860
3.84673 26860
3.84988 26860
3.85304 26860
3.85619 26860
3.85934 26860
3.86249 26860
3.86564 26860
3.8688 26860
3.87195 26860
3.8751 26860
3.87825 26860
3.8814 26860
3.88456 26860
3.88771 26860
3.89086 26860
3.89401 26860
3.89716 26860
3.90032 26860
3.90347 26860
3.90662 26860
3.90977 26860
3.91292 26860
3.91608 26860
3.91923 26860
3.92238 26860
3.92553 26860
3.92868 26860
3.93184 26860
3.93499 26860
3.93814 26860
3.94129 26860
3.94444 26860
3.9476 26860
3.95075 26860
3.9539 26860
3.95705 26860
3.9602 26860
3.96336 26860
3.96651 26860
3.96966 26860
3.97281 26860
3.97596 26860
3.97912 26860
3.98227 26860
3.98542 26860
3.98857 26860
3.99172 26860
3.99488 26860
3.99803 26860
4.00118 26860
4.00433 26860
4.00748 26860
4.01064 26860
4.01379 26860
4.01694 26860
4.02009 26860
4.02324 26860
4.0264 26860
4.02955 26860
4.0327 26860
4.03585 26860
4.039 26860
4.04216 26860
4.04531 26860
4.04846 26860
4.05161 26860
4.05476 26860
4.05792 26860
4.06107 26860
4.06422 26860
4.06737 26860
4.07052 26860
4.07368 26860
4.07683 26860
4.07998 26860
4.08313 26860
4.08628 26860
4.08944 26860
4.09259 26860
4.09574 26860
4.09889 26860
4.10204 26860
4.1052 26860
4.10835 26860
4.1115 26860
4.11465 26860
4.1178 26860
4.12096 26860
4.12411 26860
4.12726 26860
4.13041 26860
4.13356 26860
4.13672 26860
4.13987 26860
4.14302 26860
4.14617 26860
4.14932 26860
4.15248 26860
4.15563 26860
4.15878 26860
4.16193 26860
4.16508 26860
4.16824 26860
4.17139 26860
4.17454 26860
4.17769 26860
4.18084 26860
4.184 26860
4.18715 26860
4.1903 26860
4.19345 26860
4.1966 26860
4.19976 26860
4.20291 26860
4.20606 26860
4.20921 26860
4.21236 26860
4.21552 26860
4.21867 26860
4.22182 26860
4.22497 26860
4.22812 26860
4.23128 26860
4.23443 26860
4.23758 26860
4.24073 26860
4.24388 26860
4.24704 26860
4.25019 26860
4.25334 26860
4.25649 26860
4.25964 26860
4.2628 26860
4.26595 26860
4.2691 26860
4.27225 26860
4.2754 26860
4.27856 26860
4.28171 26860
4.28486 26860
4.28801 26860
4.29116 26860
4.29432 26860
4.29747 26860
4.30062 26860
4.30377 26860
4.30692 26860
4.31008 26860
4.31323 26860
4.31638 26860
4.31953 26860
4.32268 26860
4.32584 26860
4.32899 26860
4.33214 26860
4.33529 26860
4.33844 26860
4.3416 26860
4.34475 26860
4.3479 26860
4.35105 26860
4.3542 26860
4.35736 26860
4.36051 26860
4.36366 26860
4.36681 26860
4.36996 26860
4.37312 26860
4.37627 26860
4.37942 26860
4.38257 26860
4.38572 26860
4.38888 26860
4.39203 26860
4.39518 26860
4.39833 26860
4.40148 26860
4.40464 26860
4.40779 26860
4.41094 26860
4.41409 26860
4.41724 26860
4.4204 26860
4.42355 26860
4.4267 26860
4.42985 26860
4.433 26860
4.43616 26860
4.43931 26860
4.44246 26860
4.44561 26860
4.44876 26860
4.45192 26860
4.45507 26860
4.45822 26860
4.46137 26860
4.46452 26860
4.46768 26860
4.47083 26860
4.47398 26860
4.47713 26860
4.48028 26860
4.48344 26860
4.48659 26860
4.48974 26860
4.49289 26860
4.49604 26860
4.4992 26860
4.50235 26860
4.5055 26860
4.50865 26860
4.5118 26860
4.51496 26860
4.51811 26860
4.52126 26860
4.52441 26860
4.52756 26860
4.53072 26860
4.53387 26860
4.53702 26860
4.54017 26860
4.54332 26860
4.54648 26860
4.54963 26860
4.55278 26860
4.55593 26860
4.55908 26860
4.56224 26860
4.56539 26860
4.56854 26860
4.57169 26860
4.57484 26860
4.578 26860
4.58115 26860
4.5843 26860
4.58745 26860
4.5906 26860
4.59376 26860
4.59691 26860
4.60006 26860
4.60321 26860
4.60636 26860
4.60952 26860
4.61267 26860
4.61582 26860
4.61897 26860
4.62212 26860
4.62528 26860
4.62843 26860
4.63158 26860
4.63473 26860
4.63788 26860
4.64104 26860
4.64419 26860
4.64734 26860
4.65049 26860
4.65364 26860
4.6568 26860
4.65995 26860
4.6631 26860
4.66625 26860
4.6694 26860
4.67256 26860
4.67571 26860
4.67886 26860
4.68201 26860
4.68516 26860
4.68832 26860
4.69147 26860
4.69462 26860
4.69777 26860
4.70092 26860
4.70408 26860
4.70723 26860
4.71038 26860
4.71353 26860
4.71668 26860
4.71984 26860
4.72299 26860
4.72614 26860
4.72929 26860
4.73244 26860
4.7356 26860
4.73875 26860
4.7419 26860
4.74505 26860
4.7482 26860
4.75136 26860
4.75451 26860
4.75766 26860
4.76081 26860
4.76396 26860
4.76712 26860
4.77027 26860
4.77342 26860
4.77657 26860
4.77972 26860
4.78288 26860
4.78603 26860
4.78918 26860
4.79233 26860
4.79548 26860
4.79864 26860
4.80179 26860
4.80494 26860
4.80809 26860
4.81124 26860
4.8144 26860
4.81755 26860
4.8207 26860
4.82385 26860
4.827 26860
4.83016 26860
4.83331 26860
4.83646 26860
4.83961 26860
4.84276 26860
4.84592 26860
4.84907 26860
4.85222 26860
4.85537 26860
4.85852 26860
4.86168 26860
4.86483 26860
4.86798 26860
4.87113 26860
4.87428 26860
4.87744 26860
4.88059 26860
4.88374 26860
4.88689 26860
4.89004 26860
4.8932 26860
4.89635 26860
4.8995 26860
4.90265 26860
4.9058 26860
4.90896 26860
4.91211 26860
4.91526 26860
4.91841 26860
4.92156 26860
4.92472 26860
4.92787 26860
4.93102 26860
4.93417 26860
4.93732 26860
4.94048 26860
4.94363 26860
4.94678 26860
4.94993 26860
4.95308 26860
4.95624 26860
4.95939 26860
4.96254 26860
4.96569 26860
4.96884 26860
4.972 26860
4.97515 26860
4.9783 26860
4.98145 26860
4.9846 26860
4.98776 26860
4.99091 26860
4.99406 26860
4.99721 26860
5.00036 26860
5.00352 26860
5.00667 26860
5.00982 26860
5.01297 26860
5.01612 26860
5.01928 26860
5.02243 26860
5.02558 26860
5.02873 26860
5.03188 26860
5.03504 26860
5.03819 26860
5.04134 26860
5.04449 26860
5.04764 26860
5.0508 26860
5.05395 26860
5.0571 26860
5.06025 26860
5.0634 26860
5.06656 26860
5.06971 26860
5.07286 26860
5.07601 26860
5.07916 26860
5.08232 26860
5.08547 26860
5.08862 26860
5.09177 26860
5.09492 26860
5.09808 26860
5.10123 26860
5.10438 26860
5.10753 26860
5.11068 26860
5.11384 26860
5.11699 26860
5.12014 26860
5.12329 26860
5.12644 26860
5.1296 26860
5.13275 26860
5.1359 26860
5.13905 26860
5.1422 26860
5.14536 26860
5.14851 26860
5.15166 26860
5.15481 26860
5.15796 26860
5.16112 26860
5.16427 26860
5.16742 26860
5.17057 26860
5.17372 26860
5.17688 26860
5.18003 26860
5.18318 26860
5.18633 26860
5.18948 26860
5.19264 26860
5.19579 26860
5.19894 26860
5.20209 26860
5.20524 26860
5.2084 26860
5.21155 26860
5.2147 26860
5.21785 26860
5.221 26860
5.22416 26860
5.22731 26860
5.23046 26860
5.23361 26860
5.23676 26860
5.23992 26860
5.24307 26860
5.24622 26860
5.24937 26860
5.25252 26860
5.25568 26860
5.25883 26860
5.26198 26860
5.26513 26860
5.26828 26860
5.27144 26860
5.27459 26860
5.27774 26860
5.28089 26860
5.28404 26860
5.2872 26860
5.29035 26860
5.2935 26860
5.29665 26860
5.2998 26860
5.30296 26860
5.30611 26860
5.30926 26860
5.31241 26860
5.31556 26860
5.31872 26860
5.32187 26860
5.32502 26860
5.32817 26860
5.33132 26860
5.33448 26860
5.33763 26860
5.34078 26860
5.34393 26860
5.34708 26860
5.35024 26860
5.35339 26860
5.35654 26860
5.35969 26860
5.36284 26860
5.366 26860
5.36915 26860
5.3723 26860
5.37545 26860
5.3786 26860
5.38176 26860
5.38491 26860
5.38806 26860
5.39121 26860
5.39436 26860
5.39752 26860
5.40067 26860
5.40382 26860
5.40697 26860
5.41012 26860
5.41328 26860
5.41643 26860
5.41958 26860
5.42273 26860
5.42588 26860
5.42904 26860
5.43219 26860
5.43534 26860
5.43849 26860
5.44164 26860
5.4448 26860
5.44795 26860
5.4511 26860
5.45425 26860
5.4574 26860
5.46056 26860
5.46371 26860
5.46686 26860
5.47001 26860
5.47316 26860
5.47632 26860
5.47947 26860
5.48262 26860
5.48577 26860
5.48892 26860
5.49208 26860
5.49523 26860
5.49838 26860
5.50153 26860
5.50468 26860
5.50784 26860
5.51099 26860
5.51414 26860
5.51729 26860
5.52044 26860
5.5236 26860
5.52675 26860
5.5299 26860
5.53305 26860
5.5362 26860
5.53936 26860
5.54251 26860
5.54566 26860
5.54881 26860
5.55196 26860
5.55512 26860
5.55827 26860
5.56142 26860
5.56457 26860
5.56772 26860
5.57088 26860
5.57403 26860
5.57718 26860
5.58033 26860
5.58348 26860
5.58664 26860
5.58979 26860
5.59294 26860
5.59609 26860
5.59924 26860
5.6024 26860
5.60555 26860
5.6087 26860
5.61185 26860
5.615 26860
5.61816 26860
5.62131 26860
5.62446 26860
5.62761 26860
5.63076 26860
5.63392 26860
5.63707 26860
5.64022 26860
5.64337 26860
5.64652 26860
5.64968 26860
5.65283 26860
5.65598 26860
5.65913 26860
5.66228 26860
5.66544 26860
5.66859 26860
5.67174 26860
5.67489 26860
5.67804 26860
5.6812 26860
5.68435 26860
5.6875 26860
5.69065 26860
5.6938 26860
5.69696 26860
5.70011 26860
5.70326 26860
5.70641 26860
5.70956 26860
5.71272 26860
5.71587 26860
5.71902 26860
5.72217 26860
5.72532 26860
5.72848 26860
5.73163 26860
5.73478 26860
5.73793 26860
5.74108 26860
5.74424 26860
5.74739 26860
5.75054 26860
5.75369 26860
5.75684 26860
5.76 26860
5.76315 26860
5.7663 26860
5.76945 26860
5.7726 26860
5.77576 26860
5.77891 26860
5.78206 26860
5.78521 26860
5.78836 26860
5.79152 26860
5.79467 26860
5.79782 26860
5.80097 26860
5.80412 26860
5.80728 26860
5.81043 26860
5.81358 26860
5.81673 26860
5.81988 26860
5.82304 26860
5.82619 26860
5.82934 26860
5.83249 26860
5.83564 26860
5.8388 26860
5.84195 26860
5.8451 26860
5.84825 26860
5.8514 26860
5.85456 26860
5.85771 26860
5.86086 26860
5.86401 26860
5.86716 26860
5.87032 26860
5.87347 26860
5.87662 26860
5.87977 26860
5.88292 26860
5.88608 26860
5.88923 26860
5.89238 26860
5.89553 26860
5.89868 26860
5.90184 26860
5.90499 26860
5.90814 26860
5.91129 26860
5.91444 26860
5.9176 26860
5.92075 26860
5.9239 26860
5.92705 26860
5.9302 26860
5.93336 26860
5.93651 26860
5.93966 26860
5.94281 26860
5.94596 26860
5.94912 26860
5.95227 26860
5.95542 26860
5.95857 26860
5.96172 26860
5.96488 26860
5.96803 26860
5.97118 26860
5.97433 26860
5.97748 26860
5.98064 26860
5.98379 26860
5.98694 26860
5.99009 26860
5.99324 26860
5.9964 26860
5.99955 26860
6.0027 26860
6.00585 26860
6.009 26860
6.01216 26860
6.01531 26860
6.01846 26860
6.02161 26860
6.02476 26860
6.02792 26860
6.03107 26860
6.03422 26860
6.03737 26860
6.04052 26860
6.04368 26860
6.04683 26860
6.04998 26860
6.05313 26860
6.05628 26860
6.05944 26860
6.06259 26860
6.06574 26860
6.06889 26860
6.07204 26860
6.0752 26860
6.07835 26860
6.0815 26860
6.08465 26860
6.0878 26860
6.09096 26860
6.09411 26860
6.09726 26860
6.10041 26860
6.10356 26860
6.10672 26860
6.10987 26860
6.11302 26860
6.11617 26860
6.11932 26860
6.12248 26860
6.12563 26860
6.12878 26860
6.13193 26860
6.13508 26860
6.13824 26860
6.14139 26860
6.14454 26860
6.14769 26860
6.15084 26860
6.154 26860
6.15715 26860
6.1603 26860
6.16345 26860
6.1666 26860
6.16976 26860
6.17291 26860
6.17606 26860
6.17921 26860
6.18236 26860
6.18552 26860
6.18867 26860
6.19182 26860
6.19497 26860
6.19812 26860
6.20128 26860
6.20443 26860
6.20758 26860
6.21073 26860
6.21388 26860
6.21704 26860
6.22019 26860
6.22334 26860
6.22649 26860
6.22964 26860
6.2328 26860
6.23595 26860
6.2391 26860
6.24225 26860
6.2454 26860
6.24856 26860
6.25171 26860
6.25486 26860
6.25801 26860
6.26116 26860
6.26432 26860
6.26747 26860
6.27062 26860
6.27377 26860
6.27692 26860
6.28008 26860
6.28323 26860
6.28638 26860
6.28953 26860
6.29268 26860
6.29584 26860
6.29899 26860
6.30214 26860
6.30529 26860
6.30844 26860
6.3116 26860
6.31475 26860
6.3179 26860
6.32105 26860
6.3242 26860
6.32736 26860
6.33051 26860
6.33366 26860
6.33681 26860
6.33996 26860
6.34312 26860
6.34627 26860
6.34942 26860
6.35257 26860
6.35572 26860
6.35888 26860
6.36203 26860
6.36518 26860
6.36833 26860
6.37148 26860
6.37464 26860
6.37779 26860
6.38094 26860
6.38409 26860
6.38724 26860
6.3904 26860
6.39355 26860
6.3967 26860
6.39985 26860
6.403 26860
6.40616 26860
6.40931 26860
6.41246 26860
6.41561 26860
6.41876 26860
6.42192 26860
6.42507 26860
6.42822 26860
6.43137 26860
6.43452 26860
6.43767 26860
6.44083 26860
6.44398 26860
6.44713 26860
6.45028 26860
6.45343 26860
6.45659 26860
6.45974 26860
6.46289 26860
6.46604 26860
6.46919 26860
6.47235 26860
6.4755 26860
6.47865 26860
6.4818 26860
6.48495 26860
6.48811 26860
6.49126 26860
6.49441 26860
6.49756 26860
6.50071 26860
6.50387 26860
6.50702 26860
6.51017 26860
6.51332 26860
6.51647 26860
6.51963 26860
6.52278 26860
6.52593 26860
6.52908 26860
6.53223 26860
6.53539 26860
6.53854 26860
6.54169 26860
6.54484 26860
6.54799 26860
6.55115 26860
6.5543 26860
6.55745 26860
6.5606 26860
6.56375 26860
6.56691 26860
6.57006 26860
6.57321 26860
6.57636 26860
6.57951 26860
6.58267 26860
6.58582 26860
6.58897 26860
6.59212 26860
6.59527 26860
6.59843 26860
6.60158 26860
6.60473 26860
6.60788 26860
6.61103 26860
6.61419 26860
6.61734 26860
6.62049 26860
6.62364 26860
6.62679 26860
6.62995 26860
6.6331 26860
6.63625 26860
6.6394 26860
6.64255 26860
6.64571 26860
6.64886 26860
6.65201 26860
6.65516 26860
6.65831 26860
6.66147 26860
6.66462 26860
6.66777 26860
6.67092 26860
6.67407 26860
6.67723 26860
6.68038 26860
6.68353 26860
6.68668 26860
6.68983 26860
6.69299 26860
6.69614 26860
6.69929 26860
6.70244 26860
6.70559 26860
6.70875 26860
6.7119 26860
6.71505 26860
6.7182 26860
6.72135 26860
6.72451 26860
6.72766 26860
6.73081 26860
6.73396 26860
6.73711 26860
6.74027 26860
6.74342 26860
6.74657 26860
6.74972 26860
6.75287 26860
6.75603 26860
6.75918 26860
6.76233 26860
6.76548 26860
6.76863 26860
6.77179 26860
6.77494 26860
6.77809 26860
6.78124 26860
6.78439 26860
6.78755 26860
6.7907 26860
6.79385 26860
6.797 26860
6.80015 26860
6.80331 26860
6.80646 26860
6.80961 26860
6.81276 26860
6.81591 26860
6.81907 26860
6.82222 26860
6.82537 26860
6.82852 26860
6.83167 26860
6.83483 26860
6.83798 26860
6.84113 26860
6.84428 26860
6.84743 26860
6.85059 26860
6.85374 26860
6.85689 26860
6.86004 26860
6.86319 26860
6.86635 26860
6.8695 26860
6.87265 26860
6.8758 26860
6.87895 26860
6.88211 26860
6.88526 26860
6.88841 26860
6.89156 26860
6.89471 26860
6.89787 26860
6.90102 26860
6.90417 26860
6.90732 26860
6.91047 26860
6.91363 26860
6.91678 26860
6.91993 26860
6.92308 26860
6.92623 26860
6.92939 26860
6.93254 26860
6.93569 26860
6.93884 26860
6.94199 26860
6.94515 26860
6.9483 26860
6.95145 26860
6.9546 26860
6.95775 26860
6.96091 26860
6.96406 26860
6.96721 26860
6.97036 26860
6.97351 26860
6.97667 26860
6.97982 26860
6.98297 26860
6.98612 26860
6.98927 26860
6.99243 26860
6.99558 26860
6.99873 26860
7.00188 26860
7.00503 26860
7.00819 26860
7.01134 26860
7.01449 26860
7.01764 26860
7.02079 26860
7.02395 26860
7.0271 26860
7.03025 26860
7.0334 26860
7.03655 26860
7.03971 26860
7.04286 26860
7.04601 26860
7.04916 26860
7.05231 26860
7.05547 26860
7.05862 26860
7.06177 26860
7.06492 26860
7.06807 26860
7.07123 26860
7.07438 26860
7.07753 26860
7.08068 26860
7.08383 26860
7.08699 26860
7.09014 26860
7.09329 26860
7.09644 26860
7.09959 26860
7.10275 26860
7.1059 26860
7.10905 26860
7.1122 26860
7.11535 26860
7.11851 26860
7.12166 26860
7.12481 26860
7.12796 26860
7.13111 26860
7.13427 26860
7.13742 26860
7.14057 26860
7.14372 26860
7.14687 26860
7.15003 26860
7.15318 26860
7.15633 26860
7.15948 26860
7.16263 26860
7.16579 26860
7.16894 26860
7.17209 26860
7.17524 26860
7.17839 26860
7.18155 26860
7.1847 26860
7.18785 26860
7.191 26860
7.19415 26860
7.19731 26860
7.20046 26860
7.20361 26860
7.20676 26860
7.20991 26860
7.21307 26860
7.21622 26860
7.21937 26860
7.22252 26860
7.22567 26860
7.22883 26860
7.23198 26860
7.23513 26860
7.23828 26860
7.24143 26860
7.24459 26860
7.24774 26860
7.25089 26860
7.25404 26860
7.25719 26860
7.26035 26860
7.2635 26860
7.26665 26860
7.2698 26860
7.27295 26860
7.27611 26860
7.27926 26860
7.28241 26860
7.28556 26860
7.28871 26860
7.29187 26860
7.29502 26860
7.29817 26860
7.30132 26860
7.30447 26860
7.30763 26860
7.31078 26860
7.31393 26860
7.31708 26860
7.32023 26860
7.32339 26860
7.32654 26860
7.32969 26860
7.33284 26860
7.33599 26860
7.33915 26860
7.3423 26860
7.34545 26860
7.3486 26860
7.35175 26860
7.35491 26860
7.35806 26860
7.36121 26860
7.36436 26860
7.36751 26860
7.37067 26860
7.37382 26860
7.37697 26860
7.38012 26860
7.38327 26860
7.38643 26860
7.38958 26860
7.39273 26860
7.39588 26860
7.39903 26860
7.40219 26860
7.40534 26860
7.40849 26860
7.41164 26860
7.41479 26860
7.41795 26860
7.4211 26860
7.42425 26860
7.4274 26860
7.43055 26860
7.43371 26860
7.43686 26860
7.44001 26860
7.44316 26860
7.44631 26860
7.44947 26860
7.45262 26860
7.45577 26860
7.45892 26860
7.46207 26860
7.46523 26860
7.46838 26860
7.47153 26860
7.47468 26860
7.47783 26860
7.48099 26860
7.48414 26860
7.48729 26860
7.49044 26860
7.49359 26860
7.49675 26860
7.4999 26860
7.50305 26860
7.5062 26860
7.50935 26860
7.51251 26860
7.51566 26860
7.51881 26860
7.52196 26860
7.52511 26860
7.52827 26860
7.53142 26860
7.53457 26860
7.53772 26860
7.54087 26860
7.54403 26860
7.54718 26860
7.55033 26860
7.55348 26860
7.55663 26860
7.55979 26860
7.56294 26860
7.56609 26860
7.56924 26860
7.57239 26860
7.57555 26860
7.5787 26860
7.58185 26860
7.585 26860
7.58815 26860
7.59131 26860
7.59446 26860
7.59761 26860
7.60076 26860
7.60391 26860
7.60707 26860
7.61022 26860
7.61337 26860
7.61652 26860
7.61967 26860
7.62283 26860
7.62598 26860
7.62913 26860
7.63228 26860
7.63543 26860
7.63859 26860
7.64174 26860
7.64489 26860
7.64804 26860
7.65119 26860
7.65435 26860
7.6575 26860
7.66065 26860
7.6638 26860
7.66695 26860
7.67011 26860
7.67326 26860
7.67641 26860
7.67956 26860
7.68271 26860
7.68587 26860
7.68902 26860
7.69217 26860
7.69532 26860
7.69847 26860
7.70163 26860
7.70478 26860
7.70793 26860
7.71108 26860
7.71423 26860
7.71739 26860
7.72054 26860
7.72369 26860
7.72684 26860
7.72999 26860
7.73315 26860
7.7363 26860
7.73945 26860
7.7426 26860
7.74575 26860
7.74891 26860
7.75206 26860
7.75521 26860
7.75836 26860
7.76151 26860
7.76467 26860
7.76782 26860
7.77097 26860
7.77412 26860
7.77727 26860
7.78043 26860
7.78358 26860
7.78673 26860
7.78988 26860
7.79303 26860
7.79619 26860
7.79934 26860
7.80249 26860
7.80564 26860
7.80879 26860
7.81195 26860
7.8151 26860
7.81825 26860
7.8214 26860
7.82455 26860
7.82771 26860
7.83086 26860
7.83401 26860
7.83716 26860
7.84031 26860
7.84347 26860
7.84662 26860
7.84977 26860
7.85292 26860
7.85607 26860
7.85923 26860
7.86238 26860
7.86553 26860
7.86868 26860
7.87183 26860
7.87499 26860
7.87814 26860
7.88129 26860
7.88444 26860
7.88759 26860
7.89075 26860
7.8939 26860
7.89705 26860
7.9002 26860
7.90335 26860
7.90651 26860
7.90966 26860
7.91281 26860
7.91596 26860
7.91911 26860
7.92227 26860
7.92542 26860
7.92857 26860
7.93172 26860
7.93487 26860
7.93803 26860
7.94118 26860
7.94433 26860
7.94748 26860
7.95063 26860
7.95379 26860
7.95694 26860
7.96009 26860
7.96324 26860
7.96639 26860
7.96955 26860
7.9727 26860
7.97585 26860
7.979 26860
7.98215 26860
7.98531 26860
7.98846 26860
7.99161 26860
7.99476 26860
7.99791 26860
8.00107 26860
8.00422 26860
8.00737 26860
8.01052 26860
8.01367 26860
8.01683 26860
8.01998 26860
8.02313 26860
8.02628 26860
8.02943 26860
8.03259 26860
8.03574 26860
8.03889 26860
8.04204 26860
8.04519 26860
8.04835 26860
8.0515 26860
8.05465 26860
8.0578 26860
8.06095 26860
8.06411 26860
8.06726 26860
8.07041 26860
8.07356 26860
8.07671 26860
8.07987 26860
8.08302 26860
8.08617 26860
8.08932 26860
8.09247 26860
8.09563 26860
8.09878 26860
8.10193 26860
8.10508 26860
8.10823 26860
8.11139 26860
8.11454 26860
8.11769 26860
8.12084 26860
8.12399 26860
8.12715 26860
8.1303 26860
8.13345 26860
8.1366 26860
8.13975 26860
8.14291 26860
8.14606 26860
8.14921 26860
8.15236 26860
8.15551 26860
8.15867 26860
8.16182 26860
8.16497 26860
8.16812 26860
8.17127 26860
8.17443 26860
8.17758 26860
8.18073 26860
8.18388 26860
8.18703 26860
8.19019 26860
8.19334 26860
8.19649 26860
8.19964 26860
8.20279 26860
8.20595 26860
8.2091 26860
8.21225 26860
8.2154 26860
8.21855 26860
8.22171 26860
8.22486 26860
8.22801 26860
8.23116 26860
8.23431 26860
8.23747 26860
8.24062 26860
8.24377 26860
8.24692 26860
8.25007 26860
8.25323 26860
8.25638 26860
8.25953 26860
8.26268 26860
8.26583 26860
8.26899 26860
8.27214 26860
8.27529 26860
8.27844 26860
8.28159 26860
8.28475 26860
8.2879 26860
8.29105 26860
8.2942 26860
8.29735 26860
8.30051 26860
8.30366 26860
8.30681 26860
8.30996 26860
8.31311 26860
8.31627 26860
8.31942 26860
8.32257 26860
8.32572 26860
8.32887 26860
8.33203 26860
8.33518 26860
8.33833 26860
8.34148 26860
8.34463 26860
8.34779 26860
8.35094 26860
8.35409 26860
8.35724 26860
8.36039 26860
8.36355 26860
8.3667 26860
8.36985 26860
8.373 26860
8.37615 26860
8.37931 26860
8.38246 26860
8.38561 26860
8.38876 26860
8.39191 26860
8.39507 26860
8.39822 26860
8.40137 26860
8.40452 26860
8.40767 26860
8.41083 26860
8.41398 26860
8.41713 26860
8.42028 26860
8.42343 26860
8.42659 26860
8.42974 26860
8.43289 26860
8.43604 26860
8.43919 26860
8.44235 26860
8.4455 26860
8.44865 26860
8.4518 26860
8.45495 26860
8.45811 26860
8.46126 26860
8.46441 26860
8.46756 26860
8.47071 26860
8.47387 26860
8.47702 26860
8.48017 26860
8.48332 26860
8.48647 26860
8.48963 26860
8.49278 26860
8.49593 26860
8.49908 26860
8.50223 26860
8.50539 26860
8.50854 26860
8.51169 26860
8.51484 26860
8.51799 26860
8.52115 26860
8.5243 26860
8.52745 26860
8.5306 26860
8.53375 26860
8.53691 26860
8.54006 26860
8.54321 26860
8.54636 26860
8.54951 26860
8.55267 26860
8.55582 26860
8.55897 26860
8.56212 26860
8.56527 26860
8.56843 26860
8.57158 26860
8.57473 26860
8.57788 26860
8.58103 26860
8.58419 26860
8.58734 26860
8.59049 26860
8.59364 26860
8.59679 26860
8.59995 26860
8.6031 26860
8.60625 26860
8.6094 26860
8.61255 26860
8.61571 26860
8.61886 26860
8.62201 26860
8.62516 26860
8.62831 26860
8.63147 26860
8.63462 26860
8.63777 26860
8.64092 26860
8.64407 26860
8.64723 26860
8.65038 26860
8.65353 26860
8.65668 26860
8.65983 26860
8.66299 26860
8.66614 26860
8.66929 26860
8.67244 26860
8.67559 26860
8.67875 26860
8.6819 26860
8.68505 26860
8.6882 26860
8.69135 26860
8.69451 26860
8.69766 26860
8.70081 26860
8.70396 26860
8.70711 26860
8.71027 26860
8.71342 26860
8.71657 26860
8.71972 26860
8.72287 26860
8.72603 26860
8.72918 26860
8.73233 26860
8.73548 26860
8.73863 26860
8.74179 26860
8.74494 26860
8.74809 26860
8.75124 26860
8.75439 26860
8.75755 26860
8.7607 26860
8.76385 26860
8.767 26860
8.77015 26860
8.77331 26860
8.77646 26860
8.77961 26860
8.78276 26860
8.78591 26860
8.78907 26860
8.79222 26860
8.79537 26860
8.79852 26860
8.80167 26860
8.80483 26860
8.80798 26860
8.81113 26860
8.81428 26860
8.81743 26860
8.82059 26860
8.82374 26860
8.82689 26860
8.83004 26860
8.83319 26860
8.83635 26860
8.8395 26860
8.84265 26860
8.8458 26860
8.84895 26860
8.85211 26860
8.85526 26860
8.85841 26860
8.86156 26860
8.86471 26860
8.86787 26860
8.87102 26860
8.87417 26860
8.87732 26860
8.88047 26860
8.88363 26860
8.88678 26860
8.88993 26860
8.89308 26860
8.89623 26860
8.89939 26860
8.90254 26860
8.90569 26860
8.90884 26860
8.91199 26860
8.91515 26860
8.9183 26860
8.92145 26860
8.9246 26860
8.92775 26860
8.93091 26860
8.93406 26860
8.93721 26860
8.94036 26860
8.94351 26860
8.94667 26860
8.94982 26860
8.95297 26860
8.95612 26860
8.95927 26860
8.96243 26860
8.96558 26860
8.96873 26860
8.97188 26860
8.97503 26860
8.97819 26860
8.98134 26860
8.98449 26860
8.98764 26860
8.99079 26860
8.99395 26860
8.9971 26860
9.00025 26860
9.0034 26860
9.00655 26860
9.00971 26860
9.01286 26860
9.01601 26860
9.01916 26860
9.02231 26860
9.02547 26860
9.02862 26860
9.03177 26860
9.03492 26860
9.03807 26860
9.04123 26860
9.04438 26860
9.04753 26860
9.05068 26860
9.05383 26860
9.05699 26860
9.06014 26860
9.06329 26860
9.06644 26860
9.06959 26860
9.07275 26860
9.0759 26860
9.07905 26860
9.0822 26860
9.08535 26860
9.08851 26860
9.09166 26860
9.09481 26860
9.09796 26860
9.10111 26860
9.10427 26860
9.10742 26860
9.11057 26860
9.11372 26860
9.11687 26860
9.12003 26860
9.12318 26860
9.12633 26860
9.12948 26860
9.13263 26860
9.13579 26860
9.13894 26860
9.14209 26860
9.14524 26860
9.14839 26860
9.15155 26860
9.1547 26860
9.15785 26860
9.161 26860
9.16415 26860
9.16731 26860
9.17046 26860
9.17361 26860
9.17676 26860
9.17991 26860
9.18307 26860
9.18622 26860
9.18937 26860
9.19252 26860
9.19567 26860
9.19883 26860
9.20198 26860
9.20513 26860
9.20828 26860
9.21143 26860
9.21459 26860
9.21774 26860
9.22089 26860
9.22404 26860
9.22719 26860
9.23035 26860
9.2335 26860
9.23665 26860
9.2398 26860
9.24295 26860
9.24611 26860
9.24926 26860
9.25241 26860
9.25556 26860
9.25871 26860
9.26187 26860
9.26502 26860
9.26817 26860
9.27132 26860
9.27447 26860
9.27763 26860
9.28078 26860
9.28393 26860
9.28708 26860
9.29023 26860
9.29339 26860
9.29654 26860
9.29969 26860
9.30284 26860
9.30599 26860
9.30915 26860
9.3123 26860
9.31545 26860
9.3186 26860
9.32175 26860
9.32491 26860
9.32806 26860
9.33121 26860
9.33436 26860
9.33751 26860
9.34067 26860
9.34382 26860
9.34697 26860
9.35012 26860
9.35327 26860
9.35643 26860
9.35958 26860
9.36273 26860
9.36588 26860
9.36903 26860
9.37219 26860
9.37534 26860
9.37849 26860
9.38164 26860
9.38479 26860
9.38795 26860
9.3911 26860
9.39425 26860
9.3974 26860
9.40055 26860
9.40371 26860
9.40686 26860
9.41001 26860
9.41316 26860
9.41631 26860
9.41947 26860
9.42262 26860
9.42577 26860
9.42892 26860
9.43207 26860
9.43523 26860
9.43838 26860
9.44153 26860
9.44468 26860
9.44783 26860
9.45099 26860
9.45414 26860
9.45729 26860
9.46044 26860
9.46359 26860
9.46675 26860
9.4699 26860
9.47305 26860
9.4762 26860
9.47935 26860
9.48251 26860
9.48566 26860
9.48881 26860
9.49196 26860
9.49511 26860
9.49827 26860
9.50142 26860
9.50457 26860
9.50772 26860
9.51087 26860
9.51403 26860
9.51718 26860
9.52033 26860
9.52348 26860
9.52663 26860
9.52979 26860
9.53294 26860
9.53609 26860
9.53924 26860
9.54239 26860
9.54555 26860
9.5487 26860
9.55185 26860
9.555 26860
9.55815 26860
9.56131 26860
9.56446 26860
9.56761 26860
9.57076 26860
9.57391 26860
9.57706 26860
9.58022 26860
9.58337 26860
9.58652 26860
9.58967 26860
9.59282 26860
9.59598 26860
9.59913 26860
9.60228 26860
9.60543 26860
9.60858 26860
9.61174 26860
9.61489 26860
9.61804 26860
9.62119 26860
9.62434 26860
9.6275 26860
9.63065 26860
9.6338 26860
9.63695 26860
9.6401 26860
9.64326 26860
9.64641 26860
9.64956 26860
9.65271 26860
9.65586 26860
9.65902 26860
9.66217 26860
9.66532 26860
9.66847 26860
9.67162 26860
9.67478 26860
9.67793 26860
9.68108 26860
9.68423 26860
9.68738 26860
9.69054 26860
9.69369 26860
9.69684 26860
9.69999 26860
9.70314 26860
9.7063 26860
9.70945 26860
9.7126 26860
9.71575 26860
9.7189 26860
9.72206 26860
9.72521 26860
9.72836 26860
9.73151 26860
9.73466 26860
9.73782 26860
9.74097 26860
9.74412 26860
9.74727 26860
9.75042 26860
9.75358 26860
9.75673 26860
9.75988 26860
9.76303 26860
9.76618 26860
9.76934 26860
9.77249 26860
9.77564 26860
9.77879 26860
9.78194 26860
9.7851 26860
9.78825 26860
9.7914 26860
9.79455 26860
9.7977 26860
9.80086 26860
9.80401 26860
9.80716 26860
9.81031 26860
9.81346 26860
9.81662 26860
9.81977 26860
9.82292 26860
9.82607 26860
9.82922 26860
9.83238 26860
9.83553 26860
9.83868 26860
9.84183 26860
9.84498 26860
9.84814 26860
9.85129 26860
9.85444 26860
9.85759 26860
9.86074 26860
9.8639 26860
9.86705 26860
9.8702 26860
9.87335 26860
9.8765 26860
9.87966 26860
9.88281 26860
9.88596 26860
9.88911 26860
9.89226 26860
9.89542 26860
9.89857 26860
9.90172 26860
9.90487 26860
9.90802 26860
9.91118 26860
9.91433 26860
9.91748 26860
9.92063 26860
9.92378 26860
9.92694 26860
9.93009 26860
9.93324 26860
9.93639 26860
9.93954 26860
9.9427 26860
9.94585 26860
9.949 26860
9.95215 26860
9.9553 26860
9.95846 26860
9.96161 26860
9.96476 26860
9.96791 26860
9.97106 26860
9.97422 26860
9.97737 26860
9.98052 26860
9.98367 26860
9.98682 26860
9.98998 26860
9.99313 26860
9.99628 26860
9.99943 26860
10.0026 26860
10.0057 26860
10.0089 26860
10.012 26860
10.0152 26860
10.0183 26860
10.0215 26860
10.0246 26860
10.0278 26860
10.031 26860
10.0341 26860
10.0373 26860
10.0404 26860
10.0436 26860
10.0467 26860
10.0499 26860
10.053 26860
10.0562 26860
10.0593 26860
10.0625 26860
10.0656 26860
10.0688 26860
10.0719 26860
10.0751 26860
10.0782 26860
10.0814 26860
10.0845 26860
10.0877 26860
10.0908 26860
10.094 26860
10.0971 26860
10.1003 26860
10.1034 26860
10.1066 26860
10.1098 26860
10.1129 26860
10.1161 26860
10.1192 26860
10.1224 26860
10.1255 26860
10.1287 26860
10.1318 26860
10.135 26860
10.1381 26860
10.1413 26860
10.1444 26860
10.1476 26860
10.1507 26860
10.1539 26860
10.157 26860
10.1602 26860
10.1633 26860
10.1665 26860
10.1696 26860
10.1728 26860
10.1759 26860
10.1791 26860
10.1822 26860
10.1854 26860
10.1886 26860
10.1917 26860
10.1949 26860
10.198 26860
10.2012 26860
10.2043 26860
10.2075 26860
10.2106 26860
10.2138 26860
10.2169 26860
10.2201 26860
10.2232 26860
10.2264 26860
10.2295 26860
10.2327 26860
10.2358 26860
10.239 26860
10.2421 26860
10.2453 26860
10.2484 26860
10.2516 26860
10.2547 26860
10.2579 26860
10.261 26860
10.2642 26860
10.2674 26860
10.2705 26860
10.2737 26860
10.2768 26860
10.28 26860
10.2831 26860
10.2863 26860
10.2894 26860
10.2926 26860
10.2957 26860
10.2989 26860
10.302 26860
10.3052 26860
10.3083 26860
10.3115 26860
10.3146 26860
10.3178 26860
10.3209 26860
10.3241 26860
10.3272 26860
10.3304 26860
10.3335 26860
10.3367 26860
10.3398 26860
10.343 26860
10.3462 26860
10.3493 26860
10.3525 26860
10.3556 26860
10.3588 26860
10.3619 26860
10.3651 26860
10.3682 26860
10.3714 26860
10.3745 26860
10.3777 26860
10.3808 26860
10.384 26860
10.3871 26860
10.3903 26860
10.3934 26860
10.3966 26860
10.3997 26860
10.4029 26860
10.406 26860
10.4092 26860
10.4123 26860
10.4155 26860
10.4186 26860
10.4218 26860
10.425 26860
10.4281 26860
10.4313 26860
10.4344 26860
10.4376 26860
10.4407 26860
10.4439 26860
10.447 26860
10.4502 26860
10.4533 26860
10.4565 26860
10.4596 26860
10.4628 26860
10.4659 26860
10.4691 26860
10.4722 26860
10.4754 26860
10.4785 26860
10.4817 26860
10.4848 26860
10.488 26860
10.4911 26860
10.4943 26860
10.4974 26860
10.5006 26860
10.5038 26860
10.5069 26860
10.5101 26860
10.5132 26860
10.5164 26860
10.5195 26860
10.5227 26860
10.5258 26860
10.529 26860
10.5321 26860
10.5353 26860
10.5384 26860
10.5416 26860
10.5447 26860
10.5479 26860
10.551 26860
10.5542 26860
10.5573 26860
10.5605 26860
10.5636 26860
10.5668 26860
10.5699 26860
10.5731 26860
10.5762 26860
10.5794 26860
10.5826 26860
10.5857 26860
10.5889 26860
10.592 26860
10.5952 26860
10.5983 26860
10.6015 26860
10.6046 26860
10.6078 26860
10.6109 26860
10.6141 26860
10.6172 26860
10.6204 26860
10.6235 26860
10.6267 26860
10.6298 26860
10.633 26860
10.6361 26860
10.6393 26860
10.6424 26860
10.6456 26860
10.6487 26860
10.6519 26860
10.655 26860
10.6582 26860
10.6614 26860
10.6645 26860
10.6677 26860
10.6708 26860
10.674 26860
10.6771 26860
10.6803 26860
10.6834 26860
10.6866 26860
10.6897 26860
10.6929 26860
10.696 26860
10.6992 26860
10.7023 26860
10.7055 26860
10.7086 26860
10.7118 26860
10.7149 26860
10.7181 26860
10.7212 26860
10.7244 26860
10.7275 26860
10.7307 26860
10.7338 26860
10.737 26860
10.7402 26860
10.7433 26860
10.7465 26860
10.7496 26860
10.7528 26860
10.7559 26860
10.7591 26860
10.7622 26860
10.7654 26860
10.7685 26860
10.7717 26860
10.7748 26860
10.778 26860
10.7811 26860
10.7843 26860
10.7874 26860
10.7906 26860
10.7937 26860
10.7969 26860
10.8 26860
10.8032 26860
10.8063 26860
10.8095 26860
10.8126 26860
10.8158 26860
10.819 26860
10.8221 26860
10.8253 26860
10.8284 26860
10.8316 26860
10.8347 26860
10.8379 26860
10.841 26860
10.8442 26860
10.8473 26860
10.8505 26860
10.8536 26860
10.8568 26860
10.8599 26860
10.8631 26860
10.8662 26860
10.8694 26860
10.8725 26860
10.8757 26860
10.8788 26860
10.882 26860
10.8851 26860
10.8883 26860
10.8914 26860
10.8946 26860
10.8978 26860
10.9009 26860
10.9041 26860
10.9072 26860
10.9104 26860
10.9135 26860
10.9167 26860
10.9198 26860
10.923 26860
10.9261 26860
10.9293 26860
10.9324 26860
10.9356 26860
10.9387 26860
10.9419 26860
10.945 26860
10.9482 26860
10.9513 26860
10.9545 26860
10.9576 26860
10.9608 26860
10.9639 26860
10.9671 26860
10.9702 26860
10.9734 26860
10.9766 26860
10.9797 26860
10.9829 26860
10.986 26860
10.9892 26860
10.9923 26860
10.9955 26860
10.9986 26860
11.0018 26860
11.0049 26860
11.0081 26860
11.0112 26860
11.0144 26860
11.0175 26860
11.0207 26860
11.0238 26860
11.027 26860
11.0301 26860
11.0333 26860
11.0364 26860
11.0396 26860
11.0427 26860
11.0459 26860
11.049 26860
11.0522 26860
11.0554 26860
11.0585 26860
11.0617 26860
11.0648 26860
11.068 26860
11.0711 26860
11.0743 26860
11.0774 26860
11.0806 26860
11.0837 26860
11.0869 26860
11.09 26860
11.0932 26860
11.0963 26860
11.0995 26860
11.1026 26860
11.1058 26860
11.1089 26860
11.1121 26860
11.1152 26860
11.1184 26860
11.1215 26860
11.1247 26860
11.1278 26860
11.131 26860
11.1342 26860
11.1373 26860
11.1405 26860
11.1436 26860
11.1468 26860
11.1499 26860
11.1531 26860
11.1562 26860
11.1594 26860
11.1625 26860
11.1657 26860
11.1688 26860
11.172 26860
11.1751 26860
11.1783 26860
11.1814 26860
11.1846 26860
11.1877 26860
11.1909 26860
11.194 26860
11.1972 26860
11.2003 26860
11.2035 26860
11.2066 26860
11.2098 26860
11.213 26860
11.2161 26860
11.2193 26860
11.2224 26860
11.2256 26860
11.2287 26860
11.2319 26860
11.235 26860
11.2382 26860
11.2413 26860
11.2445 26860
11.2476 26860
11.2508 26860
11.2539 26860
11.2571 26860
11.2602 26860
11.2634 26860
11.2665 26860
11.2697 26860
11.2728 26860
11.276 26860
11.2791 26860
11.2823 26860
11.2854 26860
11.2886 26860
11.2918 26860
11.2949 26860
11.2981 26860
11.3012 26860
11.3044 26860
11.3075 26860
11.3107 26860
11.3138 26860
11.317 26860
11.3201 26860
11.3233 26860
11.3264 26860
11.3296 26860
11.3327 26860
11.3359 26860
11.339 26860
11.3422 26860
11.3453 26860
11.3485 26860
11.3516 26860
11.3548 26860
11.3579 26860
11.3611 26860
11.3642 26860
11.3674 26860
11.3706 26860
11.3737 26860
11.3769 26860
11.38 26860
11.3832 26860
11.3863 26860
11.3895 26860
11.3926 26860
11.3958 26860
11.3989 26860
11.4021 26860
11.4052 26860
11.4084 26860
11.4115 26860
11.4147 26860
11.4178 26860
11.421 26860
11.4241 26860
11.4273 26860
11.4304 26860
11.4336 26860
11.4367 26860
11.4399 26860
11.443 26860
11.4462 26860
11.4494 26860
11.4525 26860
11.4557 26860
11.4588 26860
11.462 26860
11.4651 26860
11.4683 26860
11.4714 26860
11.4746 26860
11.4777 26860
11.4809 26860
11.484 26860
11.4872 26860
11.4903 26860
11.4935 26860
11.4966 26860
11.4998 26860
11.5029 26860
11.5061 26860
11.5092 26860
11.5124 26860
11.5155 26860
11.5187 26860
11.5218 26860
11.525 26860
11.5282 26860
11.5313 26860
11.5345 26860
11.5376 26860
11.5408 26860
11.5439 26860
11.5471 26860
11.5502 26860
11.5534 26860
11.5565 26860
11.5597 26860
11.5628 26860
11.566 26860
11.5691 26860
11.5723 26860
11.5754 26860
11.5786 26860
11.5817 26860
11.5849 26860
11.588 26860
11.5912 26860
11.5943 26860
11.5975 26860
11.6006 26860
11.6038 26860
11.607 26860
11.6101 26860
11.6133 26860
11.6164 26860
11.6196 26860
11.6227 26860
11.6259 26860
11.629 26860
11.6322 26860
11.6353 26860
11.6385 26860
11.6416 26860
11.6448 26860
11.6479 26860
11.6511 26860
11.6542 26860
11.6574 26860
11.6605 26860
11.6637 26860
11.6668 26860
11.67 26860
11.6731 26860
11.6763 26860
11.6794 26860
11.6826 26860
11.6858 26860
11.6889 26860
11.6921 26860
11.6952 26860
11.6984 26860
11.7015 26860
11.7047 26860
11.7078 26860
11.711 26860
11.7141 26860
11.7173 26860
11.7204 26860
11.7236 26860
11.7267 26860
11.7299 26860
11.733 26860
11.7362 26860
11.7393 26860
11.7425 26860
11.7456 26860
11.7488 26860
11.7519 26860
11.7551 26860
11.7582 26860
11.7614 26860
11.7646 26860
11.7677 26860
11.7709 26860
11.774 26860
11.7772 26860
11.7803 26860
11.7835 26860
11.7866 26860
11.7898 26860
11.7929 26860
11.7961 26860
11.7992 26860
11.8024 26860
11.8055 26860
11.8087 26860
11.8118 26860
11.815 26860
11.8181 26860
11.8213 26860
11.8244 26860
11.8276 26860
11.8307 26860
11.8339 26860
11.837 26860
11.8402 26860
11.8434 26860
11.8465 26860
11.8497 26860
11.8528 26860
11.856 26860
11.8591 26860
11.8623 26860
11.8654 26860
11.8686 26860
11.8717 26860
11.8749 26860
11.878 26860
11.8812 26860
11.8843 26860
11.8875 26860
11.8906 26860
11.8938 26860
11.8969 26860
11.9001 26860
11.9032 26860
11.9064 26860
11.9095 26860
11.9127 26860
11.9158 26860
11.919 26860
11.9222 26860
11.9253 26860
11.9285 26860
11.9316 26860
11.9348 26860
11.9379 26860
11.9411 26860
11.9442 26860
11.9474 26860
11.9505 26860
11.9537 26860
11.9568 26860
11.96 26860
11.9631 26860
11.9663 26860
11.9694 26860
11.9726 26860
11.9757 26860
11.9789 26860
11.982 26860
11.9852 26860
11.9883 26860
11.9915 26860
11.9946 26860
11.9978 26860
12.001 26860
12.0041 26860
12.0073 26860
12.0104 26860
12.0136 26860
12.0167 26860
12.0199 26860
12.023 26860
12.0262 26860
12.0293 26860
12.0325 26860
12.0356 26860
12.0388 26860
12.0419 26860
12.0451 26860
12.0482 26860
12.0514 26860
12.0545 26860
12.0577 26860
12.0608 26860
12.064 26860
12.0671 26860
12.0703 26860
12.0734 26860
12.0766 26860
12.0798 26860
12.0829 26860
12.0861 26860
12.0892 26860
12.0924 26860
12.0955 26860
12.0987 26860
12.1018 26860
12.105 26860
12.1081 26860
12.1113 26860
12.1144 26860
12.1176 26860
12.1207 26860
12.1239 26860
12.127 26860
12.1302 26860
12.1333 26860
12.1365 26860
12.1396 26860
12.1428 26860
12.1459 26860
12.1491 26860
12.1522 26860
12.1554 26860
12.1586 26860
12.1617 26860
12.1649 26860
12.168 26860
12.1712 26860
12.1743 26860
12.1775 26860
12.1806 26860
12.1838 26860
12.1869 26860
12.1901 26860
12.1932 26860
12.1964 26860
12.1995 26860
12.2027 26860
12.2058 26860
12.209 26860
12.2121 26860
12.2153 26860
12.2184 26860
12.2216 26860
12.2247 26860
12.2279 26860
12.231 26860
12.2342 26860
12.2374 26860
12.2405 26860
12.2437 26860
12.2468 26860
12.25 26860
12.2531 26860
12.2563 26860
12.2594 26860
12.2626 26860
12.2657 26860
12.2689 26860
12.272 26860
12.2752 26860
12.2783 26860
12.2815 26860
12.2846 26860
12.2878 26860
12.2909 26860
12.2941 26860
12.2972 26860
12.3004 26860
12.3035 26860
12.3067 26860
12.3098 26860
12.313 26860
12.3162 26860
12.3193 26860
12.3225 26860
12.3256 26860
12.3288 26860
12.3319 26860
12.3351 26860
12.3382 26860
12.3414 26860
12.3445 26860
12.3477 26860
12.3508 26860
12.354 26860
12.3571 26860
12.3603 26860
12.3634 26860
12.3666 26860
12.3697 26860
12.3729 26860
12.376 26860
12.3792 26860
12.3823 26860
12.3855 26860
12.3886 26860
12.3918 26860
12.395 26860
12.3981 26860
12.4013 26860
12.4044 26860
12.4076 26860
12.4107 26860
12.4139 26860
12.417 26860
12.4202 26860
12.4233 26860
12.4265 26860
12.4296 26860
12.4328 26860
12.4359 26860
12.4391 26860
12.4422 26860
12.4454 26860
12.4485 26860
12.4517 26860
12.4548 26860
12.458 26860
12.4611 26860
12.4643 26860
12.4674 26860
12.4706 26860
12.4738 26860
12.4769 26860
12.4801 26860
12.4832 26860
12.4864 26860
12.4895 26860
12.4927 26860
12.4958 26860
12.499 26860
12.5021 26860
12.5053 26860
12.5084 26860
12.5116 26860
12.5147 26860
12.5179 26860
12.521 26860
12.5242 26860
12.5273 26860
12.5305 26860
12.5336 26860
12.5368 26860
12.5399 26860
12.5431 26860
12.5462 26860
12.5494 26860
12.5526 26860
12.5557 26860
12.5589 26860
12.562 26860
12.5652 26860
12.5683 26860
12.5715 26860
12.5746 26860
12.5778 26860
12.5809 26860
12.5841 26860
12.5872 26860
12.5904 26860
12.5935 26860
12.5967 26860
12.5998 26860
12.603 26860
12.6061 26860
12.6093 26860
12.6124 26860
12.6156 26860
12.6187 26860
12.6219 26860
12.625 26860
12.6282 26860
12.6314 26860
12.6345 26860
12.6377 26860
12.6408 26860
12.644 26860
12.6471 26860
12.6503 26860
12.6534 26860
12.6566 26860
12.6597 26860
12.6629 26860
12.666 26860
12.6692 26860
12.6723 26860
12.6755 26860
12.6786 26860
12.6818 26860
12.6849 26860
12.6881 26860
12.6912 26860
12.6944 26860
12.6975 26860
12.7007 26860
12.7038 26860
12.707 26860
12.7102 26860
12.7133 26860
12.7165 26860
12.7196 26860
12.7228 26860
12.7259 26860
12.7291 26860
12.7322 26860
12.7354 26860
12.7385 26860
12.7417 26860
12.7448 26860
12.748 26860
12.7511 26860
12.7543 26860
12.7574 26860
12.7606 26860
12.7637 26860
12.7669 26860
12.77 26860
12.7732 26860
12.7763 26860
12.7795 26860
12.7826 26860
12.7858 26860
12.789 26860
12.7921 26860
12.7953 26860
12.7984 26860
12.8016 26860
12.8047 26860
12.8079 26860
12.811 26860
12.8142 26860
12.8173 26860
12.8205 26860
12.8236 26860
12.8268 26860
12.8299 26860
12.8331 26860
12.8362 26860
12.8394 26860
12.8425 26860
12.8457 26860
12.8488 26860
12.852 26860
12.8551 26860
12.8583 26860
12.8614 26860
12.8646 26860
12.8678 26860
12.8709 26860
12.8741 26860
12.8772 26860
12.8804 26860
12.8835 26860
12.8867 26860
12.8898 26860
12.893 26860
12.8961 26860
12.8993 26860
12.9024 26860
12.9056 26860
12.9087 26860
12.9119 26860
12.915 26860
12.9182 26860
12.9213 26860
12.9245 26860
12.9276 26860
12.9308 26860
12.9339 26860
12.9371 26860
12.9402 26860
12.9434 26860
12.9466 26860
12.9497 26860
12.9529 26860
12.956 26860
12.9592 26860
12.9623 26860
12.9655 26860
12.9686 26860
12.9718 26860
12.9749 26860
12.9781 26860
12.9812 26860
12.9844 26860
12.9875 26860
12.9907 26860
12.9938 26860
12.997 26860
13.0001 26860
13.0033 26860
13.0064 26860
13.0096 26860
13.0127 26860
13.0159 26860
13.019 26860
13.0222 26860
13.0254 26860
13.0285 26860
13.0317 26860
13.0348 26860
13.038 26860
13.0411 26860
13.0443 26860
13.0474 26860
13.0506 26860
13.0537 26860
13.0569 26860
13.06 26860
13.0632 26860
13.0663 26860
13.0695 26860
13.0726 26860
13.0758 26860
13.0789 26860
13.0821 26860
13.0852 26860
13.0884 26860
13.0915 26860
13.0947 26860
13.0978 26860
13.101 26860
13.1042 26860
13.1073 26860
13.1105 26860
13.1136 26860
13.1168 26860
13.1199 26860
13.1231 26860
13.1262 26860
13.1294 26860
13.1325 26860
13.1357 26860
13.1388 26860
13.142 26860
13.1451 26860
13.1483 26860
13.1514 26860
13.1546 26860
13.1577 26860
13.1609 26860
13.164 26860
13.1672 26860
13.1703 26860
13.1735 26860
13.1766 26860
13.1798 26860
13.183 26860
13.1861 26860
13.1893 26860
13.1924 26860
13.1956 26860
13.1987 26860
13.2019 26860
13.205 26860
13.2082 26860
13.2113 26860
13.2145 26860
13.2176 26860
13.2208 26860
13.2239 26860
13.2271 26860
13.2302 26860
13.2334 26860
13.2365 26860
13.2397 26860
13.2428 26860
13.246 26860
13.2491 26860
13.2523 26860
13.2554 26860
13.2586 26860
13.2618 26860
13.2649 26860
13.2681 26860
13.2712 26860
13.2744 26860
13.2775 26860
13.2807 26860
13.2838 26860
13.287 26860
13.2901 26860
13.2933 26860
13.2964 26860
13.2996 26860
13.3027 26860
13.3059 26860
13.309 26860
13.3122 26860
13.3153 26860
13.3185 26860
13.3216 26860
13.3248 26860
13.3279 26860
13.3311 26860
13.3342 26860
13.3374 26860
13.3406 26860
13.3437 26860
13.3469 26860
13.35 26860
13.3532 26860
13.3563 26860
13.3595 26860
13.3626 26860
13.3658 26860
13.3689 26860
13.3721 26860
13.3752 26860
13.3784 26860
13.3815 26860
13.3847 26860
13.3878 26860
13.391 26860
13.3941 26860
13.3973 26860
13.4004 26860
13.4036 26860
13.4067 26860
13.4099 26860
13.413 26860
13.4162 26860
13.4194 26860
13.4225 26860
13.4257 26860
13.4288 26860
13.432 26860
13.4351 26860
13.4383 26860
13.4414 26860
13.4446 26860
13.4477 26860
13.4509 26860
13.454 26860
13.4572 26860
13.4603 26860
13.4635 26860
13.4666 26860
13.4698 26860
13.4729 26860
13.4761 26860
13.4792 26860
13.4824 26860
13.4855 26860
13.4887 26860
13.4918 26860
13.495 26860
13.4982 26860
13.5013 26860
13.5045 26860
13.5076 26860
13.5108 26860
13.5139 26860
13.5171 26860
13.5202 26860
13.5234 26860
13.5265 26860
13.5297 26860
13.5328 26860
13.536 26860
13.5391 26860
13.5423 26860
13.5454 26860
13.5486 26860
13.5517 26860
13.5549 26860
13.558 26860
13.5612 26860
13.5643 26860
13.5675 26860
13.5706 26860
13.5738 26860
13.577 26860
13.5801 26860
13.5833 26860
13.5864 26860
13.5896 26860
13.5927 26860
13.5959 26860
13.599 26860
13.6022 26860
13.6053 26860
13.6085 26860
13.6116 26860
13.6148 26860
13.6179 26860
13.6211 26860
13.6242 26860
13.6274 26860
13.6305 26860
13.6337 26860
13.6368 26860
13.64 26860
13.6431 26860
13.6463 26860
13.6494 26860
13.6526 26860
13.6558 26860
13.6589 26860
13.6621 26860
13.6652 26860
13.6684 26860
13.6715 26860
13.6747 26860
13.6778 26860
13.681 26860
13.6841 26860
13.6873 26860
13.6904 26860
13.6936 26860
13.6967 26860
13.6999 26860
13.703 26860
13.7062 26860
13.7093 26860
13.7125 26860
13.7156 26860
13.7188 26860
13.7219 26860
13.7251 26860
13.7282 26860
13.7314 26860
13.7346 26860
13.7377 26860
13.7409 26860
13.744 26860
13.7472 26860
13.7503 26860
13.7535 26860
13.7566 26860
13.7598 26860
13.7629 26860
13.7661 26860
13.7692 26860
13.7724 26860
13.7755 26860
13.7787 26860
13.7818 26860
13.785 26860
13.7881 26860
13.7913 26860
13.7944 26860
13.7976 26860
13.8007 26860
13.8039 26860
13.807 26860
13.8102 26860
13.8134 26860
13.8165 26860
13.8197 26860
13.8228 26860
13.826 26860
13.8291 26860
13.8323 26860
13.8354 26860
13.8386 26860
13.8417 26860
13.8449 26860
13.848 26860
13.8512 26860
13.8543 26860
13.8575 26860
13.8606 26860
13.8638 26860
13.8669 26860
13.8701 26860
13.8732 26860
13.8764 26860
13.8795 26860
13.8827 26860
13.8858 26860
13.889 26860
13.8922 26860
13.8953 26860
13.8985 26860
13.9016 26860
13.9048 26860
13.9079 26860
13.9111 26860
13.9142 26860
13.9174 26860
13.9205 26860
13.9237 26860
13.9268 26860
13.93 26860
13.9331 26860
13.9363 26860
13.9394 26860
13.9426 26860
13.9457 26860
13.9489 26860
13.952 26860
13.9552 26860
13.9583 26860
13.9615 26860
13.9646 26860
13.9678 26860
13.971 26860
13.9741 26860
13.9773 26860
13.9804 26860
13.9836 26860
13.9867 26860
13.9899 26860
13.993 26860
13.9962 26860
13.9993 26860
14.0025 26860
14.0056 26860
14.0088 26860
14.0119 26860
14.0151 26860
14.0182 26860
14.0214 26860
14.0245 26860
14.0277 26860
14.0308 26860
14.034 26860
14.0371 26860
14.0403 26860
14.0434 26860
14.0466 26860
14.0498 26860
14.0529 26860
14.0561 26860
14.0592 26860
14.0624 26860
14.0655 26860
14.0687 26860
14.0718 26860
14.075 26860
14.0781 26860
14.0813 26860
14.0844 26860
14.0876 26860
14.0907 26860
14.0939 26860
14.097 26860
14.1002 26860
14.1033 26860
14.1065 26860
14.1096 26860
14.1128 26860
14.1159 26860
14.1191 26860
14.1222 26860
14.1254 26860
14.1286 26860
14.1317 26860
14.1349 26860
14.138 26860
14.1412 26860
14.1443 26860
14.1475 26860
14.1506 26860
14.1538 26860
14.1569 26860
14.1601 26860
14.1632 26860
14.1664 26860
14.1695 26860
14.1727 26860
14.1758 26860
14.179 26860
14.1821 26860
14.1853 26860
14.1884 26860
14.1916 26860
14.1947 26860
14.1979 26860
14.201 26860
14.2042 26860
14.2074 26860
14.2105 26860
14.2137 26860
14.2168 26860
14.22 26860
14.2231 26860
14.2263 26860
14.2294 26860
14.2326 26860
14.2357 26860
14.2389 26860
14.242 26860
14.2452 26860
14.2483 26860
14.2515 26860
14.2546 26860
14.2578 26860
14.2609 26860
14.2641 26860
14.2672 26860
14.2704 26860
14.2735 26860
14.2767 26860
14.2798 26860
14.283 26860
14.2862 26860
14.2893 26860
14.2925 26860
14.2956 26860
14.2988 26860
14.3019 26860
14.3051 26860
14.3082 26860
14.3114 26860
14.3145 26860
14.3177 26860
14.3208 26860
14.324 26860
14.3271 26860
14.3303 26860
14.3334 26860
14.3366 26860
14.3397 26860
14.3429 26860
14.346 26860
14.3492 26860
14.3523 26860
14.3555 26860
14.3586 26860
14.3618 26860
14.3649 26860
14.3681 26860
14.3713 26860
14.3744 26860
14.3776 26860
14.3807 26860
14.3839 26860
14.387 26860
14.3902 26860
14.3933 26860
14.3965 26860
14.3996 26860
14.4028 26860
14.4059 26860
14.4091 26860
14.4122 26860
14.4154 26860
14.4185 26860
14.4217 26860
14.4248 26860
14.428 26860
14.4311 26860
14.4343 26860
14.4374 26860
14.4406 26860
14.4437 26860
14.4469 26860
14.4501 26860
14.4532 26860
14.4564 26860
14.4595 26860
14.4627 26860
14.4658 26860
14.469 26860
14.4721 26860
14.4753 26860
14.4784 26860
14.4816 26860
14.4847 26860
14.4879 26860
14.491 26860
14.4942 26860
14.4973 26860
14.5005 26860
14.5036 26860
14.5068 26860
14.5099 26860
14.5131 26860
14.5162 26860
14.5194 26860
14.5225 26860
14.5257 26860
14.5289 26860
14.532 26860
14.5352 26860
14.5383 26860
14.5415 26860
14.5446 26860
14.5478 26860
14.5509 26860
14.5541 26860
14.5572 26860
14.5604 26860
14.5635 26860
14.5667 26860
14.5698 26860
14.573 26860
14.5761 26860
14.5793 26860
14.5824 26860
14.5856 26860
14.5887 26860
14.5919 26860
14.595 26860
14.5982 26860
14.6013 26860
14.6045 26860
14.6077 26860
14.6108 26860
14.614 26860
14.6171 26860
14.6203 26860
14.6234 26860
14.6266 26860
14.6297 26860
14.6329 26860
14.636 26860
14.6392 26860
14.6423 26860
14.6455 26860
14.6486 26860
14.6518 26860
14.6549 26860
14.6581 26860
14.6612 26860
14.6644 26860
14.6675 26860
14.6707 26860
14.6738 26860
14.677 26860
14.6801 26860
14.6833 26860
14.6865 26860
14.6896 26860
14.6928 26860
14.6959 26860
14.6991 26860
14.7022 26860
14.7054 26860
14.7085 26860
14.7117 26860
14.7148 26860
14.718 26860
14.7211 26860
14.7243 26860
14.7274 26860
14.7306 26860
14.7337 26860
14.7369 26860
14.74 26860
14.7432 26860
14.7463 26860
14.7495 26860
14.7526 26860
14.7558 26860
14.7589 26860
14.7621 26860
14.7653 26860
14.7684 26860
14.7716 26860
14.7747 26860
14.7779 26860
14.781 26860
14.7842 26860
14.7873 26860
14.7905 26860
14.7936 26860
14.7968 26860
14.7999 26860
14.8031 26860
14.8062 26860
14.8094 26860
14.8125 26860
14.8157 26860
14.8188 26860
14.822 26860
14.8251 26860
14.8283 26860
14.8314 26860
14.8346 26860
14.8377 26860
14.8409 26860
14.8441 26860
14.8472 26860
14.8504 26860
14.8535 26860
14.8567 26860
14.8598 26860
14.863 26860
14.8661 26860
14.8693 26860
14.8724 26860
14.8756 26860
14.8787 26860
14.8819 26860
14.885 26860
14.8882 26860
14.8913 26860
14.8945 26860
14.8976 26860
14.9008 26860
14.9039 26860
14.9071 26860
14.9102 26860
14.9134 26860
14.9165 26860
14.9197 26860
14.9229 26860
14.926 26860
14.9292 26860
14.9323 26860
14.9355 26860
14.9386 26860
14.9418 26860
14.9449 26860
14.9481 26860
14.9512 26860
14.9544 26860
14.9575 26860
14.9607 26860
14.9638 26860
14.967 26860
14.9701 26860
14.9733 26860
14.9764 26860
14.9796 26860
14.9827 26860
14.9859 26860
14.989 26860
14.9922 26860
14.9953 26860
14.9985 26860
15.0017 26860
15.0048 26860
15.008 26860
15.0111 26860
15.0143 26860
15.0174 26860
15.0206 26860
15.0237 26860
15.0269 26860
15.03 26860
15.0332 26860
15.0363 26860
15.0395 26860
15.0426 26860
15.0458 26860
15.0489 26860
15.0521 26860
15.0552 26860
15.0584 26860
15.0615 26860
15.0647 26860
15.0678 26860
15.071 26860
15.0741 26860
15.0773 26860
15.0805 26860
15.0836 26860
15.0868 26860
15.0899 26860
15.0931 26860
15.0962 26860
15.0994 26860
15.1025 26860
15.1057 26860
15.1088 26860
15.112 26860
15.1151 26860
15.1183 26860
15.1214 26860
15.1246 26860
15.1277 26860
15.1309 26860
15.134 26860
15.1372 26860
15.1403 26860
15.1435 26860
15.1466 26860
15.1498 26860
15.1529 26860
15.1561 26860
15.1593 26860
15.1624 26860
15.1656 26860
15.1687 26860
15.1719 26860
15.175 26860
15.1782 26860
15.1813 26860
15.1845 26860
15.1876 26860
15.1908 26860
15.1939 26860
15.1971 26860
15.2002 26860
15.2034 26860
15.2065 26860
15.2097 26860
15.2128 26860
15.216 26860
15.2191 26860
15.2223 26860
15.2254 26860
15.2286 26860
15.2317 26860
15.2349 26860
15.2381 26860
15.2412 26860
15.2444 26860
15.2475 26860
15.2507 26860
15.2538 26860
15.257 26860
15.2601 26860
15.2633 26860
15.2664 26860
15.2696 26860
15.2727 26860
15.2759 26860
15.279 26860
15.2822 26860
15.2853 26860
15.2885 26860
15.2916 26860
15.2948 26860
15.2979 26860
15.3011 26860
15.3042 26860
15.3074 26860
15.3105 26860
15.3137 26860
15.3169 26860
15.32 26860
15.3232 26860
15.3263 26860
15.3295 26860
15.3326 26860
15.3358 26860
15.3389 26860
15.3421 26860
15.3452 26860
15.3484 26860
15.3515 26860
15.3547 26860
15.3578 26860
15.361 26860
15.3641 26860
15.3673 26860
15.3704 26860
15.3736 26860
15.3767 26860
15.3799 26860
15.383 26860
15.3862 26860
15.3893 26860
15.3925 26860
15.3957 26860
15.3988 26860
15.402 26860
15.4051 26860
15.4083 26860
15.4114 26860
15.4146 26860
15.4177 26860
15.4209 26860
15.424 26860
15.4272 26860
15.4303 26860
15.4335 26860
15.4366 26860
15.4398 26860
15.4429 26860
15.4461 26860
15.4492 26860
15.4524 26860
15.4555 26860
15.4587 26860
15.4618 26860
15.465 26860
15.4681 26860
15.4713 26860
15.4745 26860
15.4776 26860
15.4808 26860
15.4839 26860
15.4871 26860
15.4902 26860
15.4934 26860
15.4965 26860
15.4997 26860
15.5028 26860
15.506 26860
15.5091 26860
15.5123 26860
15.5154 26860
15.5186 26860
15.5217 26860
15.5249 26860
15.528 26860
15.5312 26860
15.5343 26860
15.5375 26860
15.5406 26860
15.5438 26860
15.5469 26860
15.5501 26860
15.5533 26860
15.5564 26860
15.5596 26860
15.5627 26860
15.5659 26860
15.569 26860
15.5722 26860
15.5753 26860
15.5785 26860
15.5816 26860
15.5848 26860
15.5879 26860
15.5911 26860
15.5942 26860
15.5974 26860
15.6005 26860
15.6037 26860
15.6068 26860
15.61 26860
15.6131 26860
15.6163 26860
15.6194 26860
15.6226 26860
15.6257 26860
15.6289 26860
15.6321 26860
15.6352 26860
15.6384 26860
15.6415 26860
15.6447 26860
15.6478 26860
15.651 26860
15.6541 26860
15.6573 26860
15.6604 26860
15.6636 26860
15.6667 26860
15.6699 26860
15.673 26860
15.6762 26860
15.6793 26860
15.6825 26860
15.6856 26860
15.6888 26860
15.6919 26860
15.6951 26860
15.6982 26860
15.7014 26860
15.7045 26860
15.7077 26860
15.7109 26860
15.714 26860
15.7172 26860
15.7203 26860
15.7235 26860
15.7266 26860
15.7298 26860
15.7329 26860
15.7361 26860
15.7392 26860
15.7424 26860
15.7455 26860
15.7487 26860
15.7518 26860
15.755 26860
15.7581 26860
15.7613 26860
15.7644 26860
15.7676 26860
15.7707 26860
15.7739 26860
15.777 26860
15.7802 26860
15.7833 26860
15.7865 26860
15.7897 26860
15.7928 26860
15.796 26860
15.7991 26860
15.8023 26860
15.8054 26860
15.8086 26860
15.8117 26860
15.8149 26860
15.818 26860
15.8212 26860
15.8243 26860
15.8275 26860
15.8306 26860
15.8338 26860
15.8369 26860
15.8401 26860
15.8432 26860
15.8464 26860
15.8495 26860
15.8527 26860
15.8558 26860
15.859 26860
15.8621 26860
15.8653 26860
15.8685 26860
15.8716 26860
15.8748 26860
15.8779 26860
15.8811 26860
15.8842 26860
15.8874 26860
15.8905 26860
15.8937 26860
15.8968 26860
15.9 26860
15.9031 26860
15.9063 26860
15.9094 26860
15.9126 26860
15.9157 26860
15.9189 26860
15.922 26860
15.9252 26860
15.9283 26860
15.9315 26860
15.9346 26860
15.9378 26860
15.9409 26860
15.9441 26860
15.9473 26860
15.9504 26860
15.9536 26860
15.9567 26860
15.9599 26860
15.963 26860
15.9662 26860
15.9693 26860
15.9725 26860
15.9756 26860
15.9788 26860
15.9819 26860
15.9851 26860
15.9882 26860
15.9914 26860
15.9945 26860
15.9977 26860
16.0008 26860
16.004 26860
16.0071 26860
16.0103 26860
16.0134 26860
16.0166 26860
16.0197 26860
16.0229 26860
16.0261 26860
16.0292 26860
16.0324 26860
16.0355 26860
16.0387 26860
16.0418 26860
16.045 26860
16.0481 26860
16.0513 26860
16.0544 26860
16.0576 26860
16.0607 26860
16.0639 26860
16.067 26860
16.0702 26860
16.0733 26860
16.0765 26860
16.0796 26860
16.0828 26860
16.0859 26860
16.0891 26860
16.0922 26860
16.0954 26860
16.0985 26860
16.1017 26860
16.1049 26860
16.108 26860
16.1112 26860
16.1143 26860
16.1175 26860
16.1206 26860
16.1238 26860
16.1269 26860
16.1301 26860
16.1332 26860
16.1364 26860
16.1395 26860
16.1427 26860
16.1458 26860
16.149 26860
16.1521 26860
16.1553 26860
16.1584 26860
16.1616 26860
16.1647 26860
16.1679 26860
16.171 26860
16.1742 26860
16.1773 26860
16.1805 26860
16.1837 26860
16.1868 26860
16.19 26860
16.1931 26860
16.1963 26860
16.1994 26860
16.2026 26860
16.2057 26860
16.2089 26860
16.212 26860
16.2152 26860
16.2183 26860
16.2215 26860
16.2246 26860
16.2278 26860
16.2309 26860
16.2341 26860
16.2372 26860
16.2404 26860
16.2435 26860
16.2467 26860
16.2498 26860
16.253 26860
16.2561 26860
16.2593 26860
16.2625 26860
16.2656 26860
16.2688 26860
16.2719 26860
16.2751 26860
16.2782 26860
16.2814 26860
16.2845 26860
16.2877 26860
16.2908 26860
16.294 26860
16.2971 26860
16.3003 26860
16.3034 26860
16.3066 26860
16.3097 26860
16.3129 26860
16.316 26860
16.3192 26860
16.3223 26860
16.3255 26860
16.3286 26860
16.3318 26860
16.3349 26860
16.3381 26860
16.3413 26860
16.3444 26860
16.3476 26860
16.3507 26860
16.3539 26860
16.357 26860
16.3602 26860
16.3633 26860
16.3665 26860
16.3696 26860
16.3728 26860
16.3759 26860
16.3791 26860
16.3822 26860
16.3854 26860
16.3885 26860
16.3917 26860
16.3948 26860
16.398 26860
16.4011 26860
16.4043 26860
16.4074 26860
16.4106 26860
16.4137 26860
16.4169 26860
16.4201 26860
16.4232 26860
16.4264 26860
16.4295 26860
16.4327 26860
16.4358 26860
16.439 26860
16.4421 26860
16.4453 26860
16.4484 26860
16.4516 26860
16.4547 26860
16.4579 26860
16.461 26860
16.4642 26860
16.4673 26860
16.4705 26860
16.4736 26860
16.4768 26860
16.4799 26860
16.4831 26860
16.4862 26860
16.4894 26860
16.4925 26860
16.4957 26860
16.4989 26860
16.502 26860
16.5052 26860
16.5083 26860
16.5115 26860
16.5146 26860
16.5178 26860
16.5209 26860
16.5241 26860
16.5272 26860
16.5304 26860
16.5335 26860
16.5367 26860
16.5398 26860
16.543 26860
16.5461 26860
16.5493 26860
16.5524 26860
16.5556 26860
16.5587 26860
16.5619 26860
16.565 26860
16.5682 26860
16.5713 26860
16.5745 26860
16.5777 26860
16.5808 26860
16.584 26860
16.5871 26860
16.5903 26860
16.5934 26860
16.5966 26860
16.5997 26860
16.6029 26860
16.606 26860
16.6092 26860
16.6123 26860
16.6155 26860
16.6186 26860
16.6218 26860
16.6249 26860
16.6281 26860
16.6312 26860
16.6344 26860
16.6375 26860
16.6407 26860
16.6438 26860
16.647 26860
16.6501 26860
16.6533 26860
16.6565 26860
16.6596 26860
16.6628 26860
16.6659 26860
16.6691 26860
16.6722 26860
16.6754 26860
16.6785 26860
16.6817 26860
16.6848 26860
16.688 26860
16.6911 26860
16.6943 26860
16.6974 26860
16.7006 26860
16.7037 26860
16.7069 26860
16.71 26860
16.7132 26860
16.7163 26860
16.7195 26860
16.7226 26860
16.7258 26860
16.7289 26860
16.7321 26860
16.7353 26860
16.7384 26860
16.7416 26860
16.7447 26860
16.7479 26860
16.751 26860
16.7542 26860
16.7573 26860
16.7605 26860
16.7636 26860
16.7668 26860
16.7699 26860
16.7731 26860
16.7762 26860
16.7794 26860
16.7825 26860
16.7857 26860
16.7888 26860
16.792 26860
16.7951 26860
16.7983 26860
16.8014 26860
16.8046 26860
16.8077 26860
16.8109 26860
16.8141 26860
16.8172 26860
16.8204 26860
16.8235 26860
16.8267 26860
16.8298 26860
16.833 26860
16.8361 26860
16.8393 26860
16.8424 26860
16.8456 26860
16.8487 26860
16.8519 26860
16.855 26860
16.8582 26860
16.8613 26860
16.8645 26860
16.8676 26860
16.8708 26860
16.8739 26860
16.8771 26860
16.8802 26860
16.8834 26860
16.8865 26860
16.8897 26860
16.8929 26860
16.896 26860
16.8992 26860
16.9023 26860
16.9055 26860
16.9086 26860
16.9118 26860
16.9149 26860
16.9181 26860
16.9212 26860
16.9244 26860
16.9275 26860
16.9307 26860
16.9338 26860
16.937 26860
16.9401 26860
16.9433 26860
16.9464 26860
16.9496 26860
16.9527 26860
16.9559 26860
16.959 26860
16.9622 26860
16.9653 26860
16.9685 26860
16.9717 26860
16.9748 26860
16.978 26860
16.9811 26860
16.9843 26860
16.9874 26860
16.9906 26860
16.9937 26860
16.9969 26860
17 26860
17.0032 26860
17.0063 26860
17.0095 26860
17.0126 26860
17.0158 26860
17.0189 26860
17.0221 26860
17.0252 26860
17.0284 26860
17.0315 26860
17.0347 26860
17.0378 26860
17.041 26860
17.0441 26860
17.0473 26860
17.0505 26860
17.0536 26860
17.0568 26860
17.0599 26860
17.0631 26860
17.0662 26860
17.0694 26860
17.0725 26860
17.0757 26860
17.0788 26860
17.082 26860
17.0851 26860
17.0883 26860
17.0914 26860
17.0946 26860
17.0977 26860
17.1009 26860
17.104 26860
17.1072 26860
17.1103 26860
17.1135 26860
17.1166 26860
17.1198 26860
17.1229 26860
17.1261 26860
17.1293 26860
17.1324 26860
17.1356 26860
17.1387 26860
17.1419 26860
17.145 26860
17.1482 26860
17.1513 26860
17.1545 26860
17.1576 26860
17.1608 26860
17.1639 26860
17.1671 26860
17.1702 26860
17.1734 26860
17.1765 26860
17.1797 26860
17.1828 26860
17.186 26860
17.1891 26860
17.1923 26860
17.1954 26860
17.1986 26860
17.2017 26860
17.2049 26860
17.2081 26860
17.2112 26860
17.2144 26860
17.2175 26860
17.2207 26860
17.2238 26860
17.227 26860
17.2301 26860
17.2333 26860
17.2364 26860
17.2396 26860
17.2427 26860
17.2459 26860
17.249 26860
17.2522 26860
17.2553 26860
17.2585 26860
17.2616 26860
17.2648 26860
17.2679 26860
17.2711 26860
17.2742 26860
17.2774 26860
17.2805 26860
17.2837 26860
17.2869 26860
17.29 26860
17.2932 26860
17.2963 26860
17.2995 26860
17.3026 26860
17.3058 26860
17.3089 26860
17.3121 26860
17.3152 26860
17.3184 26860
17.3215 26860
17.3247 26860
17.3278 26860
17.331 26860
17.3341 26860
17.3373 26860
17.3404 26860
17.3436 26860
17.3467 26860
17.3499 26860
17.353 26860
17.3562 26860
17.3593 26860
17.3625 26860
17.3657 26860
17.3688 26860
17.372 26860
17.3751 26860
17.3783 26860
17.3814 26860
17.3846 26860
17.3877 26860
17.3909 26860
17.394 26860
17.3972 26860
17.4003 26860
17.4035 26860
17.4066 26860
17.4098 26860
17.4129 26860
17.4161 26860
17.4192 26860
17.4224 26860
17.4255 26860
17.4287 26860
17.4318 26860
17.435 26860
17.4381 26860
17.4413 26860
17.4445 26860
17.4476 26860
17.4508 26860
17.4539 26860
17.4571 26860
17.4602 26860
17.4634 26860
17.4665 26860
17.4697 26860
17.4728 26860
17.476 26860
17.4791 26860
17.4823 26860
17.4854 26860
17.4886 26860
17.4917 26860
17.4949 26860
17.498 26860
17.5012 26860
17.5043 26860
17.5075 26860
17.5106 26860
17.5138 26860
17.5169 26860
17.5201 26860
17.5233 26860
17.5264 26860
17.5296 26860
17.5327 26860
17.5359 26860
17.539 26860
17.5422 26860
17.5453 26860
17.5485 26860
17.5516 26860
17.5548 26860
17.5579 26860
17.5611 26860
17.5642 26860
17.5674 26860
17.5705 26860
17.5737 26860
17.5768 26860
17.58 26860
17.5831 26860
17.5863 26860
17.5894 26860
17.5926 26860
17.5957 26860
17.5989 26860
17.6021 26860
17.6052 26860
17.6084 26860
17.6115 26860
17.6147 26860
17.6178 26860
17.621 26860
17.6241 26860
17.6273 26860
17.6304 26860
17.6336 26860
17.6367 26860
17.6399 26860
17.643 26860
17.6462 26860
17.6493 26860
17.6525 26860
17.6556 26860
17.6588 26860
17.6619 26860
17.6651 26860
17.6682 26860
17.6714 26860
17.6745 26860
17.6777 26860
17.6809 26860
17.684 26860
17.6872 26860
17.6903 26860
17.6935 26860
17.6966 26860
17.6998 26860
17.7029 26860
17.7061 26860
17.7092 26860
17.7124 26860
17.7155 26860
17.7187 26860
17.7218 26860
17.725 26860
17.7281 26860
17.7313 26860
17.7344 26860
17.7376 26860
17.7407 26860
17.7439 26860
17.747 26860
17.7502 26860
17.7533 26860
17.7565 26860
17.7597 26860
17.7628 26860
17.766 26860
17.7691 26860
17.7723 26860
17.7754 26860
17.7786 26860
17.7817 26860
17.7849 26860
17.788 26860
17.7912 26860
17.7943 26860
17.7975 26860
17.8006 26860
17.8038 26860
17.8069 26860
17.8101 26860
17.8132 26860
17.8164 26860
17.8195 26860
17.8227 26860
17.8258 26860
17.829 26860
17.8321 26860
17.8353 26860
17.8385 26860
17.8416 26860
17.8448 26860
17.8479 26860
17.8511 26860
17.8542 26860
17.8574 26860
17.8605 26860
17.8637 26860
17.8668 26860
17.87 26860
17.8731 26860
17.8763 26860
17.8794 26860
17.8826 26860
17.8857 26860
17.8889 26860
17.892 26860
17.8952 26860
17.8983 26860
17.9015 26860
17.9046 26860
17.9078 26860
17.9109 26860
17.9141 26860
17.9173 26860
17.9204 26860
17.9236 26860
17.9267 26860
17.9299 26860
17.933 26860
17.9362 26860
17.9393 26860
17.9425 26860
17.9456 26860
17.9488 26860
17.9519 26860
17.9551 26860
17.9582 26860
17.9614 26860
17.9645 26860
17.9677 26860
17.9708 26860
17.974 26860
17.9771 26860
17.9803 26860
17.9834 26860
17.9866 26860
17.9897 26860
17.9929 26860
17.9961 26860
17.9992 26860
18.0024 26860
18.0055 26860
18.0087 26860
18.0118 26860
18.015 26860
18.0181 26860
18.0213 26860
18.0244 26860
18.0276 26860
18.0307 26860
18.0339 26860
18.037 26860
18.0402 26860
18.0433 26860
18.0465 26860
18.0496 26860
18.0528 26860
18.0559 26860
18.0591 26860
18.0622 26860
18.0654 26860
18.0685 26860
18.0717 26860
18.0749 26860
18.078 26860
18.0812 26860
18.0843 26860
18.0875 26860
18.0906 26860
18.0938 26860
18.0969 26860
18.1001 26860
18.1032 26860
18.1064 26860
18.1095 26860
18.1127 26860
18.1158 26860
18.119 26860
18.1221 26860
18.1253 26860
18.1284 26860
18.1316 26860
18.1347 26860
18.1379 26860
18.141 26860
18.1442 26860
18.1473 26860
18.1505 26860
18.1537 26860
18.1568 26860
18.16 26860
18.1631 26860
18.1663 26860
18.1694 26860
18.1726 26860
18.1757 26860
18.1789 26860
18.182 26860
18.1852 26860
18.1883 26860
18.1915 26860
18.1946 26860
18.1978 26860
18.2009 26860
18.2041 26860
18.2072 26860
18.2104 26860
18.2135 26860
18.2167 26860
18.2198 26860
18.223 26860
18.2261 26860
18.2293 26860
18.2325 26860
18.2356 26860
18.2388 26860
18.2419 26860
18.2451 26860
18.2482 26860
18.2514 26860
18.2545 26860
18.2577 26860
18.2608 26860
18.264 26860
18.2671 26860
18.2703 26860
18.2734 26860
18.2766 26860
18.2797 26860
18.2829 26860
18.286 26860
18.2892 26860
18.2923 26860
18.2955 26860
18.2986 26860
18.3018 26860
18.3049 26860
18.3081 26860
18.3113 26860
18.3144 26860
18.3176 26860
18.3207 26860
18.3239 26860
18.327 26860
18.3302 26860
18.3333 26860
18.3365 26860
18.3396 26860
18.3428 26860
18.3459 26860
18.3491 26860
18.3522 26860
18.3554 26860
18.3585 26860
18.3617 26860
18.3648 26860
18.368 26860
18.3711 26860
18.3743 26860
18.3774 26860
18.3806 26860
18.3837 26860
18.3869 26860
18.3901 26860
18.3932 26860
18.3964 26860
18.3995 26860
18.4027 26860
18.4058 26860
18.409 26860
18.4121 26860
18.4153 26860
18.4184 26860
18.4216 26860
18.4247 26860
18.4279 26860
18.431 26860
18.4342 26860
18.4373 26860
18.4405 26860
18.4436 26860
18.4468 26860
18.4499 26860
18.4531 26860
18.4562 26860
18.4594 26860
18.4625 26860
18.4657 26860
18.4689 26860
18.472 26860
18.4752 26860
18.4783 26860
18.4815 26860
18.4846 26860
18.4878 26860
18.4909 26860
18.4941 26860
18.4972 26860
18.5004 26860
18.5035 26860
18.5067 26860
18.5098 26860
18.513 26860
18.5161 26860
18.5193 26860
18.5224 26860
18.5256 26860
18.5287 26860
18.5319 26860
18.535 26860
18.5382 26860
18.5413 26860
18.5445 26860
18.5477 26860
18.5508 26860
18.554 26860
18.5571 26860
18.5603 26860
18.5634 26860
18.5666 26860
18.5697 26860
18.5729 26860
18.576 26860
18.5792 26860
18.5823 26860
18.5855 26860
18.5886 26860
18.5918 26860
18.5949 26860
18.5981 26860
18.6012 26860
18.6044 26860
18.6075 26860
18.6107 26860
18.6138 26860
18.617 26860
18.6201 26860
18.6233 26860
18.6265 26860
18.6296 26860
18.6328 26860
18.6359 26860
18.6391 26860
18.6422 26860
18.6454 26860
18.6485 26860
18.6517 26860
18.6548 26860
18.658 26860
18.6611 26860
18.6643 26860
18.6674 26860
18.6706 26860
18.6737 26860
18.6769 26860
18.68 26860
18.6832 26860
18.6863 26860
18.6895 26860
18.6926 26860
18.6958 26860
18.6989 26860
18.7021 26860
18.7053 26860
18.7084 26860
18.7116 26860
18.7147 26860
18.7179 26860
18.721 26860
18.7242 26860
18.7273 26860
18.7305 26860
18.7336 26860
18.7368 26860
18.7399 26860
18.7431 26860
18.7462 26860
18.7494 26860
18.7525 26860
18.7557 26860
18.7588 26860
18.762 26860
18.7651 26860
18.7683 26860
18.7714 26860
18.7746 26860
18.7777 26860
18.7809 26860
18.7841 26860
18.7872 26860
18.7904 26860
18.7935 26860
18.7967 26860
18.7998 26860
18.803 26860
18.8061 26860
18.8093 26860
18.8124 26860
18.8156 26860
18.8187 26860
18.8219 26860
18.825 26860
18.8282 26860
18.8313 26860
18.8345 26860
18.8376 26860
18.8408 26860
18.8439 26860
18.8471 26860
18.8502 26860
18.8534 26860
18.8565 26860
18.8597 26860
18.8629 26860
18.866 26860
18.8692 26860
18.8723 26860
18.8755 26860
18.8786 26860
18.8818 26860
18.8849 26860
18.8881 26860
18.8912 26860
18.8944 26860
18.8975 26860
18.9007 26860
18.9038 26860
18.907 26860
18.9101 26860
18.9133 26860
18.9164 26860
18.9196 26860
18.9227 26860
18.9259 26860
18.929 26860
18.9322 26860
18.9353 26860
18.9385 26860
18.9417 26860
18.9448 26860
18.948 26860
18.9511 26860
18.9543 26860
18.9574 26860
18.9606 26860
18.9637 26860
18.9669 26860
18.97 26860
18.9732 26860
18.9763 26860
18.9795 26860
18.9826 26860
18.9858 26860
18.9889 26860
18.9921 26860
18.9952 26860
18.9984 26860
19.0015 26860
19.0047 26860
19.0078 26860
19.011 26860
19.0141 26860
19.0173 26860
19.0205 26860
19.0236 26860
19.0268 26860
19.0299 26860
19.0331 26860
19.0362 26860
19.0394 26860
19.0425 26860
19.0457 26860
19.0488 26860
19.052 26860
19.0551 26860
19.0583 26860
19.0614 26860
19.0646 26860
19.0677 26860
19.0709 26860
19.074 26860
19.0772 26860
19.0803 26860
19.0835 26860
19.0866 26860
19.0898 26860
19.0929 26860
19.0961 26860
19.0993 26860
19.1024 26860
19.1056 26860
19.1087 26860
19.1119 26860
19.115 26860
19.1182 26860
19.1213 26860
19.1245 26860
19.1276 26860
19.1308 26860
19.1339 26860
19.1371 26860
19.1402 26860
19.1434 26860
19.1465 26860
19.1497 26860
19.1528 26860
19.156 26860
19.1591 26860
19.1623 26860
19.1654 26860
19.1686 26860
19.1717 26860
19.1749 26860
19.1781 26860
19.1812 26860
19.1844 26860
19.1875 26860
19.1907 26860
19.1938 26860
19.197 26860
19.2001 26860
19.2033 26860
19.2064 26860
19.2096 26860
19.2127 26860
19.2159 26860
19.219 26860
19.2222 26860
19.2253 26860
19.2285 26860
19.2316 26860
19.2348 26860
19.2379 26860
19.2411 26860
19.2442 26860
19.2474 26860
19.2505 26860
19.2537 26860
19.2569 26860
19.26 26860
19.2632 26860
19.2663 26860
19.2695 26860
19.2726 26860
19.2758 26860
19.2789 26860
19.2821 26860
19.2852 26860
19.2884 26860
19.2915 26860
19.2947 26860
19.2978 26860
19.301 26860
19.3041 26860
19.3073 26860
19.3104 26860
19.3136 26860
19.3167 26860
19.3199 26860
19.323 26860
19.3262 26860
19.3293 26860
19.3325 26860
19.3357 26860
19.3388 26860
19.342 26860
19.3451 26860
19.3483 26860
19.3514 26860
19.3546 26860
19.3577 26860
19.3609 26860
19.364 26860
19.3672 26860
19.3703 26860
19.3735 26860
19.3766 26860
19.3798 26860
19.3829 26860
19.3861 26860
19.3892 26860
19.3924 26860
19.3955 26860
19.3987 26860
19.4018 26860
19.405 26860
19.4081 26860
19.4113 26860
19.4145 26860
19.4176 26860
19.4208 26860
19.4239 26860
19.4271 26860
19.4302 26860
19.4334 26860
19.4365 26860
19.4397 26860
19.4428 26860
19.446 26860
19.4491 26860
19.4523 26860
19.4554 26860
19.4586 26860
19.4617 26860
19.4649 26860
19.468 26860
19.4712 26860
19.4743 26860
19.4775 26860
19.4806 26860
19.4838 26860
19.4869 26860
19.4901 26860
19.4933 26860
19.4964 26860
19.4996 26860
19.5027 26860
19.5059 26860
19.509 26860
19.5122 26860
19.5153 26860
19.5185 26860
19.5216 26860
19.5248 26860
19.5279 26860
19.5311 26860
19.5342 26860
19.5374 26860
19.5405 26860
19.5437 26860
19.5468 26860
19.55 26860
19.5531 26860
19.5563 26860
19.5594 26860
19.5626 26860
19.5657 26860
19.5689 26860
19.5721 26860
19.5752 26860
19.5784 26860
19.5815 26860
19.5847 26860
19.5878 26860
19.591 26860
19.5941 26860
19.5973 26860
19.6004 26860
19.6036 26860
19.6067 26860
19.6099 26860
19.613 26860
19.6162 26860
19.6193 26860
19.6225 26860
19.6256 26860
19.6288 26860
19.6319 26860
19.6351 26860
19.6382 26860
19.6414 26860
19.6445 26860
19.6477 26860
19.6509 26860
19.654 26860
19.6572 26860
19.6603 26860
19.6635 26860
19.6666 26860
19.6698 26860
19.6729 26860
19.6761 26860
19.6792 26860
19.6824 26860
19.6855 26860
19.6887 26860
19.6918 26860
19.695 26860
19.6981 26860
19.7013 26860
19.7044 26860
19.7076 26860
19.7107 26860
19.7139 26860
19.717 26860
19.7202 26860
19.7233 26860
19.7265 26860
19.7297 26860
19.7328 26860
19.736 26860
19.7391 26860
19.7423 26860
19.7454 26860
19.7486 26860
19.7517 26860
19.7549 26860
19.758 26860
19.7612 26860
19.7643 26860
19.7675 26860
19.7706 26860
19.7738 26860
19.7769 26860
19.7801 26860
19.7832 26860
19.7864 26860
19.7895 26860
19.7927 26860
19.7958 26860
19.799 26860
19.8021 26860
19.8053 26860
19.8085 26860
19.8116 26860
19.8148 26860
19.8179 26860
19.8211 26860
19.8242 26860
19.8274 26860
19.8305 26860
19.8337 26860
19.8368 26860
19.84 26860
19.8431 26860
19.8463 26860
19.8494 26860
19.8526 26860
19.8557 26860
19.8589 26860
19.862 26860
19.8652 26860
19.8683 26860
19.8715 26860
19.8746 26860
19.8778 26860
19.8809 26860
19.8841 26860
19.8873 26860
19.8904 26860
19.8936 26860
19.8967 26860
19.8999 26860
19.903 26860
19.9062 26860
19.9093 26860
19.9125 26860
19.9156 26860
19.9188 26860
19.9219 26860
19.9251 26860
19.9282 26860
19.9314 26860
19.9345 26860
19.9377 26860
19.9408 26860
19.944 26860
19.9471 26860
19.9503 26860
19.9534 26860
19.9566 26860
19.9597 26860
19.9629 26860
19.9661 26860
19.9692 26860
19.9724 26860
19.9755 26860
19.9787 26860
19.9818 26860
19.985 26860
19.9881 26860
19.9913 26860
19.9944 26860
19.9976 26860
20.0007 26860
20.0039 26860
20.007 26860
20.0102 26860
20.0133 26860
20.0165 26860
20.0196 26860
20.0228 26860
20.0259 26860
20.0291 26860
20.0322 26860
20.0354 26860
20.0385 26860
20.0417 26860
20.0449 26860
20.048 26860
20.0512 26860
20.0543 26860
20.0575 26860
20.0606 26860
20.0638 26860
20.0669 26860
20.0701 26860
20.0732 26860
20.0764 26860
20.0795 26860
20.0827 26860
20.0858 26860
20.089 26860
20.0921 26860
20.0953 26860
20.0984 26860
