0.0 0
0.0905768 4294967295
0.18279 4294967295
0.276537 4294967295
0.370283 4294967295
0.462454 4294967295
0.465606 4294967295
0.5562 4294967295
0.559352 4294967295
0.562504 4294967295
0.649946 4294967295
0.653098 4294967295
0.65625 4294967295
0.659402 4294967295
0.742117 4294967295
0.745269 4294967295
0.748421 4294967295
0.751573 4294967295
0.754725 4294967295
0.757877 4294967295
0.834287 4294967295
0.837439 4294967295
0.840591 4294967295
0.843743 4294967295
0.846895 4294967295
0.850047 4294967295
0.853199 4294967295
0.856351 4294967295
0.859503 4294967295
0.926458 4294967295
0.92961 4294967295
0.932762 4294967295
0.935914 4294967295
0.939066 4294967295
0.942218 4294967295
0.94537 4294967295
0.948522 4294967295
0.951674 4294967295
0.954826 4294967295
0.957978 4294967295
0.96113 4294967295
0.964282 4294967295
0.967434 4294967295
1.0202 4294967295
1.02336 4294967295
1.02651 4294967295
1.02966 4294967295
1.03281 4294967295
1.03596 4294967295
1.03912 4294967295
1.04227 4294967295
1.04542 4294967295
1.04857 4294967295
1.05172 4294967295
1.05488 4294967295
1.05803 4294967295
1.06118 4294967295
1.06433 4294967295
1.06748 4294967295
1.07064 4294967295
1.07379 4294967295
1.07694 4294967295
1.08009 4294967295
1.08324 4294967295
1.11395 4294967295
1.1171 4294967295
1.12025 4294967295
1.12341 4294967295
1.12656 4294967295
1.12971 4294967295
1.13286 4294967295
1.13601 4294967295
1.13917 4294967295
1.14232 4294967295
1.14547 4294967295
1.14862 4294967295
1.15177 4294967295
1.15493 4294967295
1.15808 4294967295
1.16123 4294967295
1.16438 4294967295
1.16753 4294967295
1.17069 4294967295
1.17384 4294967295
1.17699 4294967295
1.18014 4294967295
1.18329 4294967295
1.18645 4294967295
1.1896 4294967295
1.19275 4294967295
1.1959 4294967295
1.19905 4294967295
1.20221 4294967295
1.20536 4294967295
1.20851 4294967295
1.21166 4294967295
1.21481 4294967295
1.21797 4294967295
1.22112 4294967295
1.22427 4294967295
1.22742 4294967295
1.23057 4294967295
1.23373 4294967295
1.23688 4294967295
1.24003 4294967295
1.24318 4294967295
1.24633 4294967295
1.24949 4294967295
1.25264 4294967295
1.25579 4294967295
1.25894 4294967295
1.26209 4294967295
1.26525 4294967295
1.2684 4294967295
1.27155 4294967295
1.2747 4294967295
1.27785 4294967295
1.28101 4294967295
1.28416 4294967295
1.28731 4294967295
1.29046 4294967295
1.29361 4294967295
1.29677 4294967295
1.29992 4294967295
1.30307 4294967295
1.30622 4294967295
1.30937 4294967295
1.31253 4294967295
1.31568 4294967295
1.31883 4294967295
1.32198 4294967295
1.32513 4294967295
1.32829 4294967295
1.33144 4294967295
1.33459 4294967295
1.33774 4294967295
1.34089 4294967295
1.34405 4294967295
1.3472 4294967295
1.35035 4294967295
1.3535 4294967295
1.35665 4294967295
1.35981 4294967295
1.36296 4294967295
1.36611 4294967295
1.36926 4294967295
1.37241 4294967295
1.37557 4294967295
1.37872 4294967295
1.38187 4294967295
1.38502 4294967295
1.38817 4294967295
1.39133 4294967295
1.39448 4294967295
1.39763 4294967295
1.40078 4294967295
1.40393 4294967295
1.40709 4294967295
1.41024 4294967295
1.41339 4294967295
1.41654 4294967295
1.41969 4294967295
1.42285 4294967295
1.426 4294967295
1.42915 4294967295
1.4323 4294967295
1.43545 4294967295
1.43861 4294967295
1.44176 4294967295
1.44491 4294967295
1.44806 4294967295
1.45121 4294967295
1.45437 4294967295
1.45752 4294967295
1.46067 4294967295
1.46382 4294967295
1.46697 4294967295
1.47013 4294967295
1.47328 4294967295
1.47643 4294967295
1.47958 4294967295
1.48273 4294967295
1.48589 4294967295
1.48904 4294967295
1.49219 4294967295
1.49534 4294967295
1.49849 4294967295
1.50165 4294967295
1.5048 4294967295
1.50795 4294967295
1.5111 4294967295
1.51425 4294967295
1.51741 4294967295
1.52056 4294967295
1.52371 4294967295
1.52686 4294967295
1.53001 4294967295
1.53317 4294967295
1.53632 4294967295
1.53947 4294967295
1.54262 4294967295
1.54577 4294967295
1.54893 4294967295
1.55208 4294967295
1.55523 4294967295
1.55838 4294967295
1.56153 4294967295
1.56469 4294967295
1.56784 4294967295
1.57099 4294967295
1.57414 4294967295
1.57729 4294967295
1.58045 4294967295
1.5836 4294967295
1.58675 4294967295
1.5899 4294967295
1.59305 4294967295
1.59621 4294967295
1.59936 4294967295
1.60251 4294967295
1.60566 4294967295
1.60881 4294967295
1.61197 4294967295
1.61512 4294967295
1.61827 4294967295
1.62142 4294967295
1.62457 4294967295
1.62773 4294967295
1.63088 4294967295
1.63403 4294967295
1.63718 4294967295
1.64033 4294967295
1.64349 4294967295
1.64664 4294967295
1.64979 4294967295
1.65294 4294967295
1.65609 4294967295
1.65925 4294967295
1.6624 4294967295
1.66555 4294967295
1.6687 4294967295
1.67185 4294967295
1.67501 4294967295
1.67816 4294967295
1.68131 4294967295
1.68446 4294967295
1.68761 4294967295
1.69077 4294967295
1.69392 4294967295
1.69707 4294967295
1.70022 4294967295
1.70337 4294967295
1.70653 4294967295
1.70968 4294967295
1.71283 4294967295
1.71598 4294967295
1.71913 4294967295
1.72229 4294967295
1.72544 4294967295
1.72859 4294967295
1.73174 4294967295
1.73489 4294967295
1.73805 4294967295
1.7412 4294967295
1.74435 4294967295
1.7475 4294967295
1.75065 4294967295
1.75381 4294967295
1.75696 4294967295
1.76011 4294967295
1.76326 4294967295
1.76641 4294967295
1.76957 4294967295
1.77272 4294967295
1.77587 4294967295
1.77902 4294967295
1.78217 4294967295
1.78533 4294967295
1.78848 4294967295
1.79163 4294967295
1.79478 4294967295
1.79793 4294967295
1.80109 4294967295
1.80424 4294967295
1.80739 4294967295
1.81054 4294967295
1.81369 4294967295
1.81685 4294967295
1.82 4294967295
1.82315 4294967295
1.8263 4294967295
1.82945 4294967295
1.83261 4294967295
1.83576 4294967295
1.83891 4294967295
1.84206 4294967295
1.84521 4294967295
1.84837 4294967295
1.85152 4294967295
1.85467 4294967295
1.85782 4294967295
1.86097 4294967295
1.86413 4294967295
1.86728 4294967295
1.87043 4294967295
1.87358 4294967295
1.87673 4294967295
1.87989 4294967295
1.88304 4294967295
1.88619 4294967295
1.88934 4294967295
1.89249 4294967295
1.89565 4294967295
1.8988 4294967295
1.90195 4294967295
1.9051 4294967295
1.90825 4294967295
1.91141 4294967295
1.91456 4294967295
1.91771 4294967295
1.92086 4294967295
1.92401 4294967295
1.92717 4294967295
1.93197 8799
1.93197 8799
2.83855 8799
2.84486 8799
2.85116 8799
2.85747 8799
2.86377 8799
2.87007 8799
2.87638 8799
2.9009 8799
2.9072 8799
2.9135 8799
2.91981 8799
2.92454 8799
2.93072 8799
2.93703 8799
2.94333 8799
2.94964 8799
2.95279 8799
2.95752 8799
2.96382 8799
2.97012 8799
2.99464 8799
3.00095 8799
3.00725 8799
3.01355 8799
3.01828 8799
3.02447 8799
3.03078 8799
3.03708 8799
3.04338 8799
3.04654 8799
3.05126 8799
3.05757 8799
3.06387 8799
3.08839 8799
3.09469 8799
3.101 8799
3.1073 8799
3.11203 8799
3.11822 8799
3.12452 8799
3.13083 8799
3.13713 8799
3.14028 8799
3.14501 8799
3.15131 8799
3.15604 8799
3.18056 8799
3.18686 8799
3.19317 8799
3.19947 8799
3.2042 8799
3.21039 8799
3.21669 8799
3.223 8799
3.2293 8799
3.23245 8799
3.23718 8799
3.24348 8799
3.24821 8799
3.27273 8799
3.27903 8799
3.28534 8799
3.29164 8799
3.29637 8799
3.30256 8799
3.30886 8799
3.31517 8799
3.32147 8799
3.32462 8799
3.32935 8799
3.33565 8799
3.34038 8799
3.3649 8799
3.36805 8799
3.37278 8799
3.37908 8799
3.38539 8799
3.39012 8799
3.3963 8799
3.40261 8799
3.40891 8799
3.41522 8799
3.41837 8799
3.4231 8799
3.4294 8799
3.43413 8799
3.45865 8799
3.4618 8799
3.46653 8799
3.47283 8799
3.47913 8799
3.48386 8799
3.49005 8799
3.49636 8799
3.50266 8799
3.50896 8799
3.51212 8799
3.51684 8799
3.52315 8799
3.52788 8799
3.55239 8799
3.55554 8799
3.56027 8799
3.56658 8799
3.5713 8799
3.57603 8799
3.58222 8799
3.58853 8799
3.59483 8799
3.60113 8799
3.60429 8799
3.60901 8799
3.61532 8799
3.62005 8799
3.64456 8799
3.64772 8799
3.65244 8799
3.65875 8799
3.66348 8799
3.6682 8799
3.67439 8799
3.6807 8799
3.687 8799
3.6933 8799
3.69646 8799
3.70118 8799
3.70749 8799
3.71222 8799
3.73673 8799
3.73989 8799
3.74461 8799
3.75092 8799
3.75565 8799
3.76037 8799
3.76656 8799
3.76971 8799
3.77444 8799
3.78075 8799
3.78705 8799
3.7902 8799
3.79493 8799
3.80123 8799
3.80596 8799
3.83048 8799
3.83363 8799
3.83836 8799
3.84466 8799
3.84939 8799
3.85412 8799
3.86031 8799
3.86346 8799
3.86819 8799
3.87449 8799
3.8808 8799
3.88395 8799
3.88868 8799
3.89498 8799
3.89971 8799
3.92423 8799
3.92738 8799
3.93211 8799
3.93841 8799
3.94314 8799
3.94787 8799
3.95406 8799
3.95721 8799
3.96194 8799
3.96666 8799
3.97297 8799
3.97612 8799
3.98085 8799
3.98715 8799
3.99188 8799
4.0164 8799
4.01955 8799
4.02428 8799
4.03058 8799
4.03531 8799
4.04004 8799
4.04623 8799
4.04938 8799
4.05411 8799
4.05883 8799
4.06514 8799
4.06829 8799
4.07302 8799
4.07932 8799
4.08405 8799
4.10857 8799
4.11172 8799
4.11645 8799
4.12275 8799
4.12748 8799
4.13221 8799
4.1384 8799
4.14155 8799
4.14628 8799
4.151 8799
4.15731 8799
4.16046 8799
4.16519 8799
4.16834 8799
4.17307 8799
4.1778 8799
4.20231 8799
4.20547 8799
4.21019 8799
4.2165 8799
4.22123 8799
4.22595 8799
4.23214 8799
4.23529 8799
4.24002 8799
4.24475 8799
4.25105 8799
4.25421 8799
4.25893 8799
4.26209 8799
4.26681 8799
4.27154 8799
4.29606 8799
4.29921 8799
4.30394 8799
4.31024 8799
4.31497 8799
4.3197 8799
4.32589 8799
4.32904 8799
4.33377 8799
4.3385 8799
4.3448 8799
4.34795 8799
4.35268 8799
4.35583 8799
4.36056 8799
4.36529 8799
4.38823 8799
4.39138 8799
4.39611 8799
4.40241 8799
4.40714 8799
4.41187 8799
4.41806 8799
4.42121 8799
4.42594 8799
4.43067 8799
4.43697 8799
4.44012 8799
4.44485 8799
4.448 8799
4.45273 8799
4.45746 8799
4.4804 8799
4.48355 8799
4.48828 8799
4.49458 8799
4.49931 8799
4.50404 8799
4.51023 8799
4.51338 8799
4.51811 8799
4.52284 8799
4.52914 8799
4.53229 8799
4.53702 8799
4.54017 8799
4.5449 8799
4.54963 8799
4.57257 8799
4.57572 8799
4.57888 8799
4.58203 8799
4.58833 8799
4.59306 8799
4.59779 8799
4.60398 8799
4.60713 8799
4.61186 8799
4.61658 8799
4.62289 8799
4.62604 8799
4.63077 8799
4.63392 8799
4.63865 8799
4.64338 8799
4.66632 8799
4.66947 8799
4.67262 8799
4.67577 8799
4.68208 8799
4.68681 8799
4.69153 8799
4.69772 8799
4.70087 8799
4.7056 8799
4.71033 8799
4.71663 8799
4.71979 8799
4.72451 8799
4.72767 8799
4.73239 8799
4.73712 8799
4.76006 8799
4.76322 8799
4.76637 8799
4.76952 8799
4.77582 8799
4.78055 8799
4.78528 8799
4.78989 8799
4.79304 8799
4.79777 8799
4.8025 8799
4.8088 8799
4.81196 8799
4.81668 8799
4.81984 8799
4.82456 8799
4.82929 8799
4.85223 8799
4.85539 8799
4.85854 8799
4.86169 8799
4.86799 8799
4.87272 8799
4.87745 8799
4.88206 8799
4.88522 8799
4.88994 8799
4.89467 8799
4.90098 8799
4.90413 8799
4.90886 8799
4.91201 8799
4.91674 8799
4.92146 8799
4.9444 8799
4.94756 8799
4.95071 8799
4.95386 8799
4.96016 8799
4.96489 8799
4.96962 8799
4.97423 8799
4.97739 8799
4.98211 8799
4.98527 8799
4.98842 8799
4.99472 8799
4.99787 8799
5.0026 8799
5.00575 8799
5.01048 8799
5.01521 8799
5.03815 8799
5.0413 8799
5.04446 8799
5.04761 8799
5.05391 8799
5.05864 8799
5.06337 8799
5.06798 8799
5.07113 8799
5.07586 8799
5.07901 8799
5.08216 8799
5.08847 8799
5.09162 8799
5.09635 8799
5.0995 8799
5.10423 8799
5.10896 8799
5.1319 8799
5.13505 8799
5.1382 8799
5.14135 8799
5.14766 8799
5.15239 8799
5.15711 8799
5.16173 8799
5.16488 8799
5.16961 8799
5.17276 8799
5.17591 8799
5.18221 8799
5.18537 8799
5.18852 8799
5.19167 8799
5.1964 8799
5.20113 8799
5.22407 8799
5.22722 8799
5.23037 8799
5.23352 8799
5.23983 8799
5.24456 8799
5.24928 8799
5.2539 8799
5.25705 8799
5.26178 8799
5.26493 8799
5.26808 8799
5.27438 8799
5.27754 8799
5.28069 8799
5.28384 8799
5.28857 8799
5.2933 8799
5.31624 8799
5.31939 8799
5.32254 8799
5.32569 8799
5.332 8799
5.33673 8799
5.34145 8799
5.34607 8799
5.34922 8799
5.35395 8799
5.3571 8799
5.36025 8799
5.36656 8799
5.36971 8799
5.37286 8799
5.37601 8799
5.37916 8799
5.38232 8799
5.38704 8799
5.40998 8799
5.41314 8799
5.41629 8799
5.41944 8799
5.42574 8799
5.43047 8799
5.4352 8799
5.43981 8799
5.44297 8799
5.44769 8799
5.45085 8799
5.454 8799
5.4603 8799
5.46345 8799
5.46661 8799
5.46976 8799
5.47291 8799
5.47606 8799
5.48079 8799
5.50373 8799
5.50688 8799
5.51004 8799
5.51319 8799
5.51949 8799
5.52422 8799
5.52895 8799
5.53356 8799
5.53671 8799
5.54144 8799
5.54459 8799
5.54774 8799
5.55405 8799
5.5572 8799
5.56035 8799
5.5635 8799
5.56666 8799
5.56981 8799
5.57454 8799
5.59748 8799
5.60063 8799
5.60378 8799
5.60693 8799
5.61166 8799
5.61639 8799
5.62112 8799
5.62573 8799
5.62888 8799
5.63361 8799
5.63676 8799
5.63991 8799
5.64622 8799
5.64937 8799
5.65252 8799
5.65567 8799
5.65883 8799
5.66198 8799
5.66671 8799
5.68965 8799
5.6928 8799
5.69595 8799
5.6991 8799
5.70383 8799
5.70856 8799
5.71329 8799
5.7179 8799
5.72105 8799
5.72578 8799
5.72893 8799
5.73208 8799
5.73839 8799
5.74154 8799
5.74469 8799
5.74784 8799
5.751 8799
5.75415 8799
5.75888 8799
5.78182 8799
5.78497 8799
5.78812 8799
5.79127 8799
5.796 8799
5.80073 8799
5.80546 8799
5.80861 8799
5.81176 8799
5.81491 8799
5.81953 8799
5.82268 8799
5.82583 8799
5.83214 8799
5.83529 8799
5.83844 8799
5.84159 8799
5.84474 8799
5.8479 8799
5.85262 8799
5.87556 8799
5.87872 8799
5.88187 8799
5.88502 8799
5.88975 8799
5.89448 8799
5.8992 8799
5.90236 8799
5.90551 8799
5.90866 8799
5.91327 8799
5.91643 8799
5.91958 8799
5.92588 8799
5.92903 8799
5.93219 8799
5.93534 8799
5.93849 8799
5.94164 8799
5.94637 8799
5.96931 8799
5.97246 8799
5.97562 8799
5.97877 8799
5.9835 8799
5.98822 8799
5.99295 8799
5.9961 8799
5.99926 8799
6.00241 8799
6.00556 8799
6.00871 8799
6.01186 8799
6.01805 8799
6.0212 8799
6.02436 8799
6.02751 8799
6.03066 8799
6.03381 8799
6.03854 8799
6.06148 8799
6.06463 8799
6.06779 8799
6.07094 8799
6.07567 8799
6.08039 8799
6.08512 8799
6.08827 8799
6.09143 8799
6.09458 8799
6.09773 8799
6.10088 8799
6.10403 8799
6.11022 8799
6.11337 8799
6.11653 8799
6.11968 8799
6.12283 8799
6.12598 8799
6.13071 8799
6.15365 8799
6.1568 8799
6.15996 8799
6.16311 8799
6.16784 8799
6.17256 8799
6.17729 8799
6.18044 8799
6.1836 8799
6.18675 8799
6.1899 8799
6.19305 8799
6.1962 8799
6.19936 8799
6.20397 8799
6.20712 8799
6.21027 8799
6.21342 8799
6.21658 8799
6.21973 8799
6.22446 8799
6.2474 8799
6.25055 8799
6.2537 8799
6.25685 8799
6.26158 8799
6.26631 8799
6.27104 8799
6.27419 8799
6.27734 8799
6.28049 8799
6.28365 8799
6.2868 8799
6.28995 8799
6.2931 8799
6.29772 8799
6.30087 8799
6.30402 8799
6.30717 8799
6.31032 8799
6.31348 8799
6.3182 8799
6.34114 8799
6.3443 8799
6.34745 8799
6.3506 8799
6.35533 8799
6.36006 8799
6.36478 8799
6.36794 8799
6.37109 8799
6.37424 8799
6.37739 8799
6.38054 8799
6.3837 8799
6.38685 8799
6.39146 8799
6.39461 8799
6.39777 8799
6.40092 8799
6.40407 8799
6.40722 8799
6.41037 8799
6.43332 8799
6.43647 8799
6.43962 8799
6.44277 8799
6.4475 8799
6.45223 8799
6.45696 8799
6.46011 8799
6.46326 8799
6.46641 8799
6.46956 8799
6.47272 8799
6.47587 8799
6.47902 8799
6.48363 8799
6.48678 8799
6.48994 8799
6.49309 8799
6.49624 8799
6.49939 8799
6.50254 8799
6.52549 8799
6.52864 8799
6.53179 8799
6.53494 8799
6.53967 8799
6.5444 8799
6.54913 8799
6.55228 8799
6.55543 8799
6.55858 8799
6.56173 8799
6.56489 8799
6.56804 8799
6.57119 8799
6.5758 8799
6.57895 8799
6.58211 8799
6.58526 8799
6.58841 8799
6.59156 8799
6.59471 8799
6.61766 8799
6.62081 8799
6.62396 8799
6.62711 8799
6.63026 8799
6.63342 8799
6.63814 8799
6.64287 8799
6.64602 8799
6.64918 8799
6.65233 8799
6.65548 8799
6.65863 8799
6.66178 8799
6.66494 8799
6.66955 8799
6.6727 8799
6.67585 8799
6.679 8799
6.68216 8799
6.68531 8799
6.68846 8799
6.7114 8799
6.71455 8799
6.71771 8799
6.72086 8799
6.72401 8799
6.72716 8799
6.73189 8799
6.73662 8799
6.73977 8799
6.74292 8799
6.74607 8799
6.74923 8799
6.75238 8799
6.75553 8799
6.75868 8799
6.7633 8799
6.76645 8799
6.7696 8799
6.77275 8799
6.7759 8799
6.77906 8799
6.78221 8799
6.80515 8799
6.8083 8799
6.81145 8799
6.8146 8799
6.81776 8799
6.82091 8799
6.82564 8799
6.83036 8799
6.83352 8799
6.83667 8799
6.83982 8799
6.84297 8799
6.84612 8799
6.84928 8799
6.85243 8799
6.85558 8799
6.85873 8799
6.86188 8799
6.86504 8799
6.86819 8799
6.87134 8799
6.87449 8799
6.89732 8799
6.90047 8799
6.90362 8799
6.90678 8799
6.90993 8799
6.91308 8799
6.91781 8799
6.92254 8799
6.92569 8799
6.92884 8799
6.93199 8799
6.93514 8799
6.9383 8799
6.94145 8799
6.9446 8799
6.94775 8799
6.9509 8799
6.95406 8799
6.95721 8799
6.96036 8799
6.96351 8799
6.96666 8799
6.98949 8799
6.99264 8799
6.99579 8799
6.99895 8799
7.0021 8799
7.00525 8799
7.00998 8799
7.01471 8799
7.01786 8799
7.02101 8799
7.02416 8799
7.02731 8799
7.03047 8799
7.03362 8799
7.03677 8799
7.03992 8799
7.04307 8799
7.04623 8799
7.04938 8799
7.05253 8799
7.05568 8799
7.05883 8799
7.06199 8799
7.08324 8799
7.08639 8799
7.08954 8799
7.09269 8799
7.09584 8799
7.099 8799
7.10372 8799
7.10845 8799
7.1116 8799
7.11476 8799
7.11791 8799
7.12106 8799
7.12421 8799
7.12736 8799
7.13052 8799
7.13367 8799
7.13682 8799
7.13997 8799
7.14312 8799
7.14628 8799
7.14943 8799
7.15258 8799
7.15573 8799
7.17698 8799
7.18013 8799
7.18329 8799
7.18644 8799
7.18959 8799
7.19274 8799
7.19747 8799
7.2022 8799
7.20535 8799
7.2085 8799
7.21165 8799
7.21481 8799
7.21796 8799
7.22111 8799
7.22426 8799
7.22741 8799
7.23057 8799
7.23372 8799
7.23687 8799
7.24002 8799
7.24317 8799
7.24633 8799
7.24948 8799
7.26915 8799
7.2723 8799
7.27546 8799
7.27861 8799
7.28176 8799
7.28491 8799
7.28964 8799
7.29437 8799
7.29752 8799
7.30067 8799
7.30382 8799
7.30698 8799
7.31013 8799
7.31328 8799
7.31643 8799
7.31958 8799
7.32274 8799
7.32589 8799
7.32904 8799
7.33219 8799
7.33534 8799
7.3385 8799
7.34165 8799
7.36132 8799
7.36448 8799
7.36763 8799
7.37078 8799
7.37393 8799
7.37708 8799
7.38181 8799
7.38654 8799
7.38969 8799
7.39284 8799
7.396 8799
7.39915 8799
7.4023 8799
7.40545 8799
7.4086 8799
7.41176 8799
7.41491 8799
7.41806 8799
7.42121 8799
7.42436 8799
7.42752 8799
7.43067 8799
7.43382 8799
7.43697 8799
7.45507 8799
7.45822 8799
7.46137 8799
7.46453 8799
7.46768 8799
7.47083 8799
7.47556 8799
7.48029 8799
7.48344 8799
7.48659 8799
7.48974 8799
7.49289 8799
7.49605 8799
7.4992 8799
7.50235 8799
7.5055 8799
7.50865 8799
7.51181 8799
7.51496 8799
7.51811 8799
7.52126 8799
7.52441 8799
7.52757 8799
7.53072 8799
7.54882 8799
7.55197 8799
7.55512 8799
7.55827 8799
7.56142 8799
7.56458 8799
7.5693 8799
7.57403 8799
7.57718 8799
7.58034 8799
7.58349 8799
7.58664 8799
7.58979 8799
7.59294 8799
7.5961 8799
7.59925 8799
7.6024 8799
7.60555 8799
7.6087 8799
7.61186 8799
7.61501 8799
7.61816 8799
7.62131 8799
7.62446 8799
7.64099 8799
7.64414 8799
7.64729 8799
7.65044 8799
7.65359 8799
7.65675 8799
7.66147 8799
7.6662 8799
7.66935 8799
7.67251 8799
7.67566 8799
7.67881 8799
7.68196 8799
7.68511 8799
7.68827 8799
7.69142 8799
7.69457 8799
7.69772 8799
7.70087 8799
7.70403 8799
7.70718 8799
7.71033 8799
7.71348 8799
7.71663 8799
7.73316 8799
7.73631 8799
7.73946 8799
7.74261 8799
7.74576 8799
7.74892 8799
7.75364 8799
7.75837 8799
7.76152 8799
7.76468 8799
7.76783 8799
7.77098 8799
7.77413 8799
7.77728 8799
7.78044 8799
7.78359 8799
7.78674 8799
7.78989 8799
7.79304 8799
7.7962 8799
7.79935 8799
7.8025 8799
7.80565 8799
7.8088 8799
7.82533 8799
7.82848 8799
7.83163 8799
7.83478 8799
7.83794 8799
7.84109 8799
7.84582 8799
7.85054 8799
7.8537 8799
7.85685 8799
7.86 8799
7.86315 8799
7.8663 8799
7.86946 8799
7.87261 8799
7.87576 8799
7.87891 8799
7.88206 8799
7.88522 8799
7.88837 8799
7.89152 8799
7.89467 8799
7.89782 8799
7.90098 8799
7.90413 8799
7.91907 8799
7.92223 8799
7.92538 8799
7.92853 8799
7.93168 8799
7.93483 8799
7.93956 8799
7.94429 8799
7.94744 8799
7.95059 8799
7.95375 8799
7.9569 8799
7.96005 8799
7.9632 8799
7.96635 8799
7.96951 8799
7.97266 8799
7.97581 8799
7.97896 8799
7.98211 8799
7.98527 8799
7.98842 8799
7.99157 8799
7.99472 8799
7.99787 8799
8.01282 8799
8.01597 8799
8.01912 8799
8.02228 8799
8.02543 8799
8.02858 8799
8.03331 8799
8.03804 8799
8.04119 8799
8.04434 8799
8.04749 8799
8.05064 8799
8.0538 8799
8.05695 8799
8.0601 8799
8.06325 8799
8.0664 8799
8.06956 8799
8.07271 8799
8.07586 8799
8.07901 8799
8.08216 8799
8.08532 8799
8.08847 8799
8.09162 8799
8.10499 8799
8.10814 8799
8.11129 8799
8.11445 8799
8.1176 8799
8.12075 8799
8.12548 8799
8.13021 8799
8.13336 8799
8.13651 8799
8.13966 8799
8.14281 8799
8.14597 8799
8.14912 8799
8.15227 8799
8.15542 8799
8.15857 8799
8.16173 8799
8.16488 8799
8.16803 8799
8.17118 8799
8.17433 8799
8.17749 8799
8.18064 8799
8.18379 8799
8.19716 8799
8.20031 8799
8.20346 8799
8.20662 8799
8.20977 8799
8.21292 8799
8.21765 8799
8.22238 8799
8.22553 8799
8.22868 8799
8.23183 8799
8.23498 8799
8.23814 8799
8.24129 8799
8.24444 8799
8.24759 8799
8.25074 8799
8.2539 8799
8.25705 8799
8.2602 8799
8.26335 8799
8.2665 8799
8.26966 8799
8.27281 8799
8.27596 8799
8.27911 8799
8.29091 8799
8.29406 8799
8.29721 8799
8.30036 8799
8.30352 8799
8.30667 8799
8.3114 8799
8.31612 8799
8.31928 8799
8.32243 8799
8.32558 8799
8.32873 8799
8.33188 8799
8.33504 8799
8.33819 8799
8.34134 8799
8.34449 8799
8.34764 8799
8.3508 8799
8.35395 8799
8.3571 8799
8.36025 8799
8.3634 8799
8.36656 8799
8.36971 8799
8.37286 8799
8.38465 8799
8.38781 8799
8.39096 8799
8.39411 8799
8.39726 8799
8.40041 8799
8.40514 8799
8.40987 8799
8.41302 8799
8.41617 8799
8.41933 8799
8.42248 8799
8.42563 8799
8.42878 8799
8.43193 8799
8.43509 8799
8.43824 8799
8.44139 8799
8.44454 8799
8.44769 8799
8.45085 8799
8.454 8799
8.45715 8799
8.4603 8799
8.46345 8799
8.46661 8799
8.4784 8799
8.48155 8799
8.4847 8799
8.48786 8799
8.49101 8799
8.49416 8799
8.49731 8799
8.50204 8799
8.50519 8799
8.50834 8799
8.5115 8799
8.51465 8799
8.5178 8799
8.52095 8799
8.5241 8799
8.52726 8799
8.53041 8799
8.53356 8799
8.53671 8799
8.53986 8799
8.54302 8799
8.54617 8799
8.54932 8799
8.55247 8799
8.55562 8799
8.55878 8799
8.57057 8799
8.57372 8799
8.57687 8799
8.58003 8799
8.58318 8799
8.58633 8799
8.58948 8799
8.59421 8799
8.59736 8799
8.60051 8799
8.60367 8799
8.60682 8799
8.60997 8799
8.61312 8799
8.61627 8799
8.61943 8799
8.62258 8799
8.62573 8799
8.62888 8799
8.63203 8799
8.63519 8799
8.63834 8799
8.64149 8799
8.64464 8799
8.64779 8799
8.65095 8799
8.66274 8799
8.66589 8799
8.66904 8799
8.6722 8799
8.67535 8799
8.6785 8799
8.68165 8799
8.68638 8799
8.68953 8799
8.69268 8799
8.69584 8799
8.69899 8799
8.70214 8799
8.70529 8799
8.70844 8799
8.7116 8799
8.71475 8799
8.7179 8799
8.72105 8799
8.7242 8799
8.72736 8799
8.73051 8799
8.73366 8799
8.73681 8799
8.73996 8799
8.74312 8799
8.74627 8799
8.75649 8799
8.75964 8799
8.76279 8799
8.76594 8799
8.7691 8799
8.77225 8799
8.7754 8799
8.78013 8799
8.78328 8799
8.78643 8799
8.78958 8799
8.79274 8799
8.79589 8799
8.79904 8799
8.80219 8799
8.80534 8799
8.8085 8799
8.81165 8799
8.8148 8799
8.81795 8799
8.8211 8799
8.82426 8799
8.82741 8799
8.83056 8799
8.83371 8799
8.83686 8799
8.84002 8799
8.85023 8799
8.85339 8799
8.85654 8799
8.85969 8799
8.86284 8799
8.86599 8799
8.86915 8799
8.87387 8799
8.87703 8799
8.88018 8799
8.88333 8799
8.88648 8799
8.88963 8799
8.89279 8799
8.89594 8799
8.89909 8799
8.90224 8799
8.90539 8799
8.90855 8799
8.9117 8799
8.91485 8799
8.918 8799
8.92115 8799
8.92431 8799
8.92746 8799
8.93061 8799
8.93376 8799
8.9424 8799
8.94556 8799
8.94871 8799
8.95186 8799
8.95501 8799
8.95816 8799
8.96132 8799
8.96604 8799
8.9692 8799
8.97235 8799
8.9755 8799
8.97865 8799
8.9818 8799
8.98496 8799
8.98811 8799
8.99126 8799
8.99441 8799
8.99756 8799
9.00072 8799
9.00387 8799
9.00702 8799
9.01017 8799
9.01332 8799
9.01648 8799
9.01963 8799
9.02278 8799
9.02593 8799
9.03457 8799
9.03773 8799
9.04088 8799
9.04403 8799
9.04718 8799
9.05033 8799
9.05349 8799
9.05821 8799
9.06137 8799
9.06452 8799
9.06767 8799
9.07082 8799
9.07397 8799
9.07713 8799
9.08028 8799
9.08343 8799
9.08658 8799
9.08973 8799
9.09289 8799
9.09604 8799
9.09919 8799
9.10234 8799
9.10549 8799
9.10865 8799
9.1118 8799
9.11495 8799
9.1181 8799
9.12125 8799
9.12832 8799
9.13147 8799
9.13462 8799
9.13778 8799
9.14093 8799
9.14408 8799
9.14723 8799
9.15196 8799
9.15511 8799
9.15826 8799
9.16142 8799
9.16457 8799
9.16772 8799
9.17087 8799
9.17402 8799
9.17718 8799
9.18033 8799
9.18348 8799
9.18663 8799
9.18978 8799
9.19294 8799
9.19609 8799
9.19924 8799
9.20239 8799
9.20554 8799
9.2087 8799
9.21185 8799
9.215 8799
9.22207 8799
9.22522 8799
9.22837 8799
9.23152 8799
9.23468 8799
9.23783 8799
9.24098 8799
9.24571 8799
9.24886 8799
9.25201 8799
9.25516 8799
9.25832 8799
9.26147 8799
9.26462 8799
9.26777 8799
9.27092 8799
9.27408 8799
9.27723 8799
9.28038 8799
9.28353 8799
9.28668 8799
9.28984 8799
9.29299 8799
9.29614 8799
9.29929 8799
9.30244 8799
9.3056 8799
9.30875 8799
9.31424 8799
9.31739 8799
9.32054 8799
9.32369 8799
9.32685 8799
9.33 8799
9.33315 8799
9.33788 8799
9.34103 8799
9.34418 8799
9.34733 8799
9.35049 8799
9.35364 8799
9.35679 8799
9.35994 8799
9.36309 8799
9.36625 8799
9.3694 8799
9.37255 8799
9.3757 8799
9.37885 8799
9.38201 8799
9.38516 8799
9.38831 8799
9.39146 8799
9.39461 8799
9.39777 8799
9.40092 8799
9.40641 8799
9.40956 8799
9.41271 8799
9.41586 8799
9.41902 8799
9.42217 8799
9.42532 8799
9.43005 8799
9.4332 8799
9.43635 8799
9.4395 8799
9.44266 8799
9.44581 8799
9.44896 8799
9.45211 8799
9.45526 8799
9.45842 8799
9.46157 8799
9.46472 8799
9.46787 8799
9.47102 8799
9.47418 8799
9.47733 8799
9.48048 8799
9.48363 8799
9.48678 8799
9.48994 8799
9.49309 8799
9.49858 8799
9.50173 8799
9.50488 8799
9.50803 8799
9.51119 8799
9.51434 8799
9.51749 8799
9.52064 8799
9.52379 8799
9.52695 8799
9.5301 8799
9.53325 8799
9.5364 8799
9.53955 8799
9.54271 8799
9.54586 8799
9.54901 8799
9.55216 8799
9.55531 8799
9.55847 8799
9.56162 8799
9.56477 8799
9.56792 8799
9.57107 8799
9.57423 8799
9.57738 8799
9.58053 8799
9.58368 8799
9.58683 8799
9.59232 8799
9.59548 8799
9.59863 8799
9.60178 8799
9.60493 8799
9.60808 8799
9.61124 8799
9.61439 8799
9.61754 8799
9.62069 8799
9.62384 8799
9.627 8799
9.63015 8799
9.6333 8799
9.63645 8799
9.6396 8799
9.64276 8799
9.64591 8799
9.64906 8799
9.65221 8799
9.65536 8799
9.65852 8799
9.66167 8799
9.66482 8799
9.66797 8799
9.67112 8799
9.67428 8799
9.67743 8799
9.68058 8799
9.68607 8799
9.68922 8799
9.69238 8799
9.69553 8799
9.69868 8799
9.70183 8799
9.70498 8799
9.70814 8799
9.71129 8799
9.71444 8799
9.71759 8799
9.72074 8799
9.7239 8799
9.72705 8799
9.7302 8799
9.73335 8799
9.7365 8799
9.73966 8799
9.74281 8799
9.74596 8799
9.74911 8799
9.75226 8799
9.75542 8799
9.75857 8799
9.76172 8799
9.76487 8799
9.76802 8799
9.77117 8799
9.77433 8799
9.77824 8799
9.78139 8799
9.78455 8799
9.7877 8799
9.79085 8799
9.794 8799
9.79715 8799
9.80031 8799
9.80346 8799
9.80661 8799
9.80976 8799
9.81291 8799
9.81607 8799
9.81922 8799
9.82237 8799
9.82552 8799
9.82867 8799
9.83183 8799
9.83498 8799
9.83813 8799
9.84128 8799
9.84443 8799
9.84759 8799
9.85074 8799
9.85389 8799
9.85704 8799
9.86019 8799
9.86335 8799
9.8665 8799
9.87041 8799
9.87356 8799
9.87672 8799
9.87987 8799
9.88302 8799
9.88617 8799
9.88932 8799
9.89248 8799
9.89563 8799
9.89878 8799
9.90193 8799
9.90508 8799
9.90824 8799
9.91139 8799
9.91454 8799
9.91769 8799
9.92084 8799
9.924 8799
9.92715 8799
9.9303 8799
9.93345 8799
9.9366 8799
9.93976 8799
9.94291 8799
9.94606 8799
9.94921 8799
9.95236 8799
9.95552 8799
9.95867 8799
9.96182 8799
9.96497 8799
9.96812 8799
9.97128 8799
9.97443 8799
9.97758 8799
9.98073 8799
9.98388 8799
9.98704 8799
9.99019 8799
9.99334 8799
9.99649 8799
9.99964 8799
10.0028 8799
10.0059 8799
10.0091 8799
10.0123 8799
10.0154 8799
10.0186 8799
10.0217 8799
10.0249 8799
10.028 8799
10.0312 8799
10.0343 8799
10.0375 8799
10.0406 8799
10.0438 8799
10.0469 8799
10.0501 8799
10.0532 8799
10.0564 8799
10.0595 8799
10.0627 8799
10.0658 8799
10.069 8799
10.0721 8799
10.0753 8799
10.0784 8799
10.0816 8799
10.0847 8799
10.0879 8799
10.0911 8799
10.0942 8799
10.0974 8799
10.1005 8799
10.1037 8799
10.1068 8799
10.11 8799
10.1131 8799
10.1163 8799
10.1194 8799
10.1226 8799
10.1257 8799
10.1289 8799
10.132 8799
10.1352 8799
10.1383 8799
10.1415 8799
10.1446 8799
10.1478 8799
10.1509 8799
10.1541 8799
10.1572 8799
10.1604 8799
10.1635 8799
10.1667 8799
10.1699 8799
10.173 8799
10.1762 8799
10.1793 8799
10.1825 8799
10.1856 8799
10.1888 8799
10.1919 8799
10.1951 8799
10.1982 8799
10.2014 8799
10.2045 8799
10.2077 8799
10.2108 8799
10.214 8799
10.2171 8799
10.2203 8799
10.2234 8799
10.2266 8799
10.2297 8799
10.2329 8799
10.236 8799
10.2392 8799
10.2423 8799
10.2455 8799
10.2487 8799
10.2518 8799
10.255 8799
10.2581 8799
10.2613 8799
10.2644 8799
10.2676 8799
10.2707 8799
10.2739 8799
10.277 8799
10.2802 8799
10.2833 8799
10.2865 8799
10.2896 8799
10.2928 8799
10.2959 8799
10.2991 8799
10.3022 8799
10.3054 8799
10.3085 8799
10.3117 8799
10.3148 8799
10.318 8799
10.3211 8799
10.3243 8799
10.3275 8799
10.3306 8799
10.3338 8799
10.3369 8799
10.3401 8799
10.3432 8799
10.3464 8799
10.3495 8799
10.3527 8799
10.3558 8799
10.359 8799
10.3621 8799
10.3653 8799
10.3684 8799
10.3716 8799
10.3747 8799
10.3779 8799
10.381 8799
10.3842 8799
10.3873 8799
10.3905 8799
10.3936 8799
10.3968 8799
10.3999 8799
10.4031 8799
10.4063 8799
10.4094 8799
10.4126 8799
10.4157 8799
10.4189 8799
10.422 8799
10.4252 8799
10.4283 8799
10.4315 8799
10.4346 8799
10.4378 8799
10.4409 8799
10.4441 8799
10.4472 8799
10.4504 8799
10.4535 8799
10.4567 8799
10.4598 8799
10.463 8799
10.4661 8799
10.4693 8799
10.4724 8799
10.4756 8799
10.4787 8799
10.4819 8799
10.4851 8799
10.4882 8799
10.4914 8799
10.4945 8799
10.4977 8799
10.5008 8799
10.504 8799
10.5071 8799
10.5103 8799
10.5134 8799
10.5166 8799
10.5197 8799
10.5229 8799
10.526 8799
10.5292 8799
10.5323 8799
10.5355 8799
10.5386 8799
10.5418 8799
10.5449 8799
10.5481 8799
10.5512 8799
10.5544 8799
10.5575 8799
10.5607 8799
10.5639 8799
10.567 8799
10.5702 8799
10.5733 8799
10.5765 8799
10.5796 8799
10.5828 8799
10.5859 8799
10.5891 8799
10.5922 8799
10.5954 8799
10.5985 8799
10.6017 8799
10.6048 8799
10.608 8799
10.6111 8799
10.6143 8799
10.6174 8799
10.6206 8799
10.6237 8799
10.6269 8799
10.63 8799
10.6332 8799
10.6363 8799
10.6395 8799
10.6427 8799
10.6458 8799
10.649 8799
10.6521 8799
10.6553 8799
10.6584 8799
10.6616 8799
10.6647 8799
10.6679 8799
10.671 8799
10.6742 8799
10.6773 8799
10.6805 8799
10.6836 8799
10.6868 8799
10.6899 8799
10.6931 8799
10.6962 8799
10.6994 8799
10.7025 8799
10.7057 8799
10.7088 8799
10.712 8799
10.7151 8799
10.7183 8799
10.7215 8799
10.7246 8799
10.7278 8799
10.7309 8799
10.7341 8799
10.7372 8799
10.7404 8799
10.7435 8799
10.7467 8799
10.7498 8799
10.753 8799
10.7561 8799
10.7593 8799
10.7624 8799
10.7656 8799
10.7687 8799
10.7719 8799
10.775 8799
10.7782 8799
10.7813 8799
10.7845 8799
10.7876 8799
10.7908 8799
10.7939 8799
10.7971 8799
10.8003 8799
10.8034 8799
10.8066 8799
10.8097 8799
10.8129 8799
10.816 8799
10.8192 8799
10.8223 8799
10.8255 8799
10.8286 8799
10.8318 8799
10.8349 8799
10.8381 8799
10.8412 8799
10.8444 8799
10.8475 8799
10.8507 8799
10.8538 8799
10.857 8799
10.8601 8799
10.8633 8799
10.8664 8799
10.8696 8799
10.8727 8799
10.8759 8799
10.8791 8799
10.8822 8799
10.8854 8799
10.8885 8799
10.8917 8799
10.8948 8799
10.898 8799
10.9011 8799
10.9043 8799
10.9074 8799
10.9106 8799
10.9137 8799
10.9169 8799
10.92 8799
10.9232 8799
10.9263 8799
10.9295 8799
10.9326 8799
10.9358 8799
10.9389 8799
10.9421 8799
10.9452 8799
10.9484 8799
10.9515 8799
10.9547 8799
10.9579 8799
10.961 8799
10.9642 8799
10.9673 8799
10.9705 8799
10.9736 8799
10.9768 8799
10.9799 8799
10.9831 8799
10.9862 8799
10.9894 8799
10.9925 8799
10.9957 8799
10.9988 8799
11.002 8799
11.0051 8799
11.0083 8799
11.0114 8799
11.0146 8799
11.0177 8799
11.0209 8799
11.024 8799
11.0272 8799
11.0303 8799
11.0335 8799
11.0367 8799
11.0398 8799
11.043 8799
11.0461 8799
11.0493 8799
11.0524 8799
11.0556 8799
11.0587 8799
11.0619 8799
11.065 8799
11.0682 8799
11.0713 8799
11.0745 8799
11.0776 8799
11.0808 8799
11.0839 8799
11.0871 8799
11.0902 8799
11.0934 8799
11.0965 8799
11.0997 8799
11.1028 8799
11.106 8799
11.1091 8799
11.1123 8799
11.1155 8799
11.1186 8799
11.1218 8799
11.1249 8799
11.1281 8799
11.1312 8799
11.1344 8799
11.1375 8799
11.1407 8799
11.1438 8799
11.147 8799
11.1501 8799
11.1533 8799
11.1564 8799
11.1596 8799
11.1627 8799
11.1659 8799
11.169 8799
11.1722 8799
11.1753 8799
11.1785 8799
11.1816 8799
11.1848 8799
11.1879 8799
11.1911 8799
11.1943 8799
11.1974 8799
11.2006 8799
11.2037 8799
11.2069 8799
11.21 8799
11.2132 8799
11.2163 8799
11.2195 8799
11.2226 8799
11.2258 8799
11.2289 8799
11.2321 8799
11.2352 8799
11.2384 8799
11.2415 8799
11.2447 8799
11.2478 8799
11.251 8799
11.2541 8799
11.2573 8799
11.2604 8799
11.2636 8799
11.2667 8799
11.2699 8799
11.2731 8799
11.2762 8799
11.2794 8799
11.2825 8799
11.2857 8799
11.2888 8799
11.292 8799
11.2951 8799
11.2983 8799
11.3014 8799
11.3046 8799
11.3077 8799
11.3109 8799
11.314 8799
11.3172 8799
11.3203 8799
11.3235 8799
11.3266 8799
11.3298 8799
11.3329 8799
11.3361 8799
11.3392 8799
11.3424 8799
11.3455 8799
11.3487 8799
11.3519 8799
11.355 8799
11.3582 8799
11.3613 8799
11.3645 8799
11.3676 8799
11.3708 8799
11.3739 8799
11.3771 8799
11.3802 8799
11.3834 8799
11.3865 8799
11.3897 8799
11.3928 8799
11.396 8799
11.3991 8799
11.4023 8799
11.4054 8799
11.4086 8799
11.4117 8799
11.4149 8799
11.418 8799
11.4212 8799
11.4243 8799
11.4275 8799
11.4307 8799
11.4338 8799
11.437 8799
11.4401 8799
11.4433 8799
11.4464 8799
11.4496 8799
11.4527 8799
11.4559 8799
11.459 8799
11.4622 8799
11.4653 8799
11.4685 8799
11.4716 8799
11.4748 8799
11.4779 8799
11.4811 8799
11.4842 8799
11.4874 8799
11.4905 8799
11.4937 8799
11.4968 8799
11.5 8799
11.5031 8799
11.5063 8799
11.5095 8799
11.5126 8799
11.5158 8799
11.5189 8799
11.5221 8799
11.5252 8799
11.5284 8799
11.5315 8799
11.5347 8799
11.5378 8799
11.541 8799
11.5441 8799
11.5473 8799
11.5504 8799
11.5536 8799
11.5567 8799
11.5599 8799
11.563 8799
11.5662 8799
11.5693 8799
11.5725 8799
11.5756 8799
11.5788 8799
11.5819 8799
11.5851 8799
11.5883 8799
11.5914 8799
11.5946 8799
11.5977 8799
11.6009 8799
11.604 8799
11.6072 8799
11.6103 8799
11.6135 8799
11.6166 8799
11.6198 8799
11.6229 8799
11.6261 8799
11.6292 8799
11.6324 8799
11.6355 8799
11.6387 8799
11.6418 8799
11.645 8799
11.6481 8799
11.6513 8799
11.6544 8799
11.6576 8799
11.6607 8799
11.6639 8799
11.6671 8799
11.6702 8799
11.6734 8799
11.6765 8799
11.6797 8799
11.6828 8799
11.686 8799
11.6891 8799
11.6923 8799
11.6954 8799
11.6986 8799
11.7017 8799
11.7049 8799
11.708 8799
11.7112 8799
11.7143 8799
11.7175 8799
11.7206 8799
11.7238 8799
11.7269 8799
11.7301 8799
11.7332 8799
11.7364 8799
11.7395 8799
11.7427 8799
11.7459 8799
11.749 8799
11.7522 8799
11.7553 8799
11.7585 8799
11.7616 8799
11.7648 8799
11.7679 8799
11.7711 8799
11.7742 8799
11.7774 8799
11.7805 8799
11.7837 8799
11.7868 8799
11.79 8799
11.7931 8799
11.7963 8799
11.7994 8799
11.8026 8799
11.8057 8799
11.8089 8799
11.812 8799
11.8152 8799
11.8183 8799
11.8215 8799
11.8247 8799
11.8278 8799
11.831 8799
11.8341 8799
11.8373 8799
11.8404 8799
11.8436 8799
11.8467 8799
11.8499 8799
11.853 8799
11.8562 8799
11.8593 8799
11.8625 8799
11.8656 8799
11.8688 8799
11.8719 8799
11.8751 8799
11.8782 8799
11.8814 8799
11.8845 8799
11.8877 8799
11.8908 8799
11.894 8799
11.8971 8799
11.9003 8799
11.9035 8799
11.9066 8799
11.9098 8799
11.9129 8799
11.9161 8799
11.9192 8799
11.9224 8799
11.9255 8799
11.9287 8799
11.9318 8799
11.935 8799
11.9381 8799
11.9413 8799
11.9444 8799
11.9476 8799
11.9507 8799
11.9539 8799
11.957 8799
11.9602 8799
11.9633 8799
11.9665 8799
11.9696 8799
11.9728 8799
11.9759 8799
11.9791 8799
11.9823 8799
11.9854 8799
11.9886 8799
11.9917 8799
11.9949 8799
11.998 8799
12.0012 8799
12.0043 8799
12.0075 8799
12.0106 8799
12.0138 8799
12.0169 8799
12.0201 8799
12.0232 8799
12.0264 8799
12.0295 8799
12.0327 8799
12.0358 8799
12.039 8799
12.0421 8799
12.0453 8799
12.0484 8799
12.0516 8799
12.0547 8799
12.0579 8799
12.0611 8799
12.0642 8799
12.0674 8799
12.0705 8799
12.0737 8799
12.0768 8799
12.08 8799
12.0831 8799
12.0863 8799
12.0894 8799
12.0926 8799
12.0957 8799
12.0989 8799
12.102 8799
12.1052 8799
12.1083 8799
12.1115 8799
12.1146 8799
12.1178 8799
12.1209 8799
12.1241 8799
12.1272 8799
12.1304 8799
12.1335 8799
12.1367 8799
12.1399 8799
12.143 8799
12.1462 8799
12.1493 8799
12.1525 8799
12.1556 8799
12.1588 8799
12.1619 8799
12.1651 8799
12.1682 8799
12.1714 8799
12.1745 8799
12.1777 8799
12.1808 8799
12.184 8799
12.1871 8799
12.1903 8799
12.1934 8799
12.1966 8799
12.1997 8799
12.2029 8799
12.206 8799
12.2092 8799
12.2123 8799
12.2155 8799
12.2187 8799
12.2218 8799
12.225 8799
12.2281 8799
12.2313 8799
12.2344 8799
12.2376 8799
12.2407 8799
12.2439 8799
12.247 8799
12.2502 8799
12.2533 8799
12.2565 8799
12.2596 8799
12.2628 8799
12.2659 8799
12.2691 8799
12.2722 8799
12.2754 8799
12.2785 8799
12.2817 8799
12.2848 8799
12.288 8799
12.2911 8799
12.2943 8799
12.2975 8799
12.3006 8799
12.3038 8799
12.3069 8799
12.3101 8799
12.3132 8799
12.3164 8799
12.3195 8799
12.3227 8799
12.3258 8799
12.329 8799
12.3321 8799
12.3353 8799
12.3384 8799
12.3416 8799
12.3447 8799
12.3479 8799
12.351 8799
12.3542 8799
12.3573 8799
12.3605 8799
12.3636 8799
12.3668 8799
12.3699 8799
12.3731 8799
12.3763 8799
12.3794 8799
12.3826 8799
12.3857 8799
12.3889 8799
12.392 8799
12.3952 8799
12.3983 8799
12.4015 8799
12.4046 8799
12.4078 8799
12.4109 8799
12.4141 8799
12.4172 8799
12.4204 8799
12.4235 8799
12.4267 8799
12.4298 8799
12.433 8799
12.4361 8799
12.4393 8799
12.4424 8799
12.4456 8799
12.4487 8799
12.4519 8799
12.4551 8799
12.4582 8799
12.4614 8799
12.4645 8799
12.4677 8799
12.4708 8799
12.474 8799
12.4771 8799
12.4803 8799
12.4834 8799
12.4866 8799
12.4897 8799
12.4929 8799
12.496 8799
12.4992 8799
12.5023 8799
12.5055 8799
12.5086 8799
12.5118 8799
12.5149 8799
12.5181 8799
12.5212 8799
12.5244 8799
12.5275 8799
12.5307 8799
12.5339 8799
12.537 8799
12.5402 8799
12.5433 8799
12.5465 8799
12.5496 8799
12.5528 8799
12.5559 8799
12.5591 8799
12.5622 8799
12.5654 8799
12.5685 8799
12.5717 8799
12.5748 8799
12.578 8799
12.5811 8799
12.5843 8799
12.5874 8799
12.5906 8799
12.5937 8799
12.5969 8799
12.6 8799
12.6032 8799
12.6063 8799
12.6095 8799
12.6127 8799
12.6158 8799
12.619 8799
12.6221 8799
12.6253 8799
12.6284 8799
12.6316 8799
12.6347 8799
12.6379 8799
12.641 8799
12.6442 8799
12.6473 8799
12.6505 8799
12.6536 8799
12.6568 8799
12.6599 8799
12.6631 8799
12.6662 8799
12.6694 8799
12.6725 8799
12.6757 8799
12.6788 8799
12.682 8799
12.6851 8799
12.6883 8799
12.6915 8799
12.6946 8799
12.6978 8799
12.7009 8799
12.7041 8799
12.7072 8799
12.7104 8799
12.7135 8799
12.7167 8799
12.7198 8799
12.723 8799
12.7261 8799
12.7293 8799
12.7324 8799
12.7356 8799
12.7387 8799
12.7419 8799
12.745 8799
12.7482 8799
12.7513 8799
12.7545 8799
12.7576 8799
12.7608 8799
12.7639 8799
12.7671 8799
12.7703 8799
12.7734 8799
12.7766 8799
12.7797 8799
12.7829 8799
12.786 8799
12.7892 8799
12.7923 8799
12.7955 8799
12.7986 8799
12.8018 8799
12.8049 8799
12.8081 8799
12.8112 8799
12.8144 8799
12.8175 8799
12.8207 8799
12.8238 8799
12.827 8799
12.8301 8799
12.8333 8799
12.8364 8799
12.8396 8799
12.8427 8799
12.8459 8799
12.849 8799
12.8522 8799
12.8554 8799
12.8585 8799
12.8617 8799
12.8648 8799
12.868 8799
12.8711 8799
12.8743 8799
12.8774 8799
12.8806 8799
12.8837 8799
12.8869 8799
12.89 8799
12.8932 8799
12.8963 8799
12.8995 8799
12.9026 8799
12.9058 8799
12.9089 8799
12.9121 8799
12.9152 8799
12.9184 8799
12.9215 8799
12.9247 8799
12.9278 8799
12.931 8799
12.9342 8799
12.9373 8799
12.9405 8799
12.9436 8799
12.9468 8799
12.9499 8799
12.9531 8799
12.9562 8799
12.9594 8799
12.9625 8799
12.9657 8799
12.9688 8799
12.972 8799
12.9751 8799
12.9783 8799
12.9814 8799
12.9846 8799
12.9877 8799
12.9909 8799
12.994 8799
12.9972 8799
13.0003 8799
13.0035 8799
13.0066 8799
13.0098 8799
13.013 8799
13.0161 8799
13.0193 8799
13.0224 8799
13.0256 8799
13.0287 8799
13.0319 8799
13.035 8799
13.0382 8799
13.0413 8799
13.0445 8799
13.0476 8799
13.0508 8799
13.0539 8799
13.0571 8799
13.0602 8799
13.0634 8799
13.0665 8799
13.0697 8799
13.0728 8799
13.076 8799
13.0791 8799
13.0823 8799
13.0854 8799
13.0886 8799
13.0918 8799
13.0949 8799
13.0981 8799
13.1012 8799
13.1044 8799
13.1075 8799
13.1107 8799
13.1138 8799
13.117 8799
13.1201 8799
13.1233 8799
13.1264 8799
13.1296 8799
13.1327 8799
13.1359 8799
13.139 8799
13.1422 8799
13.1453 8799
13.1485 8799
13.1516 8799
13.1548 8799
13.1579 8799
13.1611 8799
13.1642 8799
13.1674 8799
13.1706 8799
13.1737 8799
13.1769 8799
13.18 8799
13.1832 8799
13.1863 8799
13.1895 8799
13.1926 8799
13.1958 8799
13.1989 8799
13.2021 8799
13.2052 8799
13.2084 8799
13.2115 8799
13.2147 8799
13.2178 8799
13.221 8799
13.2241 8799
13.2273 8799
13.2304 8799
13.2336 8799
13.2367 8799
13.2399 8799
13.243 8799
13.2462 8799
13.2494 8799
13.2525 8799
13.2557 8799
13.2588 8799
13.262 8799
13.2651 8799
13.2683 8799
13.2714 8799
13.2746 8799
13.2777 8799
13.2809 8799
13.284 8799
13.2872 8799
13.2903 8799
13.2935 8799
13.2966 8799
13.2998 8799
13.3029 8799
13.3061 8799
13.3092 8799
13.3124 8799
13.3155 8799
13.3187 8799
13.3218 8799
13.325 8799
13.3282 8799
13.3313 8799
13.3345 8799
13.3376 8799
13.3408 8799
13.3439 8799
13.3471 8799
13.3502 8799
13.3534 8799
13.3565 8799
13.3597 8799
13.3628 8799
13.366 8799
13.3691 8799
13.3723 8799
13.3754 8799
13.3786 8799
13.3817 8799
13.3849 8799
13.388 8799
13.3912 8799
13.3943 8799
13.3975 8799
13.4006 8799
13.4038 8799
13.407 8799
13.4101 8799
13.4133 8799
13.4164 8799
13.4196 8799
13.4227 8799
13.4259 8799
13.429 8799
13.4322 8799
13.4353 8799
13.4385 8799
13.4416 8799
13.4448 8799
13.4479 8799
13.4511 8799
13.4542 8799
13.4574 8799
13.4605 8799
13.4637 8799
13.4668 8799
13.47 8799
13.4731 8799
13.4763 8799
13.4794 8799
13.4826 8799
13.4858 8799
13.4889 8799
13.4921 8799
13.4952 8799
13.4984 8799
13.5015 8799
13.5047 8799
13.5078 8799
13.511 8799
13.5141 8799
13.5173 8799
13.5204 8799
13.5236 8799
13.5267 8799
13.5299 8799
13.533 8799
13.5362 8799
13.5393 8799
13.5425 8799
13.5456 8799
13.5488 8799
13.5519 8799
13.5551 8799
13.5582 8799
13.5614 8799
13.5646 8799
13.5677 8799
13.5709 8799
13.574 8799
13.5772 8799
13.5803 8799
13.5835 8799
13.5866 8799
13.5898 8799
13.5929 8799
13.5961 8799
13.5992 8799
13.6024 8799
13.6055 8799
13.6087 8799
13.6118 8799
13.615 8799
13.6181 8799
13.6213 8799
13.6244 8799
13.6276 8799
13.6307 8799
13.6339 8799
13.637 8799
13.6402 8799
13.6434 8799
13.6465 8799
13.6497 8799
13.6528 8799
13.656 8799
13.6591 8799
13.6623 8799
13.6654 8799
13.6686 8799
13.6717 8799
13.6749 8799
13.678 8799
13.6812 8799
13.6843 8799
13.6875 8799
13.6906 8799
13.6938 8799
13.6969 8799
13.7001 8799
13.7032 8799
13.7064 8799
13.7095 8799
13.7127 8799
13.7158 8799
13.719 8799
13.7222 8799
13.7253 8799
13.7285 8799
13.7316 8799
13.7348 8799
13.7379 8799
13.7411 8799
13.7442 8799
13.7474 8799
13.7505 8799
13.7537 8799
13.7568 8799
13.76 8799
13.7631 8799
13.7663 8799
13.7694 8799
13.7726 8799
13.7757 8799
13.7789 8799
13.782 8799
13.7852 8799
13.7883 8799
13.7915 8799
13.7946 8799
13.7978 8799
13.801 8799
13.8041 8799
13.8073 8799
13.8104 8799
13.8136 8799
13.8167 8799
13.8199 8799
13.823 8799
13.8262 8799
13.8293 8799
13.8325 8799
13.8356 8799
13.8388 8799
13.8419 8799
13.8451 8799
13.8482 8799
13.8514 8799
13.8545 8799
13.8577 8799
13.8608 8799
13.864 8799
13.8671 8799
13.8703 8799
13.8734 8799
13.8766 8799
13.8798 8799
13.8829 8799
13.8861 8799
13.8892 8799
13.8924 8799
13.8955 8799
13.8987 8799
13.9018 8799
13.905 8799
13.9081 8799
13.9113 8799
13.9144 8799
13.9176 8799
13.9207 8799
13.9239 8799
13.927 8799
13.9302 8799
13.9333 8799
13.9365 8799
13.9396 8799
13.9428 8799
13.9459 8799
13.9491 8799
13.9522 8799
13.9554 8799
13.9586 8799
13.9617 8799
13.9649 8799
13.968 8799
13.9712 8799
13.9743 8799
13.9775 8799
13.9806 8799
13.9838 8799
13.9869 8799
13.9901 8799
13.9932 8799
13.9964 8799
13.9995 8799
14.0027 8799
14.0058 8799
14.009 8799
14.0121 8799
14.0153 8799
14.0184 8799
14.0216 8799
14.0247 8799
14.0279 8799
14.031 8799
14.0342 8799
14.0374 8799
14.0405 8799
14.0437 8799
14.0468 8799
14.05 8799
14.0531 8799
14.0563 8799
14.0594 8799
14.0626 8799
14.0657 8799
14.0689 8799
14.072 8799
14.0752 8799
14.0783 8799
14.0815 8799
14.0846 8799
14.0878 8799
14.0909 8799
14.0941 8799
14.0972 8799
14.1004 8799
14.1035 8799
14.1067 8799
14.1098 8799
14.113 8799
14.1162 8799
14.1193 8799
14.1225 8799
14.1256 8799
14.1288 8799
14.1319 8799
14.1351 8799
14.1382 8799
14.1414 8799
14.1445 8799
14.1477 8799
14.1508 8799
14.154 8799
14.1571 8799
14.1603 8799
14.1634 8799
14.1666 8799
14.1697 8799
14.1729 8799
14.176 8799
14.1792 8799
14.1823 8799
14.1855 8799
14.1886 8799
14.1918 8799
14.195 8799
14.1981 8799
14.2013 8799
14.2044 8799
14.2076 8799
14.2107 8799
14.2139 8799
14.217 8799
14.2202 8799
14.2233 8799
14.2265 8799
14.2296 8799
14.2328 8799
14.2359 8799
14.2391 8799
14.2422 8799
14.2454 8799
14.2485 8799
14.2517 8799
14.2548 8799
14.258 8799
14.2611 8799
14.2643 8799
14.2674 8799
14.2706 8799
14.2738 8799
14.2769 8799
14.2801 8799
14.2832 8799
14.2864 8799
14.2895 8799
14.2927 8799
14.2958 8799
14.299 8799
14.3021 8799
14.3053 8799
14.3084 8799
14.3116 8799
14.3147 8799
14.3179 8799
14.321 8799
14.3242 8799
14.3273 8799
14.3305 8799
14.3336 8799
14.3368 8799
14.3399 8799
14.3431 8799
14.3462 8799
14.3494 8799
14.3526 8799
14.3557 8799
14.3589 8799
14.362 8799
14.3652 8799
14.3683 8799
14.3715 8799
14.3746 8799
14.3778 8799
14.3809 8799
14.3841 8799
14.3872 8799
14.3904 8799
14.3935 8799
14.3967 8799
14.3998 8799
14.403 8799
14.4061 8799
14.4093 8799
14.4124 8799
14.4156 8799
14.4187 8799
14.4219 8799
14.425 8799
14.4282 8799
14.4314 8799
14.4345 8799
14.4377 8799
14.4408 8799
14.444 8799
14.4471 8799
14.4503 8799
14.4534 8799
14.4566 8799
14.4597 8799
14.4629 8799
14.466 8799
14.4692 8799
14.4723 8799
14.4755 8799
14.4786 8799
14.4818 8799
14.4849 8799
14.4881 8799
14.4912 8799
14.4944 8799
14.4975 8799
14.5007 8799
14.5038 8799
14.507 8799
14.5102 8799
14.5133 8799
14.5165 8799
14.5196 8799
14.5228 8799
14.5259 8799
14.5291 8799
14.5322 8799
14.5354 8799
14.5385 8799
14.5417 8799
14.5448 8799
14.548 8799
14.5511 8799
14.5543 8799
14.5574 8799
14.5606 8799
14.5637 8799
14.5669 8799
14.57 8799
14.5732 8799
14.5763 8799
14.5795 8799
14.5826 8799
14.5858 8799
14.589 8799
14.5921 8799
14.5953 8799
14.5984 8799
14.6016 8799
14.6047 8799
14.6079 8799
14.611 8799
14.6142 8799
14.6173 8799
14.6205 8799
14.6236 8799
14.6268 8799
14.6299 8799
14.6331 8799
14.6362 8799
14.6394 8799
14.6425 8799
14.6457 8799
14.6488 8799
14.652 8799
14.6551 8799
14.6583 8799
14.6614 8799
14.6646 8799
14.6678 8799
14.6709 8799
14.6741 8799
14.6772 8799
14.6804 8799
14.6835 8799
14.6867 8799
14.6898 8799
14.693 8799
14.6961 8799
14.6993 8799
14.7024 8799
14.7056 8799
14.7087 8799
14.7119 8799
14.715 8799
14.7182 8799
14.7213 8799
14.7245 8799
14.7276 8799
14.7308 8799
14.7339 8799
14.7371 8799
14.7402 8799
14.7434 8799
14.7466 8799
14.7497 8799
14.7529 8799
14.756 8799
14.7592 8799
14.7623 8799
14.7655 8799
14.7686 8799
14.7718 8799
14.7749 8799
14.7781 8799
14.7812 8799
14.7844 8799
14.7875 8799
14.7907 8799
14.7938 8799
14.797 8799
14.8001 8799
14.8033 8799
14.8064 8799
14.8096 8799
14.8127 8799
14.8159 8799
14.819 8799
14.8222 8799
14.8254 8799
14.8285 8799
14.8317 8799
14.8348 8799
14.838 8799
14.8411 8799
14.8443 8799
14.8474 8799
14.8506 8799
14.8537 8799
14.8569 8799
14.86 8799
14.8632 8799
14.8663 8799
14.8695 8799
14.8726 8799
14.8758 8799
14.8789 8799
14.8821 8799
14.8852 8799
14.8884 8799
14.8915 8799
14.8947 8799
14.8978 8799
14.901 8799
14.9042 8799
14.9073 8799
14.9105 8799
14.9136 8799
14.9168 8799
14.9199 8799
14.9231 8799
14.9262 8799
14.9294 8799
14.9325 8799
14.9357 8799
14.9388 8799
14.942 8799
14.9451 8799
14.9483 8799
14.9514 8799
14.9546 8799
14.9577 8799
14.9609 8799
14.964 8799
14.9672 8799
14.9703 8799
14.9735 8799
14.9766 8799
14.9798 8799
14.983 8799
14.9861 8799
14.9893 8799
14.9924 8799
14.9956 8799
14.9987 8799
15.0019 8799
15.005 8799
15.0082 8799
15.0113 8799
15.0145 8799
15.0176 8799
15.0208 8799
15.0239 8799
15.0271 8799
15.0302 8799
15.0334 8799
15.0365 8799
15.0397 8799
15.0428 8799
15.046 8799
15.0491 8799
15.0523 8799
15.0554 8799
15.0586 8799
15.0618 8799
15.0649 8799
15.0681 8799
15.0712 8799
15.0744 8799
15.0775 8799
15.0807 8799
15.0838 8799
15.087 8799
15.0901 8799
15.0933 8799
15.0964 8799
15.0996 8799
15.1027 8799
15.1059 8799
15.109 8799
15.1122 8799
15.1153 8799
15.1185 8799
15.1216 8799
15.1248 8799
15.1279 8799
15.1311 8799
15.1342 8799
15.1374 8799
15.1406 8799
15.1437 8799
15.1469 8799
15.15 8799
15.1532 8799
15.1563 8799
15.1595 8799
15.1626 8799
15.1658 8799
15.1689 8799
15.1721 8799
15.1752 8799
15.1784 8799
15.1815 8799
15.1847 8799
15.1878 8799
15.191 8799
15.1941 8799
15.1973 8799
15.2004 8799
15.2036 8799
15.2067 8799
15.2099 8799
15.213 8799
15.2162 8799
15.2194 8799
15.2225 8799
15.2257 8799
15.2288 8799
15.232 8799
15.2351 8799
15.2383 8799
15.2414 8799
15.2446 8799
15.2477 8799
15.2509 8799
15.254 8799
15.2572 8799
15.2603 8799
15.2635 8799
15.2666 8799
15.2698 8799
15.2729 8799
15.2761 8799
15.2792 8799
15.2824 8799
15.2855 8799
15.2887 8799
15.2918 8799
15.295 8799
15.2982 8799
15.3013 8799
15.3045 8799
15.3076 8799
15.3108 8799
15.3139 8799
15.3171 8799
15.3202 8799
15.3234 8799
15.3265 8799
15.3297 8799
15.3328 8799
15.336 8799
15.3391 8799
15.3423 8799
15.3454 8799
15.3486 8799
15.3517 8799
15.3549 8799
15.358 8799
15.3612 8799
15.3643 8799
15.3675 8799
15.3706 8799
15.3738 8799
15.377 8799
15.3801 8799
15.3833 8799
15.3864 8799
15.3896 8799
15.3927 8799
15.3959 8799
15.399 8799
15.4022 8799
15.4053 8799
15.4085 8799
15.4116 8799
15.4148 8799
15.4179 8799
15.4211 8799
15.4242 8799
15.4274 8799
15.4305 8799
15.4337 8799
15.4368 8799
15.44 8799
15.4431 8799
15.4463 8799
15.4494 8799
15.4526 8799
15.4558 8799
15.4589 8799
15.4621 8799
15.4652 8799
15.4684 8799
15.4715 8799
15.4747 8799
15.4778 8799
15.481 8799
15.4841 8799
15.4873 8799
15.4904 8799
15.4936 8799
15.4967 8799
15.4999 8799
15.503 8799
15.5062 8799
15.5093 8799
15.5125 8799
15.5156 8799
15.5188 8799
15.5219 8799
15.5251 8799
15.5282 8799
15.5314 8799
15.5346 8799
15.5377 8799
15.5409 8799
15.544 8799
15.5472 8799
15.5503 8799
15.5535 8799
15.5566 8799
15.5598 8799
15.5629 8799
15.5661 8799
15.5692 8799
15.5724 8799
15.5755 8799
15.5787 8799
15.5818 8799
15.585 8799
15.5881 8799
15.5913 8799
15.5944 8799
15.5976 8799
15.6007 8799
15.6039 8799
15.607 8799
15.6102 8799
15.6134 8799
15.6165 8799
15.6197 8799
15.6228 8799
15.626 8799
15.6291 8799
15.6323 8799
15.6354 8799
15.6386 8799
15.6417 8799
15.6449 8799
15.648 8799
15.6512 8799
15.6543 8799
15.6575 8799
15.6606 8799
15.6638 8799
15.6669 8799
15.6701 8799
15.6732 8799
15.6764 8799
15.6795 8799
15.6827 8799
15.6858 8799
15.689 8799
15.6922 8799
15.6953 8799
15.6985 8799
15.7016 8799
15.7048 8799
15.7079 8799
15.7111 8799
15.7142 8799
15.7174 8799
15.7205 8799
15.7237 8799
15.7268 8799
15.73 8799
15.7331 8799
15.7363 8799
15.7394 8799
15.7426 8799
15.7457 8799
15.7489 8799
15.752 8799
15.7552 8799
15.7583 8799
15.7615 8799
15.7646 8799
15.7678 8799
15.771 8799
15.7741 8799
15.7773 8799
15.7804 8799
15.7836 8799
15.7867 8799
15.7899 8799
15.793 8799
15.7962 8799
15.7993 8799
15.8025 8799
15.8056 8799
15.8088 8799
15.8119 8799
15.8151 8799
15.8182 8799
15.8214 8799
15.8245 8799
15.8277 8799
15.8308 8799
15.834 8799
15.8371 8799
15.8403 8799
15.8434 8799
15.8466 8799
15.8498 8799
15.8529 8799
15.8561 8799
15.8592 8799
15.8624 8799
15.8655 8799
15.8687 8799
15.8718 8799
15.875 8799
15.8781 8799
15.8813 8799
15.8844 8799
15.8876 8799
15.8907 8799
15.8939 8799
15.897 8799
15.9002 8799
15.9033 8799
15.9065 8799
15.9096 8799
15.9128 8799
15.9159 8799
15.9191 8799
15.9222 8799
15.9254 8799
15.9286 8799
15.9317 8799
15.9349 8799
15.938 8799
15.9412 8799
15.9443 8799
15.9475 8799
15.9506 8799
15.9538 8799
15.9569 8799
15.9601 8799
15.9632 8799
15.9664 8799
15.9695 8799
15.9727 8799
15.9758 8799
15.979 8799
15.9821 8799
15.9853 8799
15.9884 8799
15.9916 8799
15.9947 8799
15.9979 8799
16.001 8799
16.0042 8799
16.0074 8799
16.0105 8799
16.0137 8799
16.0168 8799
16.02 8799
16.0231 8799
16.0263 8799
16.0294 8799
16.0326 8799
16.0357 8799
16.0389 8799
16.042 8799
16.0452 8799
16.0483 8799
16.0515 8799
16.0546 8799
16.0578 8799
16.0609 8799
16.0641 8799
16.0672 8799
16.0704 8799
16.0735 8799
16.0767 8799
16.0798 8799
16.083 8799
16.0862 8799
16.0893 8799
16.0925 8799
16.0956 8799
16.0988 8799
16.1019 8799
16.1051 8799
16.1082 8799
16.1114 8799
16.1145 8799
16.1177 8799
16.1208 8799
16.124 8799
16.1271 8799
16.1303 8799
16.1334 8799
16.1366 8799
16.1397 8799
16.1429 8799
16.146 8799
16.1492 8799
16.1523 8799
16.1555 8799
16.1586 8799
16.1618 8799
16.165 8799
16.1681 8799
16.1713 8799
16.1744 8799
16.1776 8799
16.1807 8799
16.1839 8799
16.187 8799
16.1902 8799
16.1933 8799
16.1965 8799
16.1996 8799
16.2028 8799
16.2059 8799
16.2091 8799
16.2122 8799
16.2154 8799
16.2185 8799
16.2217 8799
16.2248 8799
16.228 8799
16.2311 8799
16.2343 8799
16.2374 8799
16.2406 8799
16.2438 8799
16.2469 8799
16.2501 8799
16.2532 8799
16.2564 8799
16.2595 8799
16.2627 8799
16.2658 8799
16.269 8799
16.2721 8799
16.2753 8799
16.2784 8799
16.2816 8799
16.2847 8799
16.2879 8799
16.291 8799
16.2942 8799
16.2973 8799
16.3005 8799
16.3036 8799
16.3068 8799
16.3099 8799
16.3131 8799
16.3162 8799
16.3194 8799
16.3226 8799
16.3257 8799
16.3289 8799
16.332 8799
16.3352 8799
16.3383 8799
16.3415 8799
16.3446 8799
16.3478 8799
16.3509 8799
16.3541 8799
16.3572 8799
16.3604 8799
16.3635 8799
16.3667 8799
16.3698 8799
16.373 8799
16.3761 8799
16.3793 8799
16.3824 8799
16.3856 8799
16.3887 8799
16.3919 8799
16.395 8799
16.3982 8799
16.4014 8799
16.4045 8799
16.4077 8799
16.4108 8799
16.414 8799
16.4171 8799
16.4203 8799
16.4234 8799
16.4266 8799
16.4297 8799
16.4329 8799
16.436 8799
16.4392 8799
16.4423 8799
16.4455 8799
16.4486 8799
16.4518 8799
16.4549 8799
16.4581 8799
16.4612 8799
16.4644 8799
16.4675 8799
16.4707 8799
16.4738 8799
16.477 8799
16.4802 8799
16.4833 8799
16.4865 8799
16.4896 8799
16.4928 8799
16.4959 8799
16.4991 8799
16.5022 8799
16.5054 8799
16.5085 8799
16.5117 8799
16.5148 8799
16.518 8799
16.5211 8799
16.5243 8799
16.5274 8799
16.5306 8799
16.5337 8799
16.5369 8799
16.54 8799
16.5432 8799
16.5463 8799
16.5495 8799
16.5526 8799
16.5558 8799
16.559 8799
16.5621 8799
16.5653 8799
16.5684 8799
16.5716 8799
16.5747 8799
16.5779 8799
16.581 8799
16.5842 8799
16.5873 8799
16.5905 8799
16.5936 8799
16.5968 8799
16.5999 8799
16.6031 8799
16.6062 8799
16.6094 8799
16.6125 8799
16.6157 8799
16.6188 8799
16.622 8799
16.6251 8799
16.6283 8799
16.6314 8799
16.6346 8799
16.6378 8799
16.6409 8799
16.6441 8799
16.6472 8799
16.6504 8799
16.6535 8799
16.6567 8799
16.6598 8799
16.663 8799
16.6661 8799
16.6693 8799
16.6724 8799
16.6756 8799
16.6787 8799
16.6819 8799
16.685 8799
16.6882 8799
16.6913 8799
16.6945 8799
16.6976 8799
16.7008 8799
16.7039 8799
16.7071 8799
16.7102 8799
16.7134 8799
16.7166 8799
16.7197 8799
16.7229 8799
16.726 8799
16.7292 8799
16.7323 8799
16.7355 8799
16.7386 8799
16.7418 8799
16.7449 8799
16.7481 8799
16.7512 8799
16.7544 8799
16.7575 8799
16.7607 8799
16.7638 8799
16.767 8799
16.7701 8799
16.7733 8799
16.7764 8799
16.7796 8799
16.7827 8799
16.7859 8799
16.789 8799
16.7922 8799
16.7954 8799
16.7985 8799
16.8017 8799
16.8048 8799
16.808 8799
16.8111 8799
16.8143 8799
16.8174 8799
16.8206 8799
16.8237 8799
16.8269 8799
16.83 8799
16.8332 8799
16.8363 8799
16.8395 8799
16.8426 8799
16.8458 8799
16.8489 8799
16.8521 8799
16.8552 8799
16.8584 8799
16.8615 8799
16.8647 8799
16.8678 8799
16.871 8799
16.8742 8799
16.8773 8799
16.8805 8799
16.8836 8799
16.8868 8799
16.8899 8799
16.8931 8799
16.8962 8799
16.8994 8799
16.9025 8799
16.9057 8799
16.9088 8799
16.912 8799
16.9151 8799
16.9183 8799
16.9214 8799
16.9246 8799
16.9277 8799
16.9309 8799
16.934 8799
16.9372 8799
16.9403 8799
16.9435 8799
16.9466 8799
16.9498 8799
16.953 8799
16.9561 8799
16.9593 8799
16.9624 8799
16.9656 8799
16.9687 8799
16.9719 8799
16.975 8799
16.9782 8799
16.9813 8799
16.9845 8799
16.9876 8799
16.9908 8799
16.9939 8799
16.9971 8799
17.0002 8799
17.0034 8799
17.0065 8799
17.0097 8799
17.0128 8799
17.016 8799
17.0191 8799
17.0223 8799
17.0254 8799
17.0286 8799
17.0318 8799
17.0349 8799
17.0381 8799
17.0412 8799
17.0444 8799
17.0475 8799
17.0507 8799
17.0538 8799
17.057 8799
17.0601 8799
17.0633 8799
17.0664 8799
17.0696 8799
17.0727 8799
17.0759 8799
17.079 8799
17.0822 8799
17.0853 8799
17.0885 8799
17.0916 8799
17.0948 8799
17.0979 8799
17.1011 8799
17.1042 8799
17.1074 8799
17.1106 8799
17.1137 8799
17.1169 8799
17.12 8799
17.1232 8799
17.1263 8799
17.1295 8799
17.1326 8799
17.1358 8799
17.1389 8799
17.1421 8799
17.1452 8799
17.1484 8799
17.1515 8799
17.1547 8799
17.1578 8799
17.161 8799
17.1641 8799
17.1673 8799
17.1704 8799
17.1736 8799
17.1767 8799
17.1799 8799
17.183 8799
17.1862 8799
17.1894 8799
17.1925 8799
17.1957 8799
17.1988 8799
17.202 8799
17.2051 8799
17.2083 8799
17.2114 8799
17.2146 8799
17.2177 8799
17.2209 8799
17.224 8799
17.2272 8799
17.2303 8799
17.2335 8799
17.2366 8799
17.2398 8799
17.2429 8799
17.2461 8799
17.2492 8799
17.2524 8799
17.2555 8799
17.2587 8799
17.2618 8799
17.265 8799
17.2682 8799
17.2713 8799
17.2745 8799
17.2776 8799
17.2808 8799
17.2839 8799
17.2871 8799
17.2902 8799
17.2934 8799
17.2965 8799
17.2997 8799
17.3028 8799
17.306 8799
17.3091 8799
17.3123 8799
17.3154 8799
17.3186 8799
17.3217 8799
17.3249 8799
17.328 8799
17.3312 8799
17.3343 8799
17.3375 8799
17.3406 8799
17.3438 8799
17.347 8799
17.3501 8799
17.3533 8799
17.3564 8799
17.3596 8799
17.3627 8799
17.3659 8799
17.369 8799
17.3722 8799
17.3753 8799
17.3785 8799
17.3816 8799
17.3848 8799
17.3879 8799
17.3911 8799
17.3942 8799
17.3974 8799
17.4005 8799
17.4037 8799
17.4068 8799
17.41 8799
17.4131 8799
17.4163 8799
17.4194 8799
17.4226 8799
17.4258 8799
17.4289 8799
17.4321 8799
17.4352 8799
17.4384 8799
17.4415 8799
17.4447 8799
17.4478 8799
17.451 8799
17.4541 8799
17.4573 8799
17.4604 8799
17.4636 8799
17.4667 8799
17.4699 8799
17.473 8799
17.4762 8799
17.4793 8799
17.4825 8799
17.4856 8799
17.4888 8799
17.4919 8799
17.4951 8799
17.4982 8799
17.5014 8799
17.5046 8799
17.5077 8799
17.5109 8799
17.514 8799
17.5172 8799
17.5203 8799
17.5235 8799
17.5266 8799
17.5298 8799
17.5329 8799
17.5361 8799
17.5392 8799
17.5424 8799
17.5455 8799
17.5487 8799
17.5518 8799
17.555 8799
17.5581 8799
17.5613 8799
17.5644 8799
17.5676 8799
17.5707 8799
17.5739 8799
17.577 8799
17.5802 8799
17.5834 8799
17.5865 8799
17.5897 8799
17.5928 8799
17.596 8799
17.5991 8799
17.6023 8799
17.6054 8799
17.6086 8799
17.6117 8799
17.6149 8799
17.618 8799
17.6212 8799
17.6243 8799
17.6275 8799
17.6306 8799
17.6338 8799
17.6369 8799
17.6401 8799
17.6432 8799
17.6464 8799
17.6495 8799
17.6527 8799
17.6558 8799
17.659 8799
17.6622 8799
17.6653 8799
17.6685 8799
17.6716 8799
17.6748 8799
17.6779 8799
17.6811 8799
17.6842 8799
17.6874 8799
17.6905 8799
17.6937 8799
17.6968 8799
17.7 8799
17.7031 8799
17.7063 8799
17.7094 8799
17.7126 8799
17.7157 8799
17.7189 8799
17.722 8799
17.7252 8799
17.7283 8799
17.7315 8799
17.7346 8799
17.7378 8799
17.741 8799
17.7441 8799
17.7473 8799
17.7504 8799
17.7536 8799
17.7567 8799
17.7599 8799
17.763 8799
17.7662 8799
17.7693 8799
17.7725 8799
17.7756 8799
17.7788 8799
17.7819 8799
17.7851 8799
17.7882 8799
17.7914 8799
17.7945 8799
17.7977 8799
17.8008 8799
17.804 8799
17.8071 8799
17.8103 8799
17.8134 8799
17.8166 8799
17.8198 8799
17.8229 8799
17.8261 8799
17.8292 8799
17.8324 8799
17.8355 8799
17.8387 8799
17.8418 8799
17.845 8799
17.8481 8799
17.8513 8799
17.8544 8799
17.8576 8799
17.8607 8799
17.8639 8799
17.867 8799
17.8702 8799
17.8733 8799
17.8765 8799
17.8796 8799
17.8828 8799
17.8859 8799
17.8891 8799
17.8922 8799
17.8954 8799
17.8986 8799
17.9017 8799
17.9049 8799
17.908 8799
17.9112 8799
17.9143 8799
17.9175 8799
17.9206 8799
17.9238 8799
17.9269 8799
17.9301 8799
17.9332 8799
17.9364 8799
17.9395 8799
17.9427 8799
17.9458 8799
17.949 8799
17.9521 8799
17.9553 8799
17.9584 8799
17.9616 8799
17.9647 8799
17.9679 8799
17.971 8799
17.9742 8799
17.9774 8799
17.9805 8799
17.9837 8799
17.9868 8799
17.99 8799
17.9931 8799
17.9963 8799
17.9994 8799
18.0026 8799
18.0057 8799
18.0089 8799
18.012 8799
18.0152 8799
18.0183 8799
18.0215 8799
18.0246 8799
18.0278 8799
18.0309 8799
18.0341 8799
18.0372 8799
18.0404 8799
18.0435 8799
18.0467 8799
18.0498 8799
18.053 8799
18.0562 8799
18.0593 8799
18.0625 8799
18.0656 8799
18.0688 8799
18.0719 8799
18.0751 8799
18.0782 8799
18.0814 8799
18.0845 8799
18.0877 8799
18.0908 8799
18.094 8799
18.0971 8799
18.1003 8799
18.1034 8799
18.1066 8799
18.1097 8799
18.1129 8799
18.116 8799
18.1192 8799
18.1223 8799
18.1255 8799
18.1286 8799
18.1318 8799
18.135 8799
18.1381 8799
18.1413 8799
18.1444 8799
18.1476 8799
18.1507 8799
18.1539 8799
18.157 8799
18.1602 8799
18.1633 8799
18.1665 8799
18.1696 8799
18.1728 8799
18.1759 8799
18.1791 8799
18.1822 8799
18.1854 8799
18.1885 8799
18.1917 8799
18.1948 8799
18.198 8799
18.2011 8799
18.2043 8799
18.2074 8799
18.2106 8799
18.2138 8799
18.2169 8799
18.2201 8799
18.2232 8799
18.2264 8799
18.2295 8799
18.2327 8799
18.2358 8799
18.239 8799
18.2421 8799
18.2453 8799
18.2484 8799
18.2516 8799
18.2547 8799
18.2579 8799
18.261 8799
18.2642 8799
18.2673 8799
18.2705 8799
18.2736 8799
18.2768 8799
18.2799 8799
18.2831 8799
18.2862 8799
18.2894 8799
18.2926 8799
18.2957 8799
18.2989 8799
18.302 8799
18.3052 8799
18.3083 8799
18.3115 8799
18.3146 8799
18.3178 8799
18.3209 8799
18.3241 8799
18.3272 8799
18.3304 8799
18.3335 8799
18.3367 8799
18.3398 8799
18.343 8799
18.3461 8799
18.3493 8799
18.3524 8799
18.3556 8799
18.3587 8799
18.3619 8799
18.365 8799
18.3682 8799
18.3714 8799
18.3745 8799
18.3777 8799
18.3808 8799
18.384 8799
18.3871 8799
18.3903 8799
18.3934 8799
18.3966 8799
18.3997 8799
18.4029 8799
18.406 8799
18.4092 8799
18.4123 8799
18.4155 8799
18.4186 8799
18.4218 8799
18.4249 8799
18.4281 8799
18.4312 8799
18.4344 8799
18.4375 8799
18.4407 8799
18.4438 8799
18.447 8799
18.4502 8799
18.4533 8799
18.4565 8799
18.4596 8799
18.4628 8799
18.4659 8799
18.4691 8799
18.4722 8799
18.4754 8799
18.4785 8799
18.4817 8799
18.4848 8799
18.488 8799
18.4911 8799
18.4943 8799
18.4974 8799
18.5006 8799
18.5037 8799
18.5069 8799
18.51 8799
18.5132 8799
18.5163 8799
18.5195 8799
18.5226 8799
18.5258 8799
18.529 8799
18.5321 8799
18.5353 8799
18.5384 8799
18.5416 8799
18.5447 8799
18.5479 8799
18.551 8799
18.5542 8799
18.5573 8799
18.5605 8799
18.5636 8799
18.5668 8799
18.5699 8799
18.5731 8799
18.5762 8799
18.5794 8799
18.5825 8799
18.5857 8799
18.5888 8799
18.592 8799
18.5951 8799
18.5983 8799
18.6014 8799
18.6046 8799
18.6078 8799
18.6109 8799
18.6141 8799
18.6172 8799
18.6204 8799
18.6235 8799
18.6267 8799
18.6298 8799
18.633 8799
18.6361 8799
18.6393 8799
18.6424 8799
18.6456 8799
18.6487 8799
18.6519 8799
18.655 8799
18.6582 8799
18.6613 8799
18.6645 8799
18.6676 8799
18.6708 8799
18.6739 8799
18.6771 8799
18.6802 8799
18.6834 8799
18.6866 8799
18.6897 8799
18.6929 8799
18.696 8799
18.6992 8799
18.7023 8799
18.7055 8799
18.7086 8799
18.7118 8799
18.7149 8799
18.7181 8799
18.7212 8799
18.7244 8799
18.7275 8799
18.7307 8799
18.7338 8799
18.737 8799
18.7401 8799
18.7433 8799
18.7464 8799
18.7496 8799
18.7527 8799
18.7559 8799
18.759 8799
18.7622 8799
18.7654 8799
18.7685 8799
18.7717 8799
18.7748 8799
18.778 8799
18.7811 8799
18.7843 8799
18.7874 8799
18.7906 8799
18.7937 8799
18.7969 8799
18.8 8799
18.8032 8799
18.8063 8799
18.8095 8799
18.8126 8799
18.8158 8799
18.8189 8799
18.8221 8799
18.8252 8799
18.8284 8799
18.8315 8799
18.8347 8799
18.8378 8799
18.841 8799
18.8442 8799
18.8473 8799
18.8505 8799
18.8536 8799
18.8568 8799
18.8599 8799
18.8631 8799
18.8662 8799
18.8694 8799
18.8725 8799
18.8757 8799
18.8788 8799
18.882 8799
18.8851 8799
18.8883 8799
18.8914 8799
18.8946 8799
18.8977 8799
18.9009 8799
18.904 8799
18.9072 8799
18.9103 8799
18.9135 8799
18.9166 8799
18.9198 8799
18.923 8799
18.9261 8799
18.9293 8799
18.9324 8799
18.9356 8799
18.9387 8799
18.9419 8799
18.945 8799
18.9482 8799
18.9513 8799
18.9545 8799
18.9576 8799
18.9608 8799
18.9639 8799
18.9671 8799
18.9702 8799
18.9734 8799
18.9765 8799
18.9797 8799
18.9828 8799
18.986 8799
18.9891 8799
18.9923 8799
18.9954 8799
18.9986 8799
19.0018 8799
19.0049 8799
19.0081 8799
19.0112 8799
19.0144 8799
19.0175 8799
19.0207 8799
19.0238 8799
19.027 8799
19.0301 8799
19.0333 8799
19.0364 8799
19.0396 8799
19.0427 8799
19.0459 8799
19.049 8799
19.0522 8799
19.0553 8799
19.0585 8799
19.0616 8799
19.0648 8799
19.0679 8799
19.0711 8799
19.0742 8799
19.0774 8799
19.0805 8799
19.0837 8799
19.0869 8799
19.09 8799
19.0932 8799
19.0963 8799
19.0995 8799
19.1026 8799
19.1058 8799
19.1089 8799
19.1121 8799
19.1152 8799
19.1184 8799
19.1215 8799
19.1247 8799
19.1278 8799
19.131 8799
19.1341 8799
19.1373 8799
19.1404 8799
19.1436 8799
19.1467 8799
19.1499 8799
19.153 8799
19.1562 8799
19.1593 8799
19.1625 8799
19.1657 8799
19.1688 8799
19.172 8799
19.1751 8799
19.1783 8799
19.1814 8799
19.1846 8799
19.1877 8799
19.1909 8799
19.194 8799
19.1972 8799
19.2003 8799
19.2035 8799
19.2066 8799
19.2098 8799
19.2129 8799
19.2161 8799
19.2192 8799
19.2224 8799
19.2255 8799
19.2287 8799
19.2318 8799
19.235 8799
19.2381 8799
19.2413 8799
19.2445 8799
19.2476 8799
19.2508 8799
19.2539 8799
19.2571 8799
19.2602 8799
19.2634 8799
19.2665 8799
19.2697 8799
19.2728 8799
19.276 8799
19.2791 8799
19.2823 8799
19.2854 8799
19.2886 8799
19.2917 8799
19.2949 8799
19.298 8799
19.3012 8799
19.3043 8799
19.3075 8799
19.3106 8799
19.3138 8799
19.3169 8799
19.3201 8799
19.3233 8799
19.3264 8799
19.3296 8799
19.3327 8799
19.3359 8799
19.339 8799
19.3422 8799
19.3453 8799
19.3485 8799
19.3516 8799
19.3548 8799
19.3579 8799
19.3611 8799
19.3642 8799
19.3674 8799
19.3705 8799
19.3737 8799
19.3768 8799
19.38 8799
19.3831 8799
19.3863 8799
19.3894 8799
19.3926 8799
19.3957 8799
19.3989 8799
19.4021 8799
19.4052 8799
19.4084 8799
19.4115 8799
19.4147 8799
19.4178 8799
19.421 8799
19.4241 8799
19.4273 8799
19.4304 8799
19.4336 8799
19.4367 8799
19.4399 8799
19.443 8799
19.4462 8799
19.4493 8799
19.4525 8799
19.4556 8799
19.4588 8799
19.4619 8799
19.4651 8799
19.4682 8799
19.4714 8799
19.4745 8799
19.4777 8799
19.4809 8799
19.484 8799
19.4872 8799
19.4903 8799
19.4935 8799
19.4966 8799
19.4998 8799
19.5029 8799
19.5061 8799
19.5092 8799
19.5124 8799
19.5155 8799
19.5187 8799
19.5218 8799
19.525 8799
19.5281 8799
19.5313 8799
19.5344 8799
19.5376 8799
19.5407 8799
19.5439 8799
19.547 8799
19.5502 8799
19.5533 8799
19.5565 8799
19.5597 8799
19.5628 8799
19.566 8799
19.5691 8799
19.5723 8799
19.5754 8799
19.5786 8799
19.5817 8799
19.5849 8799
19.588 8799
19.5912 8799
19.5943 8799
19.5975 8799
19.6006 8799
19.6038 8799
19.6069 8799
19.6101 8799
19.6132 8799
19.6164 8799
19.6195 8799
19.6227 8799
19.6258 8799
19.629 8799
19.6321 8799
19.6353 8799
19.6385 8799
19.6416 8799
19.6448 8799
19.6479 8799
19.6511 8799
19.6542 8799
19.6574 8799
19.6605 8799
19.6637 8799
19.6668 8799
19.67 8799
19.6731 8799
19.6763 8799
19.6794 8799
19.6826 8799
19.6857 8799
19.6889 8799
19.692 8799
19.6952 8799
19.6983 8799
19.7015 8799
19.7046 8799
19.7078 8799
19.7109 8799
19.7141 8799
19.7173 8799
19.7204 8799
19.7236 8799
19.7267 8799
19.7299 8799
19.733 8799
19.7362 8799
19.7393 8799
19.7425 8799
19.7456 8799
19.7488 8799
19.7519 8799
19.7551 8799
19.7582 8799
19.7614 8799
19.7645 8799
19.7677 8799
19.7708 8799
19.774 8799
19.7771 8799
19.7803 8799
19.7834 8799
19.7866 8799
19.7897 8799
19.7929 8799
19.7961 8799
19.7992 8799
19.8024 8799
19.8055 8799
19.8087 8799
19.8118 8799
19.815 8799
19.8181 8799
19.8213 8799
19.8244 8799
19.8276 8799
19.8307 8799
19.8339 8799
19.837 8799
19.8402 8799
19.8433 8799
19.8465 8799
19.8496 8799
19.8528 8799
19.8559 8799
19.8591 8799
19.8622 8799
19.8654 8799
19.8685 8799
19.8717 8799
19.8749 8799
19.878 8799
19.8812 8799
19.8843 8799
19.8875 8799
19.8906 8799
19.8938 8799
19.8969 8799
19.9001 8799
19.9032 8799
19.9064 8799
19.9095 8799
19.9127 8799
19.9158 8799
19.919 8799
19.9221 8799
19.9253 8799
19.9284 8799
19.9316 8799
19.9347 8799
19.9379 8799
19.941 8799
19.9442 8799
19.9473 8799
19.9505 8799
19.9537 8799
19.9568 8799
19.96 8799
19.9631 8799
19.9663 8799
19.9694 8799
19.9726 8799
19.9757 8799
19.9789 8799
19.982 8799
19.9852 8799
19.9883 8799
19.9915 8799
19.9946 8799
19.9978 8799
20.0009 8799
20.0041 8799
20.0072 8799
20.0104 8799
20.0135 8799
20.0167 8799
20.0198 8799
20.023 8799
20.0261 8799
20.0293 8799
20.0325 8799
20.0356 8799
20.0388 8799
20.0419 8799
20.0451 8799
20.0482 8799
20.0514 8799
20.0545 8799
20.0577 8799
20.0608 8799
20.064 8799
20.0671 8799
20.0703 8799
20.0734 8799
20.0766 8799
20.0797 8799
20.0829 8799
20.086 8799
20.0892 8799
20.0923 8799
20.0955 8799
20.0986 8799
