0.0905768 1
0.18279 341
0.276537 1021
0.370283 1701
0.462454 2381
0.465606 3061
0.5562 3741
0.559352 4421
0.562504 5101
0.649946 5781
0.653098 6461
0.65625 7141
0.659402 7821
0.742117 8501
0.745269 9181
0.748421 9861
0.751573 10541
0.754725 11221
0.757877 11901
0.834287 12581
0.837439 13261
0.840591 13941
0.843743 14621
0.846895 15301
0.850047 15981
0.853199 16661
0.856351 17341
0.859503 18021
0.926458 18701
0.92961 19381
0.932762 20061
0.935914 20741
0.939066 21421
0.942218 22101
0.94537 22781
0.948522 23461
0.951674 24141
0.954826 24821
0.957978 25501
0.96113 26181
0.964282 26861
0.967434 27541
1.0202 28221
1.02336 28901
1.02651 29581
1.02966 30261
1.03281 30941
1.03596 31621
1.03912 32301
1.04227 32981
1.04542 33661
1.04857 34341
1.05172 35021
1.05488 35701
1.05803 36381
1.06118 37061
1.06433 37741
1.06748 38421
1.07064 39101
1.07379 39781
1.07694 40461
1.08009 41141
1.08324 41821
1.11395 42501
1.1171 43181
1.12025 43861
1.12341 44541
1.12656 45221
1.12971 45901
1.13286 46581
1.13601 47261
1.13917 47941
1.14232 48621
1.14547 49301
1.14862 49981
1.15177 50661
1.15493 51341
1.15808 52021
1.16123 52701
1.16438 53381
1.16753 54061
1.17069 54741
1.17384 55421
1.17699 56101
1.18014 56781
1.18329 57461
1.18645 58141
1.1896 58821
1.19275 59501
1.1959 60181
1.19905 60861
1.20221 61541
1.20536 62221
1.20851 62901
1.21166 63581
1.21481 64261
1.21797 64941
1.22112 65621
1.22427 66301
1.22742 66981
1.23057 67661
1.23373 68341
1.23688 69021
1.24003 69701
1.24318 70381
1.24633 71061
1.24949 71741
1.25264 72421
1.25579 73101
1.25894 73781
1.26209 74461
1.26525 75141
1.2684 75821
1.27155 76501
1.2747 77181
1.27785 77861
1.28101 78541
1.28416 79221
1.28731 79901
1.29046 80581
1.29361 81261
1.29677 81941
1.29992 82621
1.30307 83301
1.30622 83981
1.30937 84661
1.31253 85341
1.31568 86021
1.31883 86701
1.32198 87381
1.32513 88061
1.32829 88741
1.33144 89421
1.33459 90101
1.33774 90781
1.34089 91461
1.34405 92141
1.3472 92821
1.35035 93501
1.3535 94181
1.35665 94861
1.35981 95541
1.36296 96221
1.36611 96901
1.36926 97581
1.37241 98261
1.37557 98941
1.37872 99621
1.38187 100301
1.38502 100981
1.38817 101661
1.39133 102341
1.39448 103021
1.39763 103701
1.40078 104381
1.40393 105061
1.40709 105741
1.41024 106421
1.41339 107101
1.41654 107781
1.41969 108461
1.42285 109141
1.426 109821
1.42915 110501
1.4323 111181
1.43545 111861
1.43861 112541
1.44176 113221
1.44491 113901
1.44806 114581
1.45121 115261
1.45437 115941
1.45752 116621
1.46067 117301
1.46382 117981
1.46697 118661
1.47013 119341
1.47328 120021
1.47643 120701
1.47958 121381
1.48273 122061
1.48589 122741
1.48904 123421
1.49219 124101
1.49534 124781
1.49849 125461
1.50165 126141
1.5048 126821
1.50795 127501
1.5111 128181
1.51425 128861
1.51741 129541
1.52056 130221
1.52371 130901
1.52686 131581
1.53001 132261
1.53317 132941
1.53632 133621
1.53947 134301
1.54262 134981
1.54577 135661
1.54893 136341
1.55208 137021
1.55523 137701
1.55838 138381
1.56153 139061
1.56469 139741
1.56784 140421
1.57099 141101
1.57414 141781
1.57729 142461
1.58045 143141
1.5836 143821
1.58675 144501
1.5899 145181
1.59305 145861
1.59621 146541
1.59936 147221
1.60251 147901
1.60566 148581
1.60881 149261
1.61197 149941
1.61512 150621
1.61827 151301
1.62142 151981
1.62457 152661
1.62773 153341
1.63088 154021
1.63403 154701
1.63718 155381
1.64033 156061
1.64349 156741
1.64664 157421
1.64979 158101
1.65294 158781
1.65609 159461
1.65925 160141
1.6624 160821
1.66555 161501
1.6687 162181
1.67185 162861
1.67501 163541
1.67816 164221
1.68131 164901
1.68446 165581
1.68761 166261
1.69077 166941
1.69392 167621
1.69707 168301
1.70022 168981
1.70337 169661
1.70653 170341
1.70968 171021
1.71283 171701
1.71598 172381
1.71913 173061
1.72229 173741
1.72544 174421
1.72859 175101
1.73174 175781
1.73489 176461
1.73805 177141
1.7412 177821
1.74435 178501
1.7475 179181
1.75065 179861
1.75381 180541
1.75696 181221
1.76011 181901
1.76326 182581
1.76641 183261
1.76957 183941
1.77272 184621
1.77587 185301
1.77902 185981
1.78217 186661
1.78533 187341
1.78848 188021
1.79163 188701
1.79478 189381
1.79793 190061
1.80109 190741
1.80424 191421
1.80739 192101
1.81054 192781
1.81369 193461
1.81685 194141
1.82 194821
1.82315 195501
1.8263 196181
1.82945 196861
1.83261 197541
1.83576 198221
1.83891 198901
1.84206 199581
1.84521 200261
1.84837 200941
1.85152 201621
1.85467 202301
1.85782 202981
1.86097 203661
1.86413 204341
1.86728 205021
1.87043 205701
1.87358 206381
1.87673 207061
1.87989 207741
1.88304 208421
1.88619 209101
1.88934 209781
1.89249 210461
1.89565 211141
1.8988 211821
1.90195 212501
1.9051 213181
1.90825 213861
1.91141 214541
1.91456 215221
1.91771 215901
1.92086 216581
1.92401 217261
1.92717 217941
2.26927 218961
2.36156 219981
2.45384 221001
2.54613 222021
2.63842 223041
2.7307 224061
2.82299 225081
2.91527 226101
3.00756 227121
3.09984 228141
3.19213 229161
3.28441 230181
3.3767 231201
3.37828 232221
3.46899 233241
3.47056 234261
3.47214 235281
3.56127 236301
3.56285 237321
3.56442 238341
3.566 239361
3.65356 240381
3.65513 241401
3.65671 242421
3.65828 243441
3.74584 244461
3.74742 245481
3.74899 246501
3.75057 247521
3.75215 248541
3.83813 249561
3.8397 250581
3.84128 251601
3.84286 252621
3.84443 253641
3.84601 254661
3.93041 255681
3.93199 256701
3.93357 257721
3.93514 258741
3.93672 259761
3.93829 260781
3.93987 261801
4.0227 262821
4.02428 263841
4.02585 264861
4.02743 265881
4.029 266901
4.03058 267921
4.03216 268941
4.03373 269961
4.11498 270981
4.11656 272001
4.11814 273021
4.11971 274041
4.12129 275061
4.12286 276081
4.12444 277101
4.12602 278121
4.12759 279141
4.20727 280161
4.20885 281181
4.21042 282201
4.212 283221
4.21357 284241
4.21515 285261
4.21673 286281
4.2183 287301
4.21988 288321
4.22145 289341
4.29956 290361
4.30113 291381
4.30271 292401
4.30428 293421
4.30586 294441
4.30744 295461
4.30901 296481
4.31059 297501
4.31216 298521
4.31374 299541
4.31532 300561
4.39184 301581
4.39342 302601
4.39499 303621
4.39657 304641
4.39815 305661
4.39972 306681
4.4013 307701
4.40287 308721
4.40445 309741
4.40603 310761
4.4076 311781
4.40918 312801
4.48413 313821
4.4857 314841
4.48728 315861
4.48886 316881
4.49043 317901
4.49201 318921
4.49358 319941
4.49516 320961
4.49674 321981
4.49831 323001
4.49989 324021
4.50146 325041
4.57637 326061
4.57791 327081
4.57945 328101
4.5826 328781
4.58575 329461
4.58891 330141
4.59206 330821
4.59521 331501
4.67012 332181
4.67477 332861
4.67792 333541
4.68108 334221
4.68423 334901
4.68738 335581
4.69053 336261
4.76387 336941
4.76852 337621
4.77167 338301
4.77482 338981
4.77797 339661
4.78113 340341
4.78428 341021
4.85761 341701
4.86226 342381
4.86542 343061
4.86857 343741
4.87172 344421
4.87487 345101
4.87802 345781
4.94978 346461
4.95444 347141
4.95759 347821
4.96074 348501
4.96389 349181
4.96704 349861
4.9702 350541
5.04195 351221
5.04661 351901
5.04976 352581
5.05291 353261
5.05606 353941
5.05921 354621
5.06237 355301
5.06552 355981
5.1357 356661
5.14035 357341
5.1435 358021
5.14666 358701
5.14981 359381
5.15296 360061
5.15611 360741
5.15926 361421
5.22945 362101
5.2341 362781
5.23725 363461
5.2404 364141
5.24355 364821
5.24671 365501
5.24986 366181
5.25301 366861
5.32162 367541
5.32627 368221
5.32942 368901
5.33257 369581
5.33572 370261
5.33888 370941
5.34203 371621
5.34518 372301
5.41379 372981
5.41844 373661
5.42159 374341
5.42474 375021
5.4279 375701
5.43105 376381
5.4342 377061
5.43735 377741
5.50596 378421
5.50911 379101
5.51226 379781
5.51541 380461
5.51857 381141
5.52172 381821
5.52487 382501
5.52802 383181
5.53117 383861
5.5997 384541
5.60286 385221
5.60601 385901
5.60916 386581
5.61231 387261
5.61546 387941
5.61862 388621
5.62177 389301
5.62492 389981
5.69345 390661
5.6966 391341
5.69976 392021
5.70291 392701
5.70606 393381
5.70921 394061
5.71236 394741
5.71552 395421
5.71867 396101
5.78562 396781
5.78877 397461
5.79193 398141
5.79508 398821
5.79823 399501
5.80138 400181
5.80453 400861
5.80769 401541
5.81084 402221
5.87779 402901
5.88094 403581
5.8841 404261
5.88725 404941
5.8904 405621
5.89355 406301
5.8967 406981
5.89986 407661
5.90301 408341
5.90616 409021
5.97154 409701
5.97469 410381
5.97784 411061
5.98099 411741
5.98415 412421
5.9873 413101
5.99045 413781
5.9936 414461
5.99675 415141
5.99991 415821
6.06528 416501
6.06844 417181
6.07159 417861
6.07474 418541
6.07789 419221
6.08104 419901
6.0842 420581
6.08735 421261
6.0905 421941
6.09365 422621
6.15746 423301
6.16061 423981
6.16376 424661
6.16691 425341
6.17006 426021
6.17322 426701
6.17637 427381
6.17952 428061
6.18267 428741
6.18582 429421
6.24963 430101
6.25278 430781
6.25593 431461
6.25908 432141
6.26223 432821
6.26539 433501
6.26854 434181
6.27169 434861
6.27484 435541
6.27799 436221
6.28115 436901
6.34337 437581
6.34652 438261
6.34968 438941
6.35283 439621
6.35598 440301
6.35913 440981
6.36228 441661
6.36544 442341
6.36859 443021
6.37174 443701
6.37489 444381
6.43712 445061
6.44027 445741
6.44342 446421
6.44657 447101
6.44973 447781
6.45288 448461
6.45603 449141
6.45918 449821
6.46233 450501
6.46549 451181
6.46864 451861
6.53086 452541
6.53402 453221
6.53717 453901
6.54032 454581
6.54347 455261
6.54662 455941
6.54978 456621
6.55293 457301
6.55608 457981
6.55923 458661
6.56238 459341
6.62304 460021
6.62619 460701
6.62934 461381
6.63249 462061
6.63564 462741
6.6388 463421
6.64195 464101
6.6451 464781
6.64825 465461
6.6514 466141
6.65456 466821
6.71521 467501
6.71836 468181
6.72151 468861
6.72466 469541
6.72781 470221
6.73097 470901
6.73412 471581
6.73727 472261
6.74042 472941
6.74357 473621
6.74673 474301
6.74988 474981
6.80895 475661
6.8121 476341
6.81526 477021
6.81841 477701
6.82156 478381
6.82471 479061
6.82786 479741
6.83102 480421
6.83417 481101
6.83732 481781
6.84047 482461
6.84362 483141
6.9027 483821
6.90585 484501
6.909 485181
6.91215 485861
6.91531 486541
6.91846 487221
6.92161 487901
6.92476 488581
6.92791 489261
6.93107 489941
6.93422 490621
6.93737 491301
6.99487 491981
6.99802 492661
7.00117 493341
7.00432 494021
7.00748 494701
7.01063 495381
7.01378 496061
7.01693 496741
7.02008 497421
7.02324 498101
7.02639 498781
7.02954 499461
7.08704 500141
7.09019 500821
7.09334 501501
7.0965 502181
7.09965 502861
7.1028 503541
7.10595 504221
7.1091 504901
7.11226 505581
7.11541 506261
7.11856 506941
7.12171 507621
7.12486 508301
7.18079 508981
7.18394 509661
7.18709 510341
7.19024 511021
7.19339 511701
7.19655 512381
7.1997 513061
7.20285 513741
7.206 514421
7.20915 515101
7.21231 515781
7.21546 516461
7.21861 517141
7.27453 517821
7.27768 518501
7.28084 519181
7.28399 519861
7.28714 520541
7.29029 521221
7.29344 521901
7.2966 522581
7.29975 523261
7.3029 523941
7.30605 524621
7.3092 525301
7.31236 525981
7.3667 526661
7.36985 527341
7.37301 528021
7.37616 528701
7.37931 529381
7.38246 530061
7.38561 530741
7.38877 531421
7.39192 532101
7.39507 532781
7.39822 533461
7.40137 534141
7.40453 534821
7.45887 535501
7.46202 536181
7.46518 536861
7.46833 537541
7.47148 538221
7.47463 538901
7.47778 539581
7.48094 540261
7.48409 540941
7.48724 541621
7.49039 542301
7.49354 542981
7.4967 543661
7.49985 544341
7.55262 545021
7.55577 545701
7.55892 546381
7.56208 547061
7.56523 547741
7.56838 548421
7.57153 549101
7.57468 549781
7.57784 550461
7.58099 551141
7.58414 551821
7.58729 552501
7.59044 553181
7.5936 553861
7.64637 554541
7.64952 555221
7.65267 555901
7.65582 556581
7.65897 557261
7.66213 557941
7.66528 558621
7.66843 559301
7.67158 559981
7.67473 560661
7.67789 561341
7.68104 562021
7.68419 562701
7.68734 563381
7.74011 564061
7.74326 564741
7.74642 565421
7.74957 566101
7.75272 566781
7.75587 567461
7.75902 568141
7.76218 568821
7.76533 569501
7.76848 570181
7.77163 570861
7.77478 571541
7.77794 572221
7.78109 572901
7.83228 573581
7.83543 574261
7.83859 574941
7.84174 575621
7.84489 576301
7.84804 576981
7.85119 577661
7.85435 578341
7.8575 579021
7.86065 579701
7.8638 580381
7.86695 581061
7.87011 581741
7.87326 582421
7.92445 583101
7.9276 583781
7.93076 584461
7.93391 585141
7.93706 585821
7.94021 586501
7.94336 587181
7.94652 587861
7.94967 588541
7.95282 589221
7.95597 589901
7.95912 590581
7.96228 591261
7.96543 591941
7.96858 592621
8.0182 593301
8.02135 593981
8.0245 594661
8.02766 595341
8.03081 596021
8.03396 596701
8.03711 597381
8.04026 598061
8.04342 598741
8.04657 599421
8.04972 600101
8.05287 600781
8.05602 601461
8.05918 602141
8.06233 602821
8.11195 603501
8.1151 604181
8.11825 604861
8.1214 605541
8.12455 606221
8.12771 606901
8.13086 607581
8.13401 608261
8.13716 608941
8.14031 609621
8.14347 610301
8.14662 610981
8.14977 611661
8.15292 612341
8.15607 613021
8.20412 613701
8.20727 614381
8.21042 615061
8.21357 615741
8.21672 616421
8.21988 617101
8.22303 617781
8.22618 618461
8.22933 619141
8.23248 619821
8.23564 620501
8.23879 621181
8.24194 621861
8.24509 622541
8.24824 623221
8.29629 623901
8.29944 624581
8.30259 625261
8.30574 625941
8.30889 626621
8.31205 627301
8.3152 627981
8.31835 628661
8.3215 629341
8.32465 630021
8.32781 630701
8.33096 631381
8.33411 632061
8.33726 632741
8.34041 633421
8.34357 634101
8.39003 634781
8.39318 635461
8.39634 636141
8.39949 636821
8.40264 637501
8.40579 638181
8.40894 638861
8.4121 639541
8.41525 640221
8.4184 640901
8.42155 641581
8.4247 642261
8.42786 642941
8.43101 643621
8.43416 644301
8.43731 644981
8.48378 645661
8.48693 646341
8.49008 647021
8.49324 647701
8.49639 648381
8.49954 649061
8.50269 649741
8.50584 650421
8.509 651101
8.51215 651781
8.5153 652461
8.51845 653141
8.5216 653821
8.52476 654501
8.52791 655181
8.53106 655861
8.57595 656541
8.5791 657221
8.58225 657901
8.58541 658581
8.58856 659261
8.59171 659941
8.59486 660621
8.59801 661301
8.60117 661981
8.60432 662661
8.60747 663341
8.61062 664021
8.61377 664701
8.61693 665381
8.62008 666061
8.62323 666741
8.66812 667421
8.67127 668101
8.67442 668781
8.67758 669461
8.68073 670141
8.68388 670821
8.68703 671501
8.69018 672181
8.69334 672861
8.69649 673541
8.69964 674221
8.70279 674901
8.70594 675581
8.7091 676261
8.71225 676941
8.7154 677621
8.71855 678301
8.76187 678981
8.76502 679661
8.76817 680341
8.77132 681021
8.77447 681701
8.77763 682381
8.78078 683061
8.78393 683741
8.78708 684421
8.79023 685101
8.79339 685781
8.79654 686461
8.79969 687141
8.80284 687821
8.80599 688501
8.80915 689181
8.8123 689861
8.85561 690541
8.85876 691221
8.86192 691901
8.86507 692581
8.86822 693261
8.87137 693941
8.87452 694621
8.87768 695301
8.88083 695981
8.88398 696661
8.88713 697341
8.89028 698021
8.89344 698701
8.89659 699381
8.89974 700061
8.90289 700741
8.90604 701421
8.94936 702101
8.95251 702781
8.95566 703461
8.95882 704141
8.96197 704821
8.96512 705501
8.96827 706181
8.97142 706861
8.97458 707541
8.97773 708221
8.98088 708901
8.98403 709581
8.98718 710261
8.99034 710941
8.99349 711621
8.99664 712301
8.99979 712981
9.04153 713661
9.04468 714341
9.04783 715021
9.05099 715701
9.05414 716381
9.05729 717061
9.06044 717741
9.06359 718421
9.06675 719101
9.0699 719781
9.07305 720461
9.0762 721141
9.07935 721821
9.08251 722501
9.08566 723181
9.08881 723861
9.09196 724541
9.1337 725221
9.13685 725901
9.14 726581
9.14316 727261
9.14631 727941
9.14946 728621
9.15261 729301
9.15576 729981
9.15892 730661
9.16207 731341
9.16522 732021
9.16837 732701
9.17152 733381
9.17468 734061
9.17783 734741
9.18098 735421
9.18413 736101
9.18728 736781
9.22745 737461
9.2306 738141
9.23375 738821
9.2369 739501
9.24005 740181
9.24321 740861
9.24636 741541
9.24951 742221
9.25266 742901
9.25581 743581
9.25897 744261
9.26212 744941
9.26527 745621
9.26842 746301
9.27157 746981
9.27473 747661
9.27788 748341
9.28103 749021
9.32119 749701
9.32434 750381
9.3275 751061
9.33065 751741
9.3338 752421
9.33695 753101
9.3401 753781
9.34326 754461
9.34641 755141
9.34956 755821
9.35271 756501
9.35586 757181
9.35902 757861
9.36217 758541
9.36532 759221
9.36847 759901
9.37162 760581
9.37478 761261
9.41336 761941
9.41652 762621
9.41967 763301
9.42282 763981
9.42597 764661
9.42912 765341
9.43228 766021
9.43543 766701
9.43858 767381
9.44173 768061
9.44488 768741
9.44804 769421
9.45119 770101
9.45434 770781
9.45749 771461
9.46064 772141
9.46379 772821
9.46695 773501
9.50553 774181
9.50869 774861
9.51184 775541
9.51499 776221
9.51814 776901
9.52129 777581
9.52445 778261
9.5276 778941
9.53075 779621
9.5339 780301
9.53705 780981
9.54021 781661
9.54336 782341
9.54651 783021
9.54966 783701
9.55281 784381
9.55597 785061
9.55912 785741
9.56227 786421
9.59928 787101
9.60243 787781
9.60558 788461
9.60874 789141
9.61189 789821
9.61504 790501
9.61819 791181
9.62134 791861
9.6245 792541
9.62765 793221
9.6308 793901
9.63395 794581
9.6371 795261
9.64026 795941
9.64341 796621
9.64656 797301
9.64971 797981
9.65286 798661
9.65602 799341
9.69303 800021
9.69618 800701
9.69933 801381
9.70248 802061
9.70563 802741
9.70879 803421
9.71194 804101
9.71509 804781
9.71824 805461
9.72139 806141
9.72455 806821
9.7277 807501
9.73085 808181
9.734 808861
9.73715 809541
9.74031 810221
9.74346 810901
9.74661 811581
9.74976 812261
9.7852 812941
9.78835 813621
9.7915 814301
9.79465 814981
9.7978 815661
9.80096 816341
9.80411 817021
9.80726 817701
9.81041 818381
9.81356 819061
9.81672 819741
9.81987 820421
9.82302 821101
9.82617 821781
9.82932 822461
9.83248 823141
9.83563 823821
9.83878 824501
9.84193 825181
9.87737 825861
9.88052 826541
9.88367 827221
9.88682 827901
9.88998 828581
9.89313 829261
9.89628 829941
9.89943 830621
9.90258 831301
9.90573 831981
9.90889 832661
9.91204 833341
9.91519 834021
9.91834 834701
9.92149 835381
9.92465 836061
9.9278 836741
9.93095 837421
9.9341 838101
9.96954 838781
9.97269 839461
9.97584 840141
9.97899 840821
9.98215 841501
9.9853 842181
9.98845 842861
9.9916 843541
9.99475 844221
9.99791 844901
10.0011 845581
10.0042 846261
10.0074 846941
10.0105 847621
10.0137 848301
10.0168 848981
10.02 849661
10.0231 850341
10.0263 851021
10.0294 851701
10.0633 852381
10.0664 853061
10.0696 853741
10.0727 854421
10.0759 855101
10.079 855781
10.0822 856461
10.0853 857141
10.0885 857821
10.0917 858501
10.0948 859181
10.098 859861
10.1011 860541
10.1043 861221
10.1074 861901
10.1106 862581
10.1137 863261
10.1169 863941
10.12 864621
10.1232 865301
10.157 865981
10.1602 866661
10.1633 867341
10.1665 868021
10.1696 868701
10.1728 869381
10.1759 870061
10.1791 870741
10.1822 871421
10.1854 872101
10.1886 872781
10.1917 873461
10.1949 874141
10.198 874821
10.2012 875501
10.2043 876181
10.2075 876861
10.2106 877541
10.2138 878221
10.2169 878901
10.2492 879581
10.2524 880261
10.2555 880941
10.2587 881621
10.2618 882301
10.265 882981
10.2681 883661
10.2713 884341
10.2744 885021
10.2776 885701
10.2807 886381
10.2839 887061
10.287 887741
10.2902 888421
10.2933 889101
10.2965 889781
10.2996 890461
10.3028 891141
10.3059 891821
10.3091 892501
10.3414 893181
10.3445 893861
10.3477 894541
10.3508 895221
10.354 895901
10.3571 896581
10.3603 897261
10.3634 897941
10.3666 898621
10.3697 899301
10.3729 899981
10.376 900661
10.3792 901341
10.3823 902021
10.3855 902701
10.3887 903381
10.3918 904061
10.395 904741
10.3981 905421
10.4013 906101
10.4044 906781
10.4351 907461
10.4383 908141
10.4414 908821
10.4446 909501
10.4477 910181
10.4509 910861
10.454 911541
10.4572 912221
10.4603 912901
10.4635 913581
10.4666 914261
10.4698 914941
10.4729 915621
10.4761 916301
10.4792 916981
10.4824 917661
10.4855 918341
10.4887 919021
10.4919 919701
10.495 920381
10.4982 921061
10.5289 921741
10.532 922421
10.5352 923101
10.5383 923781
10.5415 924461
10.5446 925141
10.5478 925821
10.5509 926501
10.5541 927181
10.5572 927861
10.5604 928541
10.5635 929221
10.5667 929901
10.5698 930581
10.573 931261
10.5761 931941
10.5793 932621
10.5824 933301
10.5856 933981
10.5888 934661
10.5919 935341
10.621 936021
10.6242 936701
10.6273 937381
10.6305 938061
10.6336 938741
10.6368 939421
10.6399 940101
10.6431 940781
10.6463 941461
10.6494 942141
10.6526 942821
10.6557 943501
10.6589 944181
10.662 944861
10.6652 945541
10.6683 946221
10.6715 946901
10.6746 947581
10.6778 948261
10.6809 948941
10.6841 949621
10.7132 950301
10.7164 950981
10.7195 951661
10.7227 952341
10.7258 953021
10.729 953701
10.7321 954381
10.7353 955061
10.7384 955741
10.7416 956421
10.7447 957101
10.7479 957781
10.751 958461
10.7542 959141
10.7573 959821
10.7605 960501
10.7636 961181
10.7668 961861
10.7699 962541
10.7731 963221
10.7762 963901
10.7794 964581
10.807 965261
10.8101 965941
10.8133 966621
10.8164 967301
10.8196 967981
10.8227 968661
10.8259 969341
10.829 970021
10.8322 970701
10.8353 971381
10.8385 972061
10.8416 972741
10.8448 973421
10.8479 974101
10.8511 974781
10.8542 975461
10.8574 976141
10.8605 976821
10.8637 977501
10.8668 978181
10.87 978861
10.8731 979541
10.9007 980221
10.9038 980901
10.907 981581
10.9102 982261
10.9133 982941
10.9165 983621
10.9196 984301
10.9228 984981
10.9259 985661
10.9291 986341
10.9322 987021
10.9354 987701
10.9385 988381
10.9417 989061
10.9448 989741
10.948 990421
10.9511 991101
10.9543 991781
10.9574 992461
10.9606 993141
10.9637 993821
10.9669 994501
10.9944 995181
10.9976 995861
11.0007 996541
11.0039 997221
11.0071 997901
11.0102 998581
11.0134 999261
11.0165 999941
11.0197 1000621
11.0228 1001301
11.026 1001981
11.0291 1002661
11.0323 1003341
11.0354 1004021
11.0386 1004701
11.0417 1005381
11.0449 1006061
11.048 1006741
11.0512 1007421
11.0543 1008101
11.0575 1008781
11.0606 1009461
11.0866 1010141
11.0898 1010821
11.0929 1011501
11.0961 1012181
11.0992 1012861
11.1024 1013541
11.1055 1014221
11.1087 1014901
11.1118 1015581
11.115 1016261
11.1181 1016941
11.1213 1017621
11.1244 1018301
11.1276 1018981
11.1307 1019661
11.1339 1020341
11.137 1021021
11.1402 1021701
11.1434 1022381
11.1465 1023061
11.1497 1023741
11.1528 1024421
11.1788 1025101
11.1819 1025781
11.1851 1026461
11.1882 1027141
11.1914 1027821
11.1945 1028501
11.1977 1029181
11.2008 1029861
11.204 1030541
11.2072 1031221
11.2103 1031901
11.2135 1032581
11.2166 1033261
11.2198 1033941
11.2229 1034621
11.2261 1035301
11.2292 1035981
11.2324 1036661
11.2355 1037341
11.2387 1038021
11.2418 1038701
11.245 1039381
11.2481 1040061
11.2725 1040741
11.2757 1041421
11.2788 1042101
11.282 1042781
11.2851 1043461
11.2883 1044141
11.2914 1044821
11.2946 1045501
11.2977 1046181
11.3009 1046861
11.3041 1047541
11.3072 1048221
11.3104 1048901
11.3135 1049581
11.3167 1050261
11.3198 1050941
11.323 1051621
11.3261 1052301
11.3293 1052981
11.3324 1053661
11.3356 1054341
11.3387 1055021
11.3419 1055701
11.3663 1056381
11.3694 1057061
11.3726 1057741
11.3757 1058421
11.3789 1059101
11.382 1059781
11.3852 1060461
11.3883 1061141
11.3915 1061821
11.3946 1062501
11.3978 1063181
11.4009 1063861
11.4041 1064541
11.4073 1065221
11.4104 1065901
11.4136 1066581
11.4167 1067261
11.4199 1067941
11.423 1068621
11.4262 1069301
11.4293 1069981
11.4325 1070661
11.4356 1071341
11.4584 1072021
11.4616 1072701
11.4648 1073381
11.4679 1074061
11.4711 1074741
11.4742 1075421
11.4774 1076101
11.4805 1076781
11.4837 1077461
11.4868 1078141
11.49 1078821
11.4931 1079501
11.4963 1080181
11.4994 1080861
11.5026 1081541
11.5057 1082221
11.5089 1082901
11.512 1083581
11.5152 1084261
11.5183 1084941
11.5215 1085621
11.5246 1086301
11.5278 1086981
11.5506 1087661
11.5538 1088341
11.5569 1089021
11.5601 1089701
11.5632 1090381
11.5664 1091061
11.5695 1091741
11.5727 1092421
11.5758 1093101
11.579 1093781
11.5821 1094461
11.5853 1095141
11.5884 1095821
11.5916 1096501
11.5947 1097181
11.5979 1097861
11.6011 1098541
11.6042 1099221
11.6074 1099901
11.6105 1100581
11.6137 1101261
11.6168 1101941
11.62 1102621
11.6231 1103301
11.6444 1103981
11.6475 1104661
11.6507 1105341
11.6538 1106021
11.657 1106701
11.6601 1107381
11.6633 1108061
11.6664 1108741
11.6696 1109421
11.6727 1110101
11.6759 1110781
11.679 1111461
11.6822 1112141
11.6853 1112821
11.6885 1113501
11.6916 1114181
11.6948 1114861
11.6979 1115541
11.7011 1116221
11.7043 1116901
11.7074 1117581
11.7106 1118261
11.7137 1118941
11.7169 1119621
11.7381 1120301
11.7413 1120981
11.7444 1121661
11.7476 1122341
11.7507 1123021
11.7539 1123701
11.757 1124381
11.7602 1125061
11.7633 1125741
11.7665 1126421
11.7696 1127101
11.7728 1127781
11.7759 1128461
11.7791 1129141
11.7822 1129821
11.7854 1130501
11.7885 1131181
11.7917 1131861
11.7948 1132541
11.798 1133221
11.8012 1133901
11.8043 1134581
11.8075 1135261
11.8106 1135941
11.8303 1136621
11.8334 1137301
11.8366 1137981
11.8397 1138661
11.8429 1139341
11.846 1140021
11.8492 1140701
11.8523 1141381
11.8555 1142061
11.8586 1142741
11.8618 1143421
11.865 1144101
11.8681 1144781
11.8713 1145461
11.8744 1146141
11.8776 1146821
11.8807 1147501
11.8839 1148181
11.887 1148861
11.8902 1149541
11.8933 1150221
11.8965 1150901
11.8996 1151581
11.9028 1152261
11.9225 1152941
11.9256 1153621
11.9288 1154301
11.9319 1154981
11.9351 1155661
11.9382 1156341
11.9414 1157021
11.9445 1157701
11.9477 1158381
11.9508 1159061
11.954 1159741
11.9571 1160421
11.9603 1161101
11.9634 1161781
11.9666 1162461
11.9697 1163141
11.9729 1163821
11.976 1164501
11.9792 1165181
11.9823 1165861
11.9855 1166541
11.9886 1167221
11.9918 1167901
11.9949 1168581
12.0146 1169261
12.0178 1169941
12.0209 1170621
12.0241 1171301
12.0272 1171981
12.0304 1172661
12.0335 1173341
12.0367 1174021
12.0398 1174701
12.043 1175381
12.0461 1176061
12.0493 1176741
12.0524 1177421
12.0556 1178101
12.0588 1178781
12.0619 1179461
12.0651 1180141
12.0682 1180821
12.0714 1181501
12.0745 1182181
12.0777 1182861
12.0808 1183541
12.084 1184221
12.0871 1184901
12.0903 1185581
12.1084 1186261
12.1115 1186941
12.1147 1187621
12.1178 1188301
12.121 1188981
12.1241 1189661
12.1273 1190341
12.1304 1191021
12.1336 1191701
12.1367 1192381
12.1399 1193061
12.143 1193741
12.1462 1194421
12.1493 1195101
12.1525 1195781
12.1556 1196461
12.1588 1197141
12.162 1197821
12.1651 1198501
12.1683 1199181
12.1714 1199861
12.1746 1200541
12.1777 1201221
12.1809 1201901
12.184 1202581
12.2021 1203261
12.2053 1203941
12.2084 1204621
12.2116 1205301
12.2147 1205981
12.2179 1206661
12.221 1207341
12.2242 1208021
12.2273 1208701
12.2305 1209381
12.2336 1210061
12.2368 1210741
12.2399 1211421
12.2431 1212101
12.2462 1212781
12.2494 1213461
12.2525 1214141
12.2557 1214821
12.2589 1215501
12.262 1216181
12.2652 1216861
12.2683 1217541
12.2715 1218221
12.2746 1218901
12.2778 1219581
12.2943 1220261
12.2974 1220941
12.3006 1221621
12.3037 1222301
12.3069 1222981
12.31 1223661
12.3132 1224341
12.3163 1225021
12.3195 1225701
12.3227 1226381
12.3258 1227061
12.329 1227741
12.3321 1228421
12.3353 1229101
12.3384 1229781
12.3416 1230461
12.3447 1231141
12.3479 1231821
12.351 1232501
12.3542 1233181
12.3573 1233861
12.3605 1234541
12.3636 1235221
12.3668 1235901
12.3699 1236581
12.3865 1237261
12.3896 1237941
12.3928 1238621
12.3959 1239301
12.3991 1239981
12.4022 1240661
12.4054 1241341
12.4085 1242021
12.4117 1242701
12.4148 1243381
12.418 1244061
12.4211 1244741
12.4243 1245421
12.4274 1246101
12.4306 1246781
12.4337 1247461
12.4369 1248141
12.44 1248821
12.4432 1249501
12.4463 1250181
12.4495 1250861
12.4526 1251541
12.4558 1252221
12.459 1252901
12.4621 1253581
12.4653 1254261
12.4802 1254941
12.4834 1255621
12.4865 1256301
12.4897 1256981
12.4928 1257661
12.496 1258341
12.4991 1259021
12.5023 1259701
12.5054 1260381
12.5086 1261061
12.5117 1261741
12.5149 1262421
12.518 1263101
12.5212 1263781
12.5243 1264461
12.5275 1265141
12.5306 1265821
12.5338 1266501
12.5369 1267181
12.5401 1267861
12.5432 1268541
12.5464 1269221
12.5495 1269901
12.5527 1270581
12.5559 1271261
12.559 1271941
12.5739 1272621
12.5771 1273301
12.5803 1273981
12.5834 1274661
12.5866 1275341
12.5897 1276021
12.5929 1276701
12.596 1277381
12.5992 1278061
12.6023 1278741
12.6055 1279421
12.6086 1280101
12.6118 1280781
12.6149 1281461
12.6181 1282141
12.6212 1282821
12.6244 1283501
12.6275 1284181
12.6307 1284861
12.6338 1285541
12.637 1286221
12.6401 1286901
12.6433 1287581
12.6464 1288261
12.6496 1288941
12.6527 1289621
12.6661 1290301
12.6693 1290981
12.6724 1291661
12.6756 1292341
12.6787 1293021
12.6819 1293701
12.685 1294381
12.6882 1295061
12.6913 1295741
12.6945 1296421
12.6976 1297101
12.7008 1297781
12.7039 1298461
12.7071 1299141
12.7102 1299821
12.7134 1300501
12.7166 1301181
12.7197 1301861
12.7229 1302541
12.726 1303221
12.7292 1303901
12.7323 1304581
12.7355 1305261
12.7386 1305941
12.7418 1306621
12.7449 1307301
12.7583 1307981
12.7614 1308661
12.7646 1309341
12.7677 1310021
12.7709 1310701
12.774 1311381
12.7772 1312061
12.7804 1312741
12.7835 1313421
12.7867 1314101
12.7898 1314781
12.793 1315461
12.7961 1316141
12.7993 1316821
12.8024 1317501
12.8056 1318181
12.8087 1318861
12.8119 1319541
12.815 1320221
12.8182 1320901
12.8213 1321581
12.8245 1322261
12.8276 1322941
12.8308 1323621
12.8339 1324301
12.8371 1324981
12.8505 1325661
12.8536 1326341
12.8568 1327021
12.8599 1327701
12.8631 1328381
12.8662 1329061
12.8694 1329741
12.8725 1330421
12.8757 1331101
12.8788 1331781
12.882 1332461
12.8851 1333141
12.8883 1333821
12.8914 1334501
12.8946 1335181
12.8977 1335861
12.9009 1336541
12.904 1337221
12.9072 1337901
12.9103 1338581
12.9135 1339261
12.9167 1339941
12.9198 1340621
12.923 1341301
12.9261 1341981
12.9293 1342661
12.9324 1343341
12.9442 1344021
12.9474 1344701
12.9505 1345381
12.9537 1346061
12.9568 1346741
12.96 1347421
12.9631 1348101
12.9663 1348781
12.9694 1349461
12.9726 1350141
12.9757 1350821
12.9789 1351501
12.982 1352181
12.9852 1352861
12.9883 1353541
12.9915 1354221
12.9946 1354901
12.9978 1355581
13.0009 1356261
13.0041 1356941
13.0072 1357621
13.0104 1358301
13.0136 1358981
13.0167 1359661
13.0199 1360341
13.023 1361021
13.0262 1361701
13.038 1362381
13.0411 1363061
13.0443 1363741
13.0474 1364421
13.0506 1365101
13.0537 1365781
13.0569 1366461
13.06 1367141
13.0632 1367821
13.0663 1368501
13.0695 1369181
13.0726 1369861
13.0758 1370541
13.0789 1371221
13.0821 1371901
13.0852 1372581
13.0884 1373261
13.0915 1373941
13.0947 1374621
13.0978 1375301
13.101 1375981
13.1041 1376661
13.1073 1377341
13.1104 1378021
13.1136 1378701
13.1168 1379381
13.1199 1380061
13.1301 1380741
13.1333 1381421
13.1364 1382101
13.1396 1382781
13.1427 1383461
13.1459 1384141
13.149 1384821
13.1522 1385501
13.1553 1386181
13.1585 1386861
13.1616 1387541
13.1648 1388221
13.1679 1388901
13.1711 1389581
13.1743 1390261
13.1774 1390941
13.1806 1391621
13.1837 1392301
13.1869 1392981
13.19 1393661
13.1932 1394341
13.1963 1395021
13.1995 1395701
13.2026 1396381
13.2058 1397061
13.2089 1397741
13.2121 1398421
13.2223 1399101
13.2254 1399781
13.2286 1400461
13.2317 1401141
13.2349 1401821
13.2381 1402501
13.2412 1403181
13.2444 1403861
13.2475 1404541
13.2507 1405221
13.2538 1405901
13.257 1406581
13.2601 1407261
13.2633 1407941
13.2664 1408621
13.2696 1409301
13.2727 1409981
13.2759 1410661
13.279 1411341
13.2822 1412021
13.2853 1412701
13.2885 1413381
13.2916 1414061
13.2948 1414741
13.2979 1415421
13.3011 1416101
13.3042 1416781
13.3074 1417461
13.316 1418141
13.3192 1418821
13.3223 1419501
13.3255 1420181
13.3286 1420861
13.3318 1421541
13.335 1422221
13.3381 1422901
13.3413 1423581
13.3444 1424261
13.3476 1424941
13.3507 1425621
13.3539 1426301
13.357 1426981
13.3602 1427661
13.3633 1428341
13.3665 1429021
13.3696 1429701
13.3728 1430381
13.3759 1431061
13.3791 1431741
13.3822 1432421
13.3854 1433101
13.3885 1433781
13.3917 1434461
13.3948 1435141
13.398 1435821
13.4011 1436501
13.4098 1437181
13.4129 1437861
13.4161 1438541
13.4192 1439221
13.4224 1439901
13.4255 1440581
13.4287 1441261
13.4319 1441941
13.435 1442621
13.4382 1443301
13.4413 1443981
13.4445 1444661
13.4476 1445341
13.4508 1446021
13.4539 1446701
13.4571 1447381
13.4602 1448061
13.4634 1448741
13.4665 1449421
13.4697 1450101
13.4728 1450781
13.476 1451461
13.4791 1452141
13.4823 1452821
13.4854 1453501
13.4886 1454181
13.4917 1454861
13.4949 1455541
13.502 1456221
13.5051 1456901
13.5083 1457581
13.5114 1458261
13.5146 1458941
13.5177 1459621
13.5209 1460301
13.524 1460981
13.5272 1461661
13.5303 1462341
13.5335 1463021
13.5366 1463701
13.5398 1464381
13.5429 1465061
13.5461 1465741
13.5492 1466421
13.5524 1467101
13.5555 1467781
13.5587 1468461
13.5618 1469141
13.565 1469821
13.5681 1470501
13.5713 1471181
13.5745 1471861
13.5776 1472541
13.5808 1473221
13.5839 1473901
13.5871 1474581
13.5941 1475261
13.5973 1475941
13.6004 1476621
13.6036 1477301
13.6067 1477981
13.6099 1478661
13.613 1479341
13.6162 1480021
13.6193 1480701
13.6225 1481381
13.6256 1482061
13.6288 1482741
13.632 1483421
13.6351 1484101
13.6383 1484781
13.6414 1485461
13.6446 1486141
13.6477 1486821
13.6509 1487501
13.654 1488181
13.6572 1488861
13.6603 1489541
13.6635 1490221
13.6666 1490901
13.6698 1491581
13.6729 1492261
13.6761 1492941
13.6792 1493621
13.6824 1494301
13.6879 1494981
13.691 1495661
13.6942 1496341
13.6973 1497021
13.7005 1497701
13.7036 1498381
13.7068 1499061
13.7099 1499741
13.7131 1500421
13.7162 1501101
13.7194 1501781
13.7225 1502461
13.7257 1503141
13.7288 1503821
13.732 1504501
13.7352 1505181
13.7383 1505861
13.7415 1506541
13.7446 1507221
13.7478 1507901
13.7509 1508581
13.7541 1509261
13.7572 1509941
13.7604 1510621
13.7635 1511301
13.7667 1511981
13.7698 1512661
13.773 1513341
13.7761 1514021
13.7816 1514701
13.7848 1515381
13.7879 1516061
13.7911 1516741
13.7942 1517421
13.7974 1518101
13.8005 1518781
13.8037 1519461
13.8068 1520141
13.81 1520821
13.8131 1521501
13.8163 1522181
13.8194 1522861
13.8226 1523541
13.8257 1524221
13.8289 1524901
13.8321 1525581
13.8352 1526261
13.8384 1526941
13.8415 1527621
13.8447 1528301
13.8478 1528981
13.851 1529661
13.8541 1530341
13.8573 1531021
13.8604 1531701
13.8636 1532381
13.8667 1533061
13.8699 1533741
13.8754 1534421
13.8785 1535101
13.8817 1535781
13.8848 1536461
13.888 1537141
13.8911 1537821
13.8943 1538501
13.8974 1539181
13.9006 1539861
13.9037 1540541
13.9069 1541221
13.91 1541901
13.9132 1542581
13.9163 1543261
13.9195 1543941
13.9226 1544621
13.9258 1545301
13.929 1545981
13.9321 1546661
13.9353 1547341
13.9384 1548021
13.9416 1548701
13.9447 1549381
13.9479 1550061
13.951 1550741
13.9542 1551421
13.9573 1552101
13.9605 1552781
13.9636 1553461
13.9675 1554141
13.9707 1554821
13.9738 1555501
13.977 1556181
13.9801 1556861
13.9833 1557541
13.9864 1558221
13.9896 1558901
13.9928 1559581
13.9959 1560261
13.9991 1560941
14.0022 1561621
14.0054 1562301
14.0085 1562981
14.0117 1563661
14.0148 1564341
14.018 1565021
14.0211 1565701
14.0243 1566381
14.0274 1567061
14.0306 1567741
14.0337 1568421
14.0369 1569101
14.04 1569781
14.0432 1570461
14.0463 1571141
14.0495 1571821
14.0526 1572501
14.0558 1573181
14.0597 1573861
14.0629 1574541
14.066 1575221
14.0692 1575901
14.0723 1576581
14.0755 1577261
14.0786 1577941
14.0818 1578621
14.0849 1579301
14.0881 1579981
14.0912 1580661
14.0944 1581341
14.0975 1582021
14.1007 1582701
14.1038 1583381
14.107 1584061
14.1101 1584741
14.1133 1585421
14.1164 1586101
14.1196 1586781
14.1227 1587461
14.1259 1588141
14.1291 1588821
14.1322 1589501
14.1354 1590181
14.1385 1590861
14.1417 1591541
14.1448 1592221
14.148 1592901
14.1511 1593581
14.1543 1594261
14.1574 1594941
14.1606 1595621
14.1637 1596301
14.1669 1596981
14.17 1597661
14.1732 1598341
14.1763 1599021
14.1795 1599701
14.1826 1600381
14.1858 1601061
14.1889 1601741
14.1921 1602421
14.1952 1603101
14.1984 1603781
14.2015 1604461
14.2047 1605141
14.2079 1605821
14.211 1606501
14.2142 1607181
14.2173 1607861
14.2205 1608541
14.2236 1609221
14.2268 1609901
14.2299 1610581
14.2331 1611261
14.2362 1611941
14.2394 1612621
14.2425 1613301
14.2457 1613981
14.2488 1614661
14.252 1615341
14.2551 1616021
14.2583 1616701
14.2614 1617381
14.2646 1618061
14.2677 1618741
14.2709 1619421
14.274 1620101
14.2772 1620781
14.2803 1621461
14.2835 1622141
14.2867 1622821
14.2898 1623501
14.293 1624181
14.2961 1624861
14.2993 1625541
14.3024 1626221
14.3056 1626901
14.3087 1627581
14.3119 1628261
14.315 1628941
14.3182 1629621
14.3213 1630301
14.3245 1630981
14.3276 1631661
14.3308 1632341
14.3339 1633021
14.3371 1633701
14.3402 1634381
14.3434 1635061
14.3465 1635741
14.3497 1636421
14.3528 1637101
14.356 1637781
14.3591 1638461
14.3623 1639141
14.3655 1639821
14.3686 1640501
14.3718 1641181
14.3749 1641861
14.3781 1642541
14.3812 1643221
14.3844 1643901
14.3875 1644581
14.3907 1645261
14.3938 1645941
14.397 1646621
14.4001 1647301
14.4033 1647981
14.4064 1648661
14.4096 1649341
14.4127 1650021
14.4159 1650701
14.419 1651381
14.4222 1652061
14.4253 1652741
14.4285 1653421
14.4316 1654101
14.4348 1654781
14.4379 1655461
14.4411 1656141
14.4443 1656821
14.4474 1657501
14.4506 1658181
14.4537 1658861
14.4569 1659541
14.46 1660221
14.4632 1660901
14.4663 1661581
14.4695 1662261
14.4726 1662941
14.4758 1663621
14.4789 1664301
14.4821 1664981
14.4852 1665661
14.4884 1666341
14.4915 1667021
14.4947 1667701
14.4978 1668381
14.501 1669061
14.5041 1669741
14.5073 1670421
14.5104 1671101
14.5136 1671781
14.5167 1672461
14.5199 1673141
14.5231 1673821
14.5262 1674501
14.5294 1675181
14.5325 1675861
14.5357 1676541
14.5388 1677221
14.542 1677901
14.5451 1678581
14.5483 1679261
14.5514 1679941
14.5546 1680621
14.5577 1681301
14.5609 1681981
14.564 1682661
14.5672 1683341
14.5703 1684021
14.5735 1684701
14.5766 1685381
14.5798 1686061
14.5829 1686741
14.5861 1687421
14.5892 1688101
14.5924 1688781
14.5955 1689461
14.5987 1690141
14.6019 1690821
14.605 1691501
14.6082 1692181
14.6113 1692861
14.6145 1693541
14.6176 1694221
14.6208 1694901
14.6239 1695581
14.6271 1696261
14.6302 1696941
14.6334 1697621
14.6365 1698301
14.6397 1698981
14.6428 1699661
14.646 1700341
14.6491 1701021
14.6523 1701701
14.6554 1702381
14.6586 1703061
14.6617 1703741
14.6649 1704421
14.668 1705101
14.6712 1705781
14.6743 1706461
14.6775 1707141
14.6807 1707821
14.6838 1708501
14.687 1709181
14.6901 1709861
14.6933 1710541
14.6964 1711221
14.6996 1711901
14.7027 1712581
14.7059 1713261
14.709 1713941
14.7122 1714621
14.7153 1715301
14.7185 1715981
14.7216 1716661
14.7248 1717341
14.7279 1718021
14.7311 1718701
14.7342 1719381
14.7374 1720061
14.7405 1720741
14.7437 1721421
14.7468 1722101
14.75 1722781
14.7531 1723461
14.7563 1724141
14.7595 1724821
14.7626 1725501
14.7658 1726181
14.7689 1726861
14.7721 1727541
14.7752 1728221
14.7784 1728901
14.7815 1729581
14.7847 1730261
14.7878 1730941
14.791 1731621
14.7941 1732301
14.7973 1732981
14.8004 1733661
14.8036 1734341
14.8067 1735021
14.8099 1735701
14.813 1736381
14.8162 1737061
14.8193 1737741
14.8225 1738421
14.8256 1739101
14.8288 1739781
14.8319 1740461
14.8351 1741141
14.8383 1741821
14.8414 1742501
14.8446 1743181
14.8477 1743861
14.8509 1744541
14.854 1745221
14.8572 1745901
14.8603 1746581
14.8635 1747261
14.8666 1747941
14.8698 1748621
14.8729 1749301
14.8761 1749981
14.8792 1750661
14.8824 1751341
14.8855 1752021
14.8887 1752701
14.8918 1753381
14.895 1754061
14.8981 1754741
14.9013 1755421
14.9044 1756101
14.9076 1756781
14.9107 1757461
14.9139 1758141
14.9171 1758821
14.9202 1759501
14.9234 1760181
14.9265 1760861
14.9297 1761541
14.9328 1762221
14.936 1762901
14.9391 1763581
14.9423 1764261
14.9454 1764941
14.9486 1765621
14.9517 1766301
14.9549 1766981
14.958 1767661
14.9612 1768341
14.9643 1769021
14.9675 1769701
14.9706 1770381
14.9738 1771061
14.9769 1771741
14.9801 1772421
14.9832 1773101
14.9864 1773781
14.9895 1774461
14.9927 1775141
14.9959 1775821
14.999 1776501
15.0022 1777181
15.0053 1777861
15.0085 1778541
15.0116 1779221
15.0148 1779901
15.0179 1780581
15.0211 1781261
15.0242 1781941
15.0274 1782621
15.0305 1783301
15.0337 1783981
15.0368 1784661
15.04 1785341
15.0431 1786021
15.0463 1786701
15.0494 1787381
15.0526 1788061
15.0557 1788741
15.0589 1789421
15.062 1790101
15.0652 1790781
15.0683 1791461
15.0715 1792141
15.0747 1792821
15.0778 1793501
15.081 1794181
15.0841 1794861
15.0873 1795541
15.0904 1796221
15.0936 1796901
15.0967 1797581
15.0999 1798261
15.103 1798941
15.1062 1799621
15.1093 1800301
15.1125 1800981
15.1156 1801661
15.1188 1802341
15.1219 1803021
15.1251 1803701
15.1282 1804381
15.1314 1805061
15.1345 1805741
15.1377 1806421
15.1408 1807101
15.144 1807781
15.1471 1808461
15.1503 1809141
15.1535 1809821
15.1566 1810501
15.1598 1811181
15.1629 1811861
15.1661 1812541
15.1692 1813221
15.1724 1813901
15.1755 1814581
15.1787 1815261
15.1818 1815941
15.185 1816621
15.1881 1817301
15.1913 1817981
15.1944 1818661
15.1976 1819341
15.2007 1820021
15.2039 1820701
15.207 1821381
15.2102 1822061
15.2133 1822741
15.2165 1823421
15.2196 1824101
15.2228 1824781
15.2259 1825461
15.2291 1826141
15.2323 1826821
15.2354 1827501
15.2386 1828181
15.2417 1828861
15.2449 1829541
15.248 1830221
15.2512 1830901
15.2543 1831581
15.2575 1832261
15.2606 1832941
15.2638 1833621
15.2669 1834301
15.2701 1834981
15.2732 1835661
15.2764 1836341
15.2795 1837021
15.2827 1837701
15.2858 1838381
15.289 1839061
15.2921 1839741
15.2953 1840421
15.2984 1841101
15.3016 1841781
15.3047 1842461
15.3079 1843141
15.3111 1843821
15.3142 1844501
15.3174 1845181
15.3205 1845861
15.3237 1846541
15.3268 1847221
15.33 1847901
15.3331 1848581
15.3363 1849261
15.3394 1849941
15.3426 1850621
15.3457 1851301
15.3489 1851981
15.352 1852661
15.3552 1853341
15.3583 1854021
15.3615 1854701
15.3646 1855381
15.3678 1856061
15.3709 1856741
15.3741 1857421
15.3772 1858101
15.3804 1858781
15.3835 1859461
15.3867 1860141
15.3899 1860821
15.393 1861501
15.3962 1862181
15.3993 1862861
15.4025 1863541
15.4056 1864221
15.4088 1864901
15.4119 1865581
15.4151 1866261
15.4182 1866941
15.4214 1867621
15.4245 1868301
15.4277 1868981
15.4308 1869661
15.434 1870341
15.4371 1871021
15.4403 1871701
15.4434 1872381
15.4466 1873061
15.4497 1873741
15.4529 1874421
15.456 1875101
15.4592 1875781
15.4623 1876461
15.4655 1877141
15.4687 1877821
15.4718 1878501
15.475 1879181
15.4781 1879861
15.4813 1880541
15.4844 1881221
15.4876 1881901
15.4907 1882581
15.4939 1883261
15.497 1883941
15.5002 1884621
15.5033 1885301
15.5065 1885981
15.5096 1886661
15.5128 1887341
15.5159 1888021
15.5191 1888701
15.5222 1889381
15.5254 1890061
15.5285 1890741
15.5317 1891421
15.5348 1892101
15.538 1892781
15.5411 1893461
15.5443 1894141
15.5474 1894821
15.5506 1895501
15.5538 1896181
15.5569 1896861
15.5601 1897541
15.5632 1898221
15.5664 1898901
15.5695 1899581
15.5727 1900261
15.5758 1900941
15.579 1901621
15.5821 1902301
15.5853 1902981
15.5884 1903661
15.5916 1904341
15.5947 1905021
15.5979 1905701
15.601 1906381
15.6042 1907061
15.6073 1907741
15.6105 1908421
15.6136 1909101
15.6168 1909781
15.6199 1910461
15.6231 1911141
15.6262 1911821
15.6294 1912501
15.6326 1913181
15.6357 1913861
15.6389 1914541
15.642 1915221
15.6452 1915901
15.6483 1916581
15.6515 1917261
15.6546 1917941
15.6578 1918621
15.6609 1919301
15.6641 1919981
15.6672 1920661
15.6704 1921341
15.6735 1922021
15.6767 1922701
15.6798 1923381
15.683 1924061
15.6861 1924741
15.6893 1925421
15.6924 1926101
15.6956 1926781
15.6987 1927461
15.7019 1928141
15.705 1928821
15.7082 1929501
15.7114 1930181
15.7145 1930861
15.7177 1931541
15.7208 1932221
15.724 1932901
15.7271 1933581
15.7303 1934261
15.7334 1934941
15.7366 1935621
15.7397 1936301
15.7429 1936981
15.746 1937661
15.7492 1938341
15.7523 1939021
15.7555 1939701
15.7586 1940381
15.7618 1941061
15.7649 1941741
15.7681 1942421
15.7712 1943101
15.7744 1943781
15.7775 1944461
15.7807 1945141
15.7838 1945821
15.787 1946501
15.7902 1947181
15.7933 1947861
15.7965 1948541
15.7996 1949221
15.8028 1949901
15.8059 1950581
15.8091 1951261
15.8122 1951941
15.8154 1952621
15.8185 1953301
15.8217 1953981
15.8248 1954661
15.828 1955341
15.8311 1956021
15.8343 1956701
15.8374 1957381
15.8406 1958061
15.8437 1958741
15.8469 1959421
15.85 1960101
15.8532 1960781
15.8563 1961461
15.8595 1962141
15.8626 1962821
15.8658 1963501
15.869 1964181
15.8721 1964861
15.8753 1965541
15.8784 1966221
15.8816 1966901
15.8847 1967581
15.8879 1968261
15.891 1968941
15.8942 1969621
15.8973 1970301
15.9005 1970981
15.9036 1971661
15.9068 1972341
15.9099 1973021
15.9131 1973701
15.9162 1974381
15.9194 1975061
15.9225 1975741
15.9257 1976421
15.9288 1977101
15.932 1977781
15.9351 1978461
15.9383 1979141
15.9414 1979821
15.9446 1980501
15.9478 1981181
15.9509 1981861
15.9541 1982541
15.9572 1983221
15.9604 1983901
15.9635 1984581
15.9667 1985261
15.9698 1985941
15.973 1986621
15.9761 1987301
15.9793 1987981
15.9824 1988661
15.9856 1989341
15.9887 1990021
15.9919 1990701
15.995 1991381
15.9982 1992061
16.0013 1992741
16.0045 1993421
16.0076 1994101
16.0108 1994781
16.0139 1995461
16.0171 1996141
16.0202 1996821
16.0234 1997501
16.0266 1998181
16.0297 1998861
16.0329 1999541
16.036 2000221
16.0392 2000901
16.0423 2001581
16.0455 2002261
16.0486 2002941
16.0518 2003621
16.0549 2004301
16.0581 2004981
16.0612 2005661
16.0644 2006341
16.0675 2007021
16.0707 2007701
16.0738 2008381
16.077 2009061
16.0801 2009741
16.0833 2010421
16.0864 2011101
16.0896 2011781
16.0927 2012461
16.0959 2013141
16.099 2013821
16.1022 2014501
16.1054 2015181
16.1085 2015861
16.1117 2016541
16.1148 2017221
16.118 2017901
16.1211 2018581
16.1243 2019261
16.1274 2019941
16.1306 2020621
16.1337 2021301
16.1369 2021981
16.14 2022661
16.1432 2023341
16.1463 2024021
16.1495 2024701
16.1526 2025381
16.1558 2026061
16.1589 2026741
16.1621 2027421
16.1652 2028101
16.1684 2028781
16.1715 2029461
16.1747 2030141
16.1778 2030821
16.181 2031501
16.1842 2032181
16.1873 2032861
16.1905 2033541
16.1936 2034221
16.1968 2034901
16.1999 2035581
16.2031 2036261
16.2062 2036941
16.2094 2037621
16.2125 2038301
16.2157 2038981
16.2188 2039661
16.222 2040341
16.2251 2041021
16.2283 2041701
16.2314 2042381
16.2346 2043061
16.2377 2043741
16.2409 2044421
16.244 2045101
16.2472 2045781
16.2503 2046461
16.2535 2047141
16.2566 2047821
16.2598 2048501
16.263 2049181
16.2661 2049861
16.2693 2050541
16.2724 2051221
16.2756 2051901
16.2787 2052581
16.2819 2053261
16.285 2053941
16.2882 2054621
16.2913 2055301
16.2945 2055981
16.2976 2056661
16.3008 2057341
16.3039 2058021
16.3071 2058701
16.3102 2059381
16.3134 2060061
16.3165 2060741
16.3197 2061421
16.3228 2062101
16.326 2062781
16.3291 2063461
16.3323 2064141
16.3354 2064821
16.3386 2065501
16.3418 2066181
16.3449 2066861
16.3481 2067541
16.3512 2068221
16.3544 2068901
16.3575 2069581
16.3607 2070261
16.3638 2070941
16.367 2071621
16.3701 2072301
16.3733 2072981
16.3764 2073661
16.3796 2074341
16.3827 2075021
16.3859 2075701
16.389 2076381
16.3922 2077061
16.3953 2077741
16.3985 2078421
16.4016 2079101
16.4048 2079781
16.4079 2080461
16.4111 2081141
16.4142 2081821
16.4174 2082501
16.4206 2083181
16.4237 2083861
16.4269 2084541
16.43 2085221
16.4332 2085901
16.4363 2086581
16.4395 2087261
16.4426 2087941
16.4458 2088621
16.4489 2089301
16.4521 2089981
16.4552 2090661
16.4584 2091341
16.4615 2092021
16.4647 2092701
16.4678 2093381
16.471 2094061
16.4741 2094741
16.4773 2095421
16.4804 2096101
16.4836 2096781
16.4867 2097461
16.4899 2098141
16.493 2098821
16.4962 2099501
16.4994 2100181
16.5025 2100861
16.5057 2101541
16.5088 2102221
16.512 2102901
16.5151 2103581
16.5183 2104261
16.5214 2104941
16.5246 2105621
16.5277 2106301
16.5309 2106981
16.534 2107661
16.5372 2108341
16.5403 2109021
16.5435 2109701
16.5466 2110381
16.5498 2111061
16.5529 2111741
16.5561 2112421
16.5592 2113101
16.5624 2113781
16.5655 2114461
16.5687 2115141
16.5718 2115821
16.575 2116501
16.5782 2117181
16.5813 2117861
16.5845 2118541
16.5876 2119221
16.5908 2119901
16.5939 2120581
16.5971 2121261
16.6002 2121941
16.6034 2122621
16.6065 2123301
16.6097 2123981
16.6128 2124661
16.616 2125341
16.6191 2126021
16.6223 2126701
16.6254 2127381
16.6286 2128061
16.6317 2128741
16.6349 2129421
16.638 2130101
16.6412 2130781
16.6443 2131461
16.6475 2132141
16.6506 2132821
16.6538 2133501
16.657 2134181
16.6601 2134861
16.6633 2135541
16.6664 2136221
16.6696 2136901
16.6727 2137581
16.6759 2138261
16.679 2138941
16.6822 2139621
16.6853 2140301
16.6885 2140981
16.6916 2141661
16.6948 2142341
16.6979 2143021
16.7011 2143701
16.7042 2144381
16.7074 2145061
16.7105 2145741
16.7137 2146421
16.7168 2147101
16.72 2147781
16.7231 2148461
16.7263 2149141
16.7294 2149821
16.7326 2150501
16.7358 2151181
16.7389 2151861
16.7421 2152541
16.7452 2153221
16.7484 2153901
16.7515 2154581
16.7547 2155261
16.7578 2155941
16.761 2156621
16.7641 2157301
16.7673 2157981
16.7704 2158661
16.7736 2159341
16.7767 2160021
16.7799 2160701
16.783 2161381
16.7862 2162061
16.7893 2162741
16.7925 2163421
16.7956 2164101
16.7988 2164781
16.8019 2165461
16.8051 2166141
16.8082 2166821
16.8114 2167501
16.8146 2168181
16.8177 2168861
16.8209 2169541
16.824 2170221
16.8272 2170901
16.8303 2171581
16.8335 2172261
16.8366 2172941
16.8398 2173621
16.8429 2174301
16.8461 2174981
16.8492 2175661
16.8524 2176341
16.8555 2177021
16.8587 2177701
16.8618 2178381
16.865 2179061
16.8681 2179741
16.8713 2180421
16.8744 2181101
16.8776 2181781
16.8807 2182461
16.8839 2183141
16.887 2183821
16.8902 2184501
16.8934 2185181
16.8965 2185861
16.8997 2186541
16.9028 2187221
16.906 2187901
16.9091 2188581
16.9123 2189261
16.9154 2189941
16.9186 2190621
16.9217 2191301
16.9249 2191981
16.928 2192661
16.9312 2193341
16.9343 2194021
16.9375 2194701
16.9406 2195381
16.9438 2196061
16.9469 2196741
16.9501 2197421
16.9532 2198101
16.9564 2198781
16.9595 2199461
16.9627 2200141
16.9658 2200821
16.969 2201501
16.9722 2202181
16.9753 2202861
16.9785 2203541
16.9816 2204221
16.9848 2204901
16.9879 2205581
16.9911 2206261
16.9942 2206941
16.9974 2207621
17.0005 2208301
17.0037 2208981
17.0068 2209661
17.01 2210341
17.0131 2211021
17.0163 2211701
17.0194 2212381
17.0226 2213061
17.0257 2213741
17.0289 2214421
17.032 2215101
17.0352 2215781
17.0383 2216461
17.0415 2217141
17.0446 2217821
17.0478 2218501
17.051 2219181
17.0541 2219861
17.0573 2220541
17.0604 2221221
17.0636 2221901
17.0667 2222581
17.0699 2223261
17.073 2223941
17.0762 2224621
17.0793 2225301
17.0825 2225981
17.0856 2226661
17.0888 2227341
17.0919 2228021
17.0951 2228701
17.0982 2229381
17.1014 2230061
17.1045 2230741
17.1077 2231421
17.1108 2232101
17.114 2232781
17.1171 2233461
17.1203 2234141
17.1234 2234821
17.1266 2235501
17.1298 2236181
17.1329 2236861
17.1361 2237541
17.1392 2238221
17.1424 2238901
17.1455 2239581
17.1487 2240261
17.1518 2240941
17.155 2241621
17.1581 2242301
17.1613 2242981
17.1644 2243661
17.1676 2244341
17.1707 2245021
17.1739 2245701
17.177 2246381
17.1802 2247061
17.1833 2247741
17.1865 2248421
17.1896 2249101
17.1928 2249781
17.1959 2250461
17.1991 2251141
17.2022 2251821
17.2054 2252501
17.2086 2253181
17.2117 2253861
17.2149 2254541
17.218 2255221
17.2212 2255901
17.2243 2256581
17.2275 2257261
17.2306 2257941
17.2338 2258621
17.2369 2259301
17.2401 2259981
17.2432 2260661
17.2464 2261341
17.2495 2262021
17.2527 2262701
17.2558 2263381
17.259 2264061
17.2621 2264741
17.2653 2265421
17.2684 2266101
17.2716 2266781
17.2747 2267461
17.2779 2268141
17.281 2268821
17.2842 2269501
17.2874 2270181
17.2905 2270861
17.2937 2271541
17.2968 2272221
17.3 2272901
17.3031 2273581
17.3063 2274261
17.3094 2274941
17.3126 2275621
17.3157 2276301
17.3189 2276981
17.322 2277661
17.3252 2278341
17.3283 2279021
17.3315 2279701
17.3346 2280381
17.3378 2281061
17.3409 2281741
17.3441 2282421
17.3472 2283101
17.3504 2283781
17.3535 2284461
17.3567 2285141
17.3598 2285821
17.363 2286501
17.3662 2287181
17.3693 2287861
17.3725 2288541
17.3756 2289221
17.3788 2289901
17.3819 2290581
17.3851 2291261
17.3882 2291941
17.3914 2292621
17.3945 2293301
17.3977 2293981
17.4008 2294661
17.404 2295341
17.4071 2296021
17.4103 2296701
17.4134 2297381
17.4166 2298061
17.4197 2298741
17.4229 2299421
17.426 2300101
17.4292 2300781
17.4323 2301461
17.4355 2302141
17.4386 2302821
17.4418 2303501
17.445 2304181
17.4481 2304861
17.4513 2305541
17.4544 2306221
17.4576 2306901
17.4607 2307581
17.4639 2308261
17.467 2308941
17.4702 2309621
17.4733 2310301
17.4765 2310981
17.4796 2311661
17.4828 2312341
17.4859 2313021
17.4891 2313701
17.4922 2314381
17.4954 2315061
17.4985 2315741
17.5017 2316421
17.5048 2317101
17.508 2317781
17.5111 2318461
17.5143 2319141
17.5174 2319821
17.5206 2320501
17.5238 2321181
17.5269 2321861
17.5301 2322541
17.5332 2323221
17.5364 2323901
17.5395 2324581
17.5427 2325261
17.5458 2325941
17.549 2326621
17.5521 2327301
17.5553 2327981
17.5584 2328661
17.5616 2329341
17.5647 2330021
17.5679 2330701
17.571 2331381
17.5742 2332061
17.5773 2332741
17.5805 2333421
17.5836 2334101
17.5868 2334781
17.5899 2335461
17.5931 2336141
17.5962 2336821
17.5994 2337501
17.6026 2338181
17.6057 2338861
17.6089 2339541
17.612 2340221
17.6152 2340901
17.6183 2341581
17.6215 2342261
17.6246 2342941
17.6278 2343621
17.6309 2344301
17.6341 2344981
17.6372 2345661
17.6404 2346341
17.6435 2347021
17.6467 2347701
17.6498 2348381
17.653 2349061
17.6561 2349741
17.6593 2350421
17.6624 2351101
17.6656 2351781
17.6687 2352461
17.6719 2353141
17.675 2353821
17.6782 2354501
17.6814 2355181
17.6845 2355861
17.6877 2356541
17.6908 2357221
17.694 2357901
17.6971 2358581
17.7003 2359261
17.7034 2359941
17.7066 2360621
17.7097 2361301
17.7129 2361981
17.716 2362661
17.7192 2363341
17.7223 2364021
17.7255 2364701
17.7286 2365381
17.7318 2366061
17.7349 2366741
17.7381 2367421
17.7412 2368101
17.7444 2368781
17.7475 2369461
17.7507 2370141
17.7538 2370821
17.757 2371501
17.7602 2372181
17.7633 2372861
17.7665 2373541
17.7696 2374221
17.7728 2374901
17.7759 2375581
17.7791 2376261
17.7822 2376941
17.7854 2377621
17.7885 2378301
17.7917 2378981
17.7948 2379661
17.798 2380341
17.8011 2381021
17.8043 2381701
17.8074 2382381
17.8106 2383061
17.8137 2383741
17.8169 2384421
17.82 2385101
17.8232 2385781
17.8263 2386461
17.8295 2387141
17.8326 2387821
17.8358 2388501
17.839 2389181
17.8421 2389861
17.8453 2390541
17.8484 2391221
17.8516 2391901
17.8547 2392581
17.8579 2393261
17.861 2393941
17.8642 2394621
17.8673 2395301
17.8705 2395981
17.8736 2396661
17.8768 2397341
17.8799 2398021
17.8831 2398701
17.8862 2399381
17.8894 2400061
17.8925 2400741
17.8957 2401421
17.8988 2402101
17.902 2402781
17.9051 2403461
17.9083 2404141
17.9114 2404821
17.9146 2405501
17.9178 2406181
17.9209 2406861
17.9241 2407541
17.9272 2408221
17.9304 2408901
17.9335 2409581
17.9367 2410261
17.9398 2410941
17.943 2411621
17.9461 2412301
17.9493 2412981
17.9524 2413661
17.9556 2414341
17.9587 2415021
17.9619 2415701
17.965 2416381
17.9682 2417061
17.9713 2417741
17.9745 2418421
17.9776 2419101
17.9808 2419781
17.9839 2420461
17.9871 2421141
17.9902 2421821
17.9934 2422501
17.9966 2423181
17.9997 2423861
18.0029 2424541
18.006 2425221
18.0092 2425901
18.0123 2426581
18.0155 2427261
18.0186 2427941
18.0218 2428621
18.0249 2429301
18.0281 2429981
18.0312 2430661
18.0344 2431341
18.0375 2432021
18.0407 2432701
18.0438 2433381
18.047 2434061
18.0501 2434741
18.0533 2435421
18.0564 2436101
18.0596 2436781
18.0627 2437461
18.0659 2438141
18.069 2438821
18.0722 2439501
18.0754 2440181
18.0785 2440861
18.0817 2441541
18.0848 2442221
18.088 2442901
18.0911 2443581
18.0943 2444261
18.0974 2444941
18.1006 2445621
18.1037 2446301
18.1069 2446981
18.11 2447661
18.1132 2448341
18.1163 2449021
18.1195 2449701
18.1226 2450381
18.1258 2451061
18.1289 2451741
18.1321 2452421
18.1352 2453101
18.1384 2453781
18.1415 2454461
18.1447 2455141
18.1478 2455821
18.151 2456501
18.1542 2457181
18.1573 2457861
18.1605 2458541
18.1636 2459221
18.1668 2459901
18.1699 2460581
18.1731 2461261
18.1762 2461941
18.1794 2462621
18.1825 2463301
18.1857 2463981
18.1888 2464661
18.192 2465341
18.1951 2466021
18.1983 2466701
18.2014 2467381
18.2046 2468061
18.2077 2468741
18.2109 2469421
18.214 2470101
18.2172 2470781
18.2203 2471461
18.2235 2472141
18.2266 2472821
18.2298 2473501
18.233 2474181
18.2361 2474861
18.2393 2475541
18.2424 2476221
18.2456 2476901
18.2487 2477581
18.2519 2478261
18.255 2478941
18.2582 2479621
18.2613 2480301
18.2645 2480981
18.2676 2481661
18.2708 2482341
18.2739 2483021
18.2771 2483701
18.2802 2484381
18.2834 2485061
18.2865 2485741
18.2897 2486421
18.2928 2487101
18.296 2487781
18.2991 2488461
18.3023 2489141
18.3054 2489821
18.3086 2490501
18.3118 2491181
18.3149 2491861
18.3181 2492541
18.3212 2493221
18.3244 2493901
18.3275 2494581
18.3307 2495261
18.3338 2495941
18.337 2496621
18.3401 2497301
18.3433 2497981
18.3464 2498661
18.3496 2499341
18.3527 2500021
18.3559 2500701
18.359 2501381
18.3622 2502061
18.3653 2502741
18.3685 2503421
18.3716 2504101
18.3748 2504781
18.3779 2505461
18.3811 2506141
18.3842 2506821
18.3874 2507501
18.3906 2508181
18.3937 2508861
18.3969 2509541
18.4 2510221
18.4032 2510901
18.4063 2511581
18.4095 2512261
18.4126 2512941
18.4158 2513621
18.4189 2514301
18.4221 2514981
18.4252 2515661
18.4284 2516341
18.4315 2517021
18.4347 2517701
18.4378 2518381
18.441 2519061
18.4441 2519741
18.4473 2520421
18.4504 2521101
18.4536 2521781
18.4567 2522461
18.4599 2523141
18.463 2523821
18.4662 2524501
18.4694 2525181
18.4725 2525861
18.4757 2526541
18.4788 2527221
18.482 2527901
18.4851 2528581
18.4883 2529261
18.4914 2529941
18.4946 2530621
18.4977 2531301
18.5009 2531981
18.504 2532661
18.5072 2533341
18.5103 2534021
18.5135 2534701
18.5166 2535381
18.5198 2536061
18.5229 2536741
18.5261 2537421
18.5292 2538101
18.5324 2538781
18.5355 2539461
18.5387 2540141
18.5418 2540821
18.545 2541501
18.5482 2542181
18.5513 2542861
18.5545 2543541
18.5576 2544221
18.5608 2544901
18.5639 2545581
18.5671 2546261
18.5702 2546941
18.5734 2547621
18.5765 2548301
18.5797 2548981
18.5828 2549661
18.586 2550341
18.5891 2551021
18.5923 2551701
18.5954 2552381
18.5986 2553061
18.6017 2553741
18.6049 2554421
18.608 2555101
18.6112 2555781
18.6143 2556461
18.6175 2557141
18.6206 2557821
18.6238 2558501
18.627 2559181
18.6301 2559861
18.6333 2560541
18.6364 2561221
18.6396 2561901
18.6427 2562581
18.6459 2563261
18.649 2563941
18.6522 2564621
18.6553 2565301
18.6585 2565981
18.6616 2566661
18.6648 2567341
18.6679 2568021
18.6711 2568701
18.6742 2569381
18.6774 2570061
18.6805 2570741
18.6837 2571421
18.6868 2572101
18.69 2572781
18.6931 2573461
18.6963 2574141
18.6994 2574821
18.7026 2575501
18.7058 2576181
18.7089 2576861
18.7121 2577541
18.7152 2578221
18.7184 2578901
18.7215 2579581
18.7247 2580261
18.7278 2580941
18.731 2581621
18.7341 2582301
18.7373 2582981
18.7404 2583661
18.7436 2584341
18.7467 2585021
18.7499 2585701
18.753 2586381
18.7562 2587061
18.7593 2587741
18.7625 2588421
18.7656 2589101
18.7688 2589781
18.7719 2590461
18.7751 2591141
18.7782 2591821
18.7814 2592501
18.7846 2593181
18.7877 2593861
18.7909 2594541
18.794 2595221
18.7972 2595901
18.8003 2596581
18.8035 2597261
18.8066 2597941
18.8098 2598621
18.8129 2599301
18.8161 2599981
18.8192 2600661
18.8224 2601341
18.8255 2602021
18.8287 2602701
18.8318 2603381
18.835 2604061
18.8381 2604741
18.8413 2605421
18.8444 2606101
18.8476 2606781
18.8507 2607461
18.8539 2608141
18.857 2608821
18.8602 2609501
18.8634 2610181
18.8665 2610861
18.8697 2611541
18.8728 2612221
18.876 2612901
18.8791 2613581
18.8823 2614261
18.8854 2614941
18.8886 2615621
18.8917 2616301
18.8949 2616981
18.898 2617661
18.9012 2618341
18.9043 2619021
18.9075 2619701
18.9106 2620381
18.9138 2621061
18.9169 2621741
18.9201 2622421
18.9232 2623101
18.9264 2623781
18.9295 2624461
18.9327 2625141
18.9358 2625821
18.939 2626501
18.9422 2627181
18.9453 2627861
18.9485 2628541
18.9516 2629221
18.9548 2629901
18.9579 2630581
18.9611 2631261
18.9642 2631941
18.9674 2632621
18.9705 2633301
18.9737 2633981
18.9768 2634661
18.98 2635341
18.9831 2636021
18.9863 2636701
18.9894 2637381
18.9926 2638061
18.9957 2638741
18.9989 2639421
19.002 2640101
19.0052 2640781
19.0083 2641461
19.0115 2642141
19.0146 2642821
19.0178 2643501
19.021 2644181
19.0241 2644861
19.0273 2645541
19.0304 2646221
19.0336 2646901
19.0367 2647581
19.0399 2648261
19.043 2648941
19.0462 2649621
19.0493 2650301
19.0525 2650981
19.0556 2651661
19.0588 2652341
19.0619 2653021
19.0651 2653701
19.0682 2654381
19.0714 2655061
19.0745 2655741
19.0777 2656421
19.0808 2657101
19.084 2657781
19.0871 2658461
19.0903 2659141
19.0934 2659821
19.0966 2660501
19.0998 2661181
19.1029 2661861
19.1061 2662541
19.1092 2663221
19.1124 2663901
19.1155 2664581
19.1187 2665261
19.1218 2665941
19.125 2666621
19.1281 2667301
19.1313 2667981
19.1344 2668661
19.1376 2669341
19.1407 2670021
19.1439 2670701
19.147 2671381
19.1502 2672061
19.1533 2672741
19.1565 2673421
19.1596 2674101
19.1628 2674781
19.1659 2675461
19.1691 2676141
19.1722 2676821
19.1754 2677501
19.1786 2678181
19.1817 2678861
19.1849 2679541
19.188 2680221
19.1912 2680901
19.1943 2681581
19.1975 2682261
19.2006 2682941
19.2038 2683621
19.2069 2684301
19.2101 2684981
19.2132 2685661
19.2164 2686341
19.2195 2687021
19.2227 2687701
19.2258 2688381
19.229 2689061
19.2321 2689741
19.2353 2690421
19.2384 2691101
19.2416 2691781
19.2447 2692461
19.2479 2693141
19.251 2693821
19.2542 2694501
19.2574 2695181
19.2605 2695861
19.2637 2696541
19.2668 2697221
19.27 2697901
19.2731 2698581
19.2763 2699261
19.2794 2699941
19.2826 2700621
19.2857 2701301
19.2889 2701981
19.292 2702661
19.2952 2703341
19.2983 2704021
19.3015 2704701
19.3046 2705381
19.3078 2706061
19.3109 2706741
19.3141 2707421
19.3172 2708101
19.3204 2708781
19.3235 2709461
19.3267 2710141
19.3298 2710821
19.333 2711501
19.3362 2712181
19.3393 2712861
19.3425 2713541
19.3456 2714221
19.3488 2714901
19.3519 2715581
19.3551 2716261
19.3582 2716941
19.3614 2717621
19.3645 2718301
19.3677 2718981
19.3708 2719661
19.374 2720341
19.3771 2721021
19.3803 2721701
19.3834 2722381
19.3866 2723061
19.3897 2723741
19.3929 2724421
19.396 2725101
19.3992 2725781
19.4023 2726461
19.4055 2727141
19.4086 2727821
19.4118 2728501
19.415 2729181
19.4181 2729861
19.4213 2730541
19.4244 2731221
19.4276 2731901
19.4307 2732581
19.4339 2733261
19.437 2733941
19.4402 2734621
19.4433 2735301
19.4465 2735981
19.4496 2736661
19.4528 2737341
19.4559 2738021
19.4591 2738701
19.4622 2739381
19.4654 2740061
19.4685 2740741
19.4717 2741421
19.4748 2742101
19.478 2742781
19.4811 2743461
19.4843 2744141
19.4874 2744821
19.4906 2745501
19.4938 2746181
19.4969 2746861
19.5001 2747541
19.5032 2748221
19.5064 2748901
19.5095 2749581
19.5127 2750261
19.5158 2750941
19.519 2751621
19.5221 2752301
19.5253 2752981
19.5284 2753661
19.5316 2754341
19.5347 2755021
19.5379 2755701
19.541 2756381
19.5442 2757061
19.5473 2757741
19.5505 2758421
19.5536 2759101
19.5568 2759781
19.5599 2760461
19.5631 2761141
19.5662 2761821
19.5694 2762501
19.5726 2763181
19.5757 2763861
19.5789 2764541
19.582 2765221
19.5852 2765901
19.5883 2766581
19.5915 2767261
19.5946 2767941
19.5978 2768621
19.6009 2769301
19.6041 2769981
19.6072 2770661
19.6104 2771341
19.6135 2772021
19.6167 2772701
19.6198 2773381
19.623 2774061
19.6261 2774741
19.6293 2775421
19.6324 2776101
19.6356 2776781
19.6387 2777461
19.6419 2778141
19.645 2778821
19.6482 2779501
19.6514 2780181
19.6545 2780861
19.6577 2781541
19.6608 2782221
19.664 2782901
19.6671 2783581
19.6703 2784261
19.6734 2784941
19.6766 2785621
19.6797 2786301
19.6829 2786981
19.686 2787661
19.6892 2788341
19.6923 2789021
19.6955 2789701
19.6986 2790381
19.7018 2791061
19.7049 2791741
19.7081 2792421
19.7112 2793101
19.7144 2793781
19.7175 2794461
19.7207 2795141
19.7238 2795821
19.727 2796501
19.7302 2797181
19.7333 2797861
19.7365 2798541
19.7396 2799221
19.7428 2799901
19.7459 2800581
19.7491 2801261
19.7522 2801941
19.7554 2802621
19.7585 2803301
19.7617 2803981
19.7648 2804661
19.768 2805341
19.7711 2806021
19.7743 2806701
19.7774 2807381
19.7806 2808061
19.7837 2808741
19.7869 2809421
19.79 2810101
19.7932 2810781
19.7963 2811461
19.7995 2812141
19.8026 2812821
19.8058 2813501
19.809 2814181
19.8121 2814861
19.8153 2815541
19.8184 2816221
19.8216 2816901
19.8247 2817581
19.8279 2818261
19.831 2818941
19.8342 2819621
19.8373 2820301
19.8405 2820981
19.8436 2821661
19.8468 2822341
19.8499 2823021
19.8531 2823701
19.8562 2824381
19.8594 2825061
19.8625 2825741
19.8657 2826421
19.8688 2827101
19.872 2827781
19.8751 2828461
19.8783 2829141
19.8814 2829821
19.8846 2830501
19.8878 2831181
19.8909 2831861
19.8941 2832541
19.8972 2833221
19.9004 2833901
19.9035 2834581
19.9067 2835261
19.9098 2835941
19.913 2836621
19.9161 2837301
19.9193 2837981
19.9224 2838661
19.9256 2839341
19.9287 2840021
19.9319 2840701
19.935 2841381
19.9382 2842061
19.9413 2842741
19.9445 2843421
19.9476 2844101
19.9508 2844781
19.9539 2845461
19.9571 2846141
19.9602 2846821
19.9634 2847501
19.9666 2848181
19.9697 2848861
19.9729 2849541
19.976 2850221
19.9792 2850901
19.9823 2851581
19.9855 2852261
19.9886 2852941
19.9918 2853621
19.9949 2854301
19.9981 2854981
20.0012 2855661
20.0044 2856341
20.0075 2857021
20.0107 2857701
20.0138 2858381
20.017 2859061
20.0201 2859741
20.0233 2860421
20.0264 2861101
20.0296 2861781
20.0327 2862461
20.0359 2863141
20.039 2863821
20.0422 2864501
20.0454 2865181
20.0485 2865861
20.0517 2866541
20.0548 2867221
20.058 2867901
20.0611 2868581
20.0643 2869261
20.0674 2869941
20.0706 2870621
20.0737 2871301
20.0769 2871981
20.08 2872661
20.0832 2873341
20.0863 2874021
20.0895 2874701
20.0926 2875381
20.0958 2876061
20.0989 2876741
