0.0 0
0.0905768 0.09
0.18279 0.09025
0.276537 0.0907188
0.370283 0.0911289
0.462454 0.102988
0.465606 0.101989
0.5562 0.100991
0.559352 0.100492
0.562504 0.100055
0.649946 0.0991734
0.653098 0.0989017
0.65625 0.098664
0.659402 0.098456
0.742117 0.108649
0.745269 0.107068
0.748421 0.105559
0.751573 0.104614
0.754725 0.103788
0.757877 0.103064
0.834287 0.112056
0.837439 0.109924
0.840591 0.108059
0.843743 0.106801
0.846895 0.105701
0.850047 0.104864
0.853199 0.104506
0.856351 0.104192
0.859503 0.103918
0.926458 0.112054
0.92961 0.109922
0.932762 0.108057
0.935914 0.1068
0.939066 0.105825
0.942218 0.104972
0.94537 0.1046
0.948522 0.104275
0.951674 0.103866
0.954826 0.103882
0.957978 0.103897
0.96113 0.104035
0.964282 0.104531
0.967434 0.104964
1.0202 0.103594
1.02336 0.10277
1.02651 0.102048
1.02966 0.101417
1.03281 0.10124
1.03596 0.101085
1.03912 0.100949
1.04227 0.101206
1.04542 0.10143
1.04857 0.101626
1.05172 0.102173
1.05488 0.102651
1.05803 0.103195
1.06118 0.104046
1.06433 0.10479
1.06748 0.105441
1.07064 0.106386
1.07379 0.107088
1.07694 0.107702
1.08009 0.108739
1.08324 0.109647
1.11395 0.107566
1.1171 0.106245
1.12025 0.105089
1.12341 0.104078
1.12656 0.103569
1.12971 0.103122
1.13286 0.102732
1.13601 0.102891
1.13917 0.103029
1.14232 0.103026
1.14547 0.103397
1.14862 0.103723
1.15177 0.104007
1.15493 0.104631
1.15808 0.105303
1.16123 0.10589
1.16438 0.106779
1.16753 0.107556
1.17069 0.108112
1.17384 0.108973
1.17699 0.109726
1.18014 0.11051
1.18329 0.111572
1.18645 0.1125
1.1896 0.113313
1.19275 0.114399
1.1959 0.115349
1.19905 0.116305
1.20221 0.117517
1.20536 0.118452
1.20851 0.119271
1.21166 0.120362
1.21481 0.117942
1.21797 0.115699
1.22112 0.114237
1.22427 0.112957
1.22742 0.111837
1.23057 0.111233
1.23373 0.110704
1.23688 0.110241
1.24003 0.110336
1.24318 0.110419
1.24633 0.110366
1.24949 0.110696
1.25264 0.110984
1.25579 0.111236
1.25894 0.111831
1.26209 0.112477
1.26525 0.113043
1.2684 0.113912
1.27155 0.114673
1.2747 0.115339
1.27785 0.116297
1.28101 0.117135
1.28416 0.117868
1.28731 0.118884
1.29046 0.119774
1.29361 0.120552
1.29677 0.121608
1.29992 0.122532
1.30307 0.123466
1.30622 0.124657
1.30937 0.1257
1.31253 0.126488
1.31568 0.127552
1.31883 0.128483
1.32198 0.129297
1.32513 0.13051
1.32829 0.131571
1.33144 0.1325
1.33459 0.133688
1.33774 0.134727
1.34089 0.135511
1.34405 0.136697
1.3472 0.137735
1.35035 0.138643
1.3535 0.139813
1.35665 0.140836
1.35981 0.141732
1.36296 0.14289
1.36611 0.144029
1.36926 0.145025
1.37241 0.146272
1.37557 0.147238
1.37872 0.148083
1.38187 0.149198
1.38502 0.150298
1.38817 0.151261
1.39133 0.152478
1.39448 0.153543
1.39763 0.154476
1.40078 0.155666
1.40393 0.156583
1.40709 0.15751
1.41024 0.158696
1.41339 0.159734
1.41654 0.160642
1.41969 0.161812
1.42285 0.162836
1.426 0.163731
1.42915 0.165015
1.4323 0.166138
1.43545 0.166996
1.43861 0.168121
1.44176 0.169106
1.44491 0.169968
1.44806 0.171222
1.45121 0.172319
1.45437 0.173279
1.45752 0.174494
1.46067 0.175558
1.46382 0.176363
1.46697 0.177442
1.47013 0.178512
1.47328 0.179448
1.47643 0.180642
1.47958 0.181687
1.48273 0.182601
1.48589 0.183776
1.48904 0.184929
1.49219 0.185938
1.49534 0.187196
1.49849 0.188171
1.50165 0.189025
1.5048 0.190147
1.50795 0.191128
1.5111 0.192112
1.51425 0.193348
1.51741 0.19443
1.52056 0.195376
1.52371 0.196579
1.52686 0.197632
1.53001 0.198553
1.53317 0.199734
1.53632 0.200767
1.53947 0.201671
1.54262 0.202837
1.54577 0.203858
1.54893 0.20475
1.55208 0.206032
1.55523 0.207153
1.55838 0.208009
1.56153 0.209132
1.56469 0.210116
1.56784 0.210976
1.57099 0.212104
1.57414 0.213216
1.57729 0.214189
1.58045 0.215416
1.5836 0.216489
1.58675 0.217428
1.5899 0.218624
1.59305 0.219671
1.59621 0.220587
1.59936 0.221764
1.60251 0.222793
1.60566 0.223694
1.60881 0.224857
1.61197 0.225875
1.61512 0.226891
1.61827 0.228154
1.62142 0.229135
1.62457 0.229993
1.62773 0.231119
1.63088 0.232104
1.63403 0.233091
1.63718 0.23433
1.64033 0.235414
1.64349 0.236362
1.64664 0.237567
1.64979 0.238621
1.65294 0.239418
1.65609 0.240616
1.65925 0.241664
1.6624 0.242581
1.66555 0.243758
1.6687 0.244789
1.67185 0.24569
1.67501 0.246979
1.67816 0.248106
1.68131 0.249093
1.68446 0.250331
1.68761 0.25129
1.69077 0.252129
1.69392 0.253238
1.69707 0.254333
1.70022 0.255291
1.70337 0.256505
1.70653 0.257567
1.70968 0.258496
1.71283 0.259684
1.71598 0.260598
1.71913 0.261524
1.72229 0.262708
1.72544 0.263745
1.72859 0.264652
1.73174 0.26582
1.73489 0.266843
1.73805 0.267862
1.7412 0.26913
1.74435 0.270238
1.7475 0.271084
1.75065 0.272198
1.75381 0.273173
1.75696 0.274027
1.76011 0.275273
1.76326 0.276364
1.76641 0.277319
1.76957 0.278529
1.77272 0.279588
1.77587 0.280389
1.77902 0.281591
1.78217 0.282642
1.78533 0.283562
1.78848 0.284741
1.79163 0.285774
1.79478 0.286677
1.79793 0.287842
1.80109 0.288987
1.80424 0.289989
1.80739 0.29124
1.81054 0.29221
1.81369 0.293059
1.81685 0.294176
1.82 0.295154
1.82315 0.296135
1.8263 0.297368
1.82945 0.298447
1.83261 0.299391
1.83576 0.300592
1.83891 0.301518
1.84206 0.302454
1.84521 0.303647
1.84837 0.304691
1.85152 0.305605
1.85467 0.306779
1.85782 0.307807
1.86097 0.308706
1.86413 0.309993
1.86728 0.311119
1.87043 0.311979
1.87358 0.313106
1.87673 0.314093
1.87989 0.314956
1.88304 0.316212
1.88619 0.31731
1.88934 0.318272
1.89249 0.319488
1.89565 0.320552
1.8988 0.321483
1.90195 0.322672
1.9051 0.323713
1.90825 0.324624
1.91141 0.325796
1.91456 0.326822
1.91771 0.327719
1.92086 0.328879
1.92401 0.330019
1.92717 0.331017
4.5826 0.301515
4.58575 0.2757
4.58891 0.253113
4.59206 0.233474
4.59521 0.216289
4.67012 0.201003
4.67477 0.187753
4.67792 0.176159
4.68108 0.166139
4.68423 0.157372
4.68738 0.149575
4.69053 0.142753
4.76387 0.136534
4.76852 0.131217
4.77167 0.126565
4.77482 0.12237
4.77797 0.118698
4.78113 0.115611
4.78428 0.11291
4.85761 0.110546
4.86226 0.108478
4.86542 0.106668
4.86857 0.105084
4.87172 0.104074
4.87487 0.10319
4.87802 0.102416
4.94978 0.110239
4.95444 0.108584
4.95759 0.106886
4.96074 0.1054
4.96389 0.1041
4.96704 0.103088
4.9702 0.102202
5.04195 0.109802
5.04661 0.108201
5.04976 0.106551
5.05291 0.105107
5.05606 0.103969
5.05921 0.102973
5.06237 0.101976
5.06552 0.101104
5.1357 0.100216
5.14035 0.0994391
5.1435 0.0987592
5.14666 0.0981643
5.14981 0.0975188
5.15296 0.0969539
5.15611 0.0965847
5.15926 0.0962616
5.22945 0.0959789
5.2341 0.0957315
5.23725 0.0955151
5.2404 0.0953257
5.24355 0.09516
5.24671 0.095015
5.24986 0.0947631
5.25301 0.0950427
5.32162 0.103412
5.32627 0.102611
5.32942 0.101659
5.33257 0.100827
5.33572 0.100099
5.33888 0.0994613
5.34203 0.0990287
5.34518 0.0986501
5.41379 0.106319
5.41844 0.105154
5.42159 0.103885
5.42474 0.102774
5.4279 0.101802
5.43105 0.101077
5.4342 0.100442
5.43735 0.0997621
5.50596 0.107292
5.50911 0.10588
5.51226 0.104395
5.51541 0.103096
5.51857 0.101959
5.52172 0.100964
5.52487 0.0999686
5.52802 0.0992225
5.53117 0.0985697
5.5997 0.0979985
5.60286 0.0973737
5.60601 0.0969519
5.60916 0.096583
5.61231 0.0962601
5.61546 0.0959776
5.61862 0.0957304
5.62177 0.0953891
5.62492 0.0950904
5.69345 0.0949541
5.6966 0.0948349
5.69976 0.0946055
5.70291 0.0947798
5.70606 0.0950573
5.70921 0.0953002
5.71236 0.0955127
5.71552 0.0956986
5.71867 0.0958612
5.78562 0.104004
5.78877 0.102878
5.79193 0.101893
5.79508 0.101157
5.79823 0.100512
5.80138 0.0998231
5.80453 0.0992202
5.80769 0.0986927
5.81084 0.0982311
5.87779 0.105827
5.88094 0.104474
5.8841 0.103415
5.88725 0.102488
5.8904 0.101552
5.89355 0.100733
5.8967 0.100016
5.89986 0.0993892
5.90301 0.0989655
5.90616 0.0985948
5.97154 0.0980205
5.97469 0.0975179
5.97784 0.0969532
5.98099 0.096459
5.98415 0.0961517
5.9873 0.0958827
5.99045 0.0956474
5.9936 0.0954414
5.99675 0.0951363
5.99991 0.0948692
6.06528 0.0947606
6.06844 0.0946655
6.07159 0.0945823
6.07474 0.0945095
6.07789 0.0943208
6.08104 0.0942807
6.0842 0.0942456
6.08735 0.0945899
6.0905 0.0948912
6.09365 0.0951548
6.15746 0.10301
6.16061 0.102009
6.16376 0.101133
6.16691 0.100366
6.17006 0.0998206
6.17322 0.099343
6.17637 0.0988001
6.17952 0.0983251
6.18267 0.0979095
6.18582 0.0975458
6.24963 0.104853
6.25278 0.103621
6.25593 0.102543
6.25908 0.101725
6.26223 0.10101
6.26539 0.100259
6.26854 0.0996012
6.27169 0.0990261
6.27484 0.0985228
6.27799 0.0980825
6.28115 0.0978222
6.34337 0.0973444
6.34652 0.0969263
6.34968 0.0965605
6.35283 0.0961155
6.35598 0.095726
6.35913 0.0955103
6.36228 0.0953215
6.36544 0.0951563
6.36859 0.0950118
6.37174 0.0948853
6.37489 0.0946496
6.43712 0.0945684
6.44027 0.0944974
6.44342 0.0944352
6.44657 0.0943808
6.44973 0.0943332
6.45288 0.0941666
6.45603 0.0941457
6.45918 0.0941275
6.46233 0.0941116
6.46549 0.0940976
6.46864 0.0940854
6.53086 0.0939497
6.53402 0.094331
6.53717 0.0946646
6.54032 0.0949566
6.54347 0.095212
6.54662 0.0954355
6.54978 0.0956311
6.55293 0.0956772
6.55608 0.0958425
6.55923 0.0959872
6.56238 0.0961138
6.62304 0.103475
6.62619 0.10254
6.62934 0.101598
6.63249 0.100773
6.63564 0.100051
6.6388 0.09942
6.64195 0.0988675
6.6451 0.098509
6.64825 0.0981954
6.6514 0.097796
6.65456 0.0974465
6.71521 0.104391
6.71836 0.103217
6.72151 0.10219
6.72466 0.101291
6.72781 0.100505
6.73097 0.0998166
6.73412 0.0993395
6.73727 0.098922
6.74042 0.0984318
6.74357 0.0980028
6.74673 0.0976275
6.74988 0.097299
6.80895 0.0967617
6.8121 0.0964164
6.81526 0.0961144
6.81841 0.0958501
6.82156 0.0956188
6.82471 0.0954165
6.82786 0.0951144
6.83102 0.0949751
6.83417 0.0948532
6.83732 0.0947466
6.84047 0.0946532
6.84362 0.0945716
6.9027 0.0945001
6.90585 0.0943126
6.909 0.0942735
6.91215 0.0942394
6.91531 0.0942094
6.91846 0.0941833
6.92161 0.0945353
6.92476 0.0948434
6.92791 0.094988
6.93107 0.0952395
6.93422 0.0954596
6.93737 0.0956521
6.99487 0.102571
6.99802 0.101749
7.00117 0.101031
7.00432 0.100277
7.00748 0.0996172
7.01063 0.09904
7.01378 0.098535
7.01693 0.0980932
7.02008 0.0978315
7.02324 0.0976026
7.02639 0.0972772
7.02954 0.0969926
7.08704 0.103619
7.09019 0.102666
7.09334 0.101708
7.0965 0.100869
7.09965 0.100136
7.1028 0.0994938
7.10595 0.0989321
7.1091 0.0985656
7.11226 0.0982449
7.11541 0.0978393
7.11856 0.0974843
7.12171 0.0971738
7.12486 0.0969021
7.18079 0.0964143
7.18394 0.0959875
7.18709 0.0957391
7.19024 0.0955217
7.19339 0.0953315
7.19655 0.095165
7.1997 0.0950194
7.20285 0.094767
7.206 0.0946711
7.20915 0.0945872
7.21231 0.0945138
7.21546 0.0944496
7.21861 0.0943934
7.27453 0.0943442
7.27768 0.0943012
7.28084 0.0941385
7.28399 0.0939962
7.28714 0.0939967
7.29029 0.0939971
7.29344 0.0939975
7.2966 0.0939978
7.29975 0.0938731
7.3029 0.0937639
7.30605 0.0937934
7.3092 0.0941943
7.31236 0.094545
7.3667 0.101227
7.36985 0.100448
7.37301 0.0998924
7.37616 0.0994059
7.37931 0.0989801
7.38246 0.0984826
7.38561 0.0980473
7.38877 0.0976664
7.39192 0.0973331
7.39507 0.0971665
7.39822 0.0970206
7.40137 0.0967681
7.40453 0.0965471
7.45887 0.102729
7.46202 0.101888
7.46518 0.101152
7.46833 0.100383
7.47148 0.0997098
7.47463 0.0991211
7.47778 0.098606
7.48094 0.0981552
7.48409 0.0978858
7.48724 0.0976501
7.49039 0.0973188
7.49354 0.097029
7.4967 0.0967754
7.49985 0.0965534
7.55262 0.0962343
7.55577 0.09583
7.55892 0.0954762
7.56208 0.0952917
7.56523 0.0951302
7.56838 0.094989
7.57153 0.0948653
7.57468 0.0947572
7.57784 0.0945375
7.58099 0.0943453
7.58414 0.0943022
7.58729 0.0942644
7.59044 0.0942313
7.5936 0.0942024
7.64637 0.0941771
7.64952 0.094155
7.65267 0.0941356
7.65582 0.0939937
7.65897 0.0938694
7.66213 0.0938858
7.66528 0.0939
7.66843 0.0939125
7.67158 0.0939235
7.67473 0.093933
7.67789 0.0938164
7.68104 0.0938394
7.68419 0.0938594
7.68734 0.093877
7.74011 0.0938924
7.74326 0.0939058
7.74642 0.0942926
7.74957 0.094631
7.75272 0.0949271
7.75587 0.0951863
7.75902 0.095413
7.76218 0.0956113
7.76533 0.0957849
7.76848 0.0959368
7.77163 0.0960697
7.77478 0.096186
7.77794 0.0961627
7.78109 0.0962674
7.83228 0.102359
7.83543 0.101439
7.83859 0.100634
7.84174 0.0999299
7.84489 0.0993137
7.84804 0.0988995
7.85119 0.098537
7.85435 0.0980949
7.8575 0.0977081
7.86065 0.0973695
7.8638 0.0970734
7.86695 0.0968142
7.87011 0.0967124
7.87326 0.0966234
7.92445 0.10242
7.9276 0.101493
7.93076 0.100681
7.93391 0.0999711
7.93706 0.0994747
7.94021 0.0990404
7.94336 0.0985353
7.94652 0.0980934
7.94967 0.0977067
7.95282 0.0973684
7.95597 0.0970723
7.95912 0.0969383
7.96228 0.096821
7.96543 0.0965934
7.96858 0.0963942
8.0182 0.0960949
8.02135 0.0958331
8.0245 0.0956039
8.02766 0.0954034
8.03081 0.095103
8.03396 0.0948401
8.03711 0.0947351
8.04026 0.0946432
8.04342 0.0945628
8.04657 0.0944925
8.04972 0.0944309
8.05287 0.094252
8.05602 0.0942205
8.05918 0.094193
8.06233 0.0941689
8.11195 0.0940227
8.1151 0.0940199
8.11825 0.0940174
8.1214 0.0940152
8.12455 0.0940133
8.12771 0.0940117
8.13086 0.0938852
8.13401 0.0942746
8.13716 0.0946152
8.14031 0.0949133
8.14347 0.0951742
8.14662 0.0954024
8.14977 0.0956021
8.15292 0.0956518
8.15607 0.0958204
8.20412 0.101593
8.20727 0.100894
8.21042 0.100157
8.21357 0.0995124
8.21672 0.0989483
8.21988 0.0984548
8.22303 0.0981479
8.22618 0.0978794
8.22933 0.0975195
8.23248 0.0972046
8.23564 0.096929
8.23879 0.0966879
8.24194 0.0964769
8.24509 0.0964173
8.24824 0.0963651
8.29629 0.101819
8.29944 0.100967
8.30259 0.100221
8.30574 0.0995685
8.30889 0.0989975
8.31205 0.0986228
8.3152 0.0982949
8.31835 0.0978831
8.3215 0.0975227
8.32465 0.0972073
8.32781 0.0969314
8.33096 0.09669
8.33411 0.0966037
8.33726 0.0965283
8.34041 0.0963372
8.34357 0.0961701
8.39003 0.0958988
8.39318 0.0956615
8.39634 0.0954538
8.39949 0.0952721
8.40264 0.0951131
8.40579 0.0948489
8.40894 0.0946178
8.4121 0.0945406
8.41525 0.094473
8.4184 0.0944139
8.42155 0.0943621
8.4247 0.0943169
8.42786 0.0941523
8.43101 0.0941332
8.43416 0.0941166
8.43731 0.094102
8.48378 0.0939643
8.48693 0.0938437
8.49008 0.0938633
8.49324 0.0938803
8.49639 0.0938953
8.49954 0.0939084
8.50269 0.0939198
8.50584 0.0938049
8.509 0.0937043
8.51215 0.0937412
8.5153 0.0937736
8.51845 0.0938019
8.5216 0.0938266
8.52476 0.0937233
8.52791 0.0940079
8.53106 0.0943819
8.57595 0.0998342
8.5791 0.0993549
8.58225 0.0989355
8.58541 0.0984436
8.58856 0.0980131
8.59171 0.0976365
8.59486 0.0973069
8.59801 0.0971436
8.60117 0.0970006
8.60432 0.0968755
8.60747 0.0966411
8.61062 0.096436
8.61377 0.0962565
8.61693 0.0960994
8.62008 0.096087
8.62323 0.0960761
8.66812 0.101192
8.67127 0.100543
8.67442 0.0998498
8.67758 0.0992436
8.68073 0.0987131
8.68388 0.098249
8.68703 0.0979679
8.69018 0.0977219
8.69334 0.0973817
8.69649 0.0970839
8.69964 0.0968235
8.70279 0.0965955
8.70594 0.0963961
8.7091 0.0963466
8.71225 0.0963032
8.7154 0.0961403
8.71855 0.0959978
8.76187 0.0956231
8.76502 0.0954202
8.76817 0.0952427
8.77132 0.0950873
8.77447 0.0949514
8.77763 0.0948325
8.78078 0.0946034
8.78393 0.094403
8.78708 0.0943526
8.79023 0.0943085
8.79339 0.09427
8.79654 0.0942362
8.79969 0.0942067
8.80284 0.0940559
8.80599 0.0939239
8.80915 0.0939334
8.8123 0.0939417
8.85561 0.093949
8.85876 0.0938304
8.86192 0.0937266
8.86507 0.0937608
8.86822 0.0937907
8.87137 0.0938168
8.87452 0.0938397
8.87768 0.0938598
8.88083 0.0937523
8.88398 0.0936583
8.88713 0.093701
8.89028 0.0937383
8.89344 0.0937711
8.89659 0.0937997
8.89974 0.0938247
8.90289 0.0937216
8.90604 0.0937564
8.94936 0.0937869
8.95251 0.0938135
8.95566 0.0938368
8.95882 0.0937322
8.96197 0.0940157
8.96512 0.0943887
8.96827 0.0947151
8.97142 0.0950007
8.97458 0.0952507
8.97773 0.0954693
8.98088 0.0956607
8.98403 0.0958281
8.98718 0.0959746
8.99034 0.0961027
8.99349 0.0962149
8.99664 0.096313
8.99979 0.0963989
9.04153 0.101224
9.04468 0.100446
9.04783 0.0997653
9.05099 0.0991696
9.05414 0.0987734
9.05729 0.0984267
9.06044 0.0979984
9.06359 0.0976236
9.06675 0.0972956
9.0699 0.0970087
9.07305 0.0968826
9.0762 0.0967723
9.07935 0.0965507
9.08251 0.0963569
9.08566 0.0961873
9.08881 0.0960389
9.09196 0.095909
9.1337 0.10067
9.13685 0.0999616
9.14 0.0994664
9.14316 0.0990331
9.14631 0.098654
9.14946 0.0981972
9.15261 0.0977976
9.15576 0.0974479
9.15892 0.0971419
9.16207 0.0969991
9.16522 0.0968743
9.16837 0.09664
9.17152 0.096435
9.17468 0.0962556
9.17783 0.0960986
9.18098 0.0959613
9.18413 0.0959662
9.18728 0.0959704
9.22745 0.0957241
9.2306 0.0955086
9.23375 0.095195
9.2369 0.0949206
9.24005 0.0948055
9.24321 0.0947049
9.24636 0.0946167
9.24951 0.0945397
9.25266 0.0944722
9.25581 0.0942882
9.25897 0.0941271
9.26212 0.0941113
9.26527 0.0940973
9.26842 0.0940852
9.27157 0.0940745
9.27473 0.0940652
9.27788 0.0939321
9.28103 0.0939406
9.32119 0.093948
9.32434 0.0939545
9.3275 0.0939602
9.33065 0.0939652
9.3338 0.0938445
9.33695 0.0937389
9.3401 0.0937716
9.34326 0.0938001
9.34641 0.0938251
9.34956 0.093847
9.35271 0.0938661
9.35586 0.0942578
9.35902 0.0946006
9.36217 0.0949005
9.36532 0.095163
9.36847 0.0953926
9.37162 0.0955935
9.37478 0.0957693
9.41336 0.100298
9.41652 0.0996359
9.41967 0.0990564
9.42282 0.0985494
9.42597 0.0981057
9.42912 0.0978425
9.43228 0.0976122
9.43543 0.0972856
9.43858 0.0969999
9.44173 0.0967499
9.44488 0.0965312
9.44804 0.0964648
9.45119 0.0964067
9.45434 0.0962309
9.45749 0.096077
9.46064 0.0959424
9.46379 0.0958246
9.46695 0.0957215
9.50553 0.100131
9.50869 0.0994899
9.51184 0.0989287
9.51499 0.0984376
9.51814 0.0981329
9.52129 0.0978663
9.52445 0.097508
9.5276 0.0971945
9.53075 0.0969202
9.5339 0.0966802
9.53705 0.0965951
9.54021 0.0965207
9.54336 0.0963306
9.54651 0.0961643
9.54966 0.0960188
9.55281 0.0958914
9.55597 0.09578
9.55912 0.0958075
9.56227 0.0958316
9.59928 0.0956026
9.60243 0.0954023
9.60558 0.095227
9.60874 0.0950736
9.61189 0.0948144
9.61504 0.0947126
9.61819 0.0946235
9.62134 0.0945456
9.6245 0.0944774
9.62765 0.0944177
9.6308 0.0942405
9.63395 0.0940854
9.6371 0.0940748
9.64026 0.0940654
9.64341 0.0940572
9.64656 0.0940501
9.64971 0.0940438
9.65286 0.0939133
9.65602 0.0939242
9.69303 0.0939337
9.69618 0.0939419
9.69933 0.0939492
9.70248 0.0939556
9.70563 0.0939611
9.70879 0.093841
9.71194 0.0937358
9.71509 0.0937689
9.71824 0.0937978
9.72139 0.093823
9.72455 0.0938452
9.7277 0.0938645
9.73085 0.0937564
9.734 0.0937869
9.73715 0.0938135
9.74031 0.0938368
9.74346 0.0938572
9.74661 0.0938751
9.74976 0.0937657
9.7852 0.09817
9.78835 0.0977737
9.7915 0.097427
9.79465 0.0971236
9.7978 0.0968582
9.80096 0.0966259
9.80411 0.0965477
9.80726 0.0964792
9.81041 0.0962943
9.81356 0.0961325
9.81672 0.095991
9.81987 0.0958671
9.82302 0.0958837
9.82617 0.0958982
9.82932 0.095786
9.83248 0.0956877
9.83563 0.0956017
9.83878 0.0955265
9.84193 0.0954607
9.87737 0.0995281
9.88052 0.0989621
9.88367 0.0984668
9.88682 0.0980335
9.88998 0.0976543
9.89313 0.0974475
9.89628 0.0972666
9.89943 0.0969833
9.90258 0.0967353
9.90573 0.0965184
9.90889 0.0963286
9.91204 0.0962875
9.91519 0.0962516
9.91834 0.0960952
9.92149 0.0959583
9.92465 0.0958385
9.9278 0.0957337
9.93095 0.095642
9.9341 0.0956867
9.96954 0.0997259
9.97269 0.0991351
9.97584 0.0986182
9.97899 0.098166
9.98215 0.0978952
9.9853 0.0976583
9.98845 0.097326
9.9916 0.0970353
9.99475 0.0967809
9.99791 0.0965583
10.0011 0.0964885
10.0042 0.0964274
10.0074 0.096249
10.0105 0.0960929
10.0137 0.0959563
10.0168 0.0958367
10.02 0.0957321
10.0231 0.0957656
10.0263 0.0957949
10.0294 0.0956955
10.0633 0.0954836
10.0664 0.0952982
10.0696 0.0951359
10.0727 0.0949939
10.0759 0.0947447
10.079 0.0946516
10.0822 0.0945701
10.0853 0.0944989
10.0885 0.0944365
10.0917 0.0943819
10.0948 0.0942092
10.098 0.094058
10.1011 0.0940508
10.1043 0.0940444
10.1074 0.0940389
10.1106 0.094034
10.1137 0.0940298
10.1169 0.093901
10.12 0.0939134
10.1232 0.0939242
10.157 0.0939337
10.1602 0.093942
10.1633 0.0939492
10.1665 0.0939556
10.1696 0.0939611
10.1728 0.093841
10.1759 0.0937359
10.1791 0.0937689
10.1822 0.0941728
10.1854 0.0945262
10.1886 0.0948354
10.1917 0.095106
10.1949 0.0953427
10.198 0.0955499
10.2012 0.0957312
10.2043 0.0958898
10.2075 0.0960285
10.2106 0.09615
10.2138 0.0962562
10.2169 0.0962242
10.2492 0.0999462
10.2524 0.0993279
10.2555 0.0987869
10.2587 0.0983135
10.2618 0.0978994
10.265 0.0975369
10.2681 0.0973448
10.2713 0.0971767
10.2744 0.0969046
10.2776 0.0966665
10.2807 0.0964582
10.2839 0.0962759
10.287 0.0962415
10.2902 0.0962113
10.2933 0.0960599
10.2965 0.0959274
10.2996 0.0958115
10.3028 0.09571
10.3059 0.0956213
10.3091 0.0956686
10.3414 0.099335
10.3445 0.0987932
10.3477 0.098319
10.3508 0.0979041
10.354 0.0975411
10.3571 0.0973485
10.3603 0.0971799
10.3634 0.0969074
10.3666 0.096669
10.3697 0.0964604
10.3729 0.0962778
10.376 0.0962431
10.3792 0.0962127
10.3823 0.0960611
10.3855 0.0959285
10.3887 0.0958124
10.3918 0.0957109
10.395 0.095622
10.3981 0.0956693
10.4013 0.0957106
10.4044 0.0956218
10.4351 0.0954191
10.4383 0.0952417
10.4414 0.0950865
10.4446 0.0949507
10.4477 0.0948318
10.4509 0.0946028
10.454 0.0945275
10.4572 0.0944616
10.4603 0.0944039
10.4635 0.0943534
10.4666 0.0943092
10.4698 0.0941456
10.4729 0.0940024
10.4761 0.0940021
10.4792 0.0940018
10.4824 0.0940016
10.4855 0.0940014
10.4887 0.0940012
10.4919 0.0938761
10.495 0.0938915
10.4982 0.0939051
10.5289 0.093792
10.532 0.093818
10.5352 0.0938407
10.5383 0.0938606
10.5415 0.0938781
10.5446 0.0938933
10.5478 0.0937816
10.5509 0.0936839
10.5541 0.0937234
10.5572 0.093758
10.5604 0.0937883
10.5635 0.0938147
10.5667 0.0938379
10.5698 0.0937331
10.573 0.0936415
10.5761 0.0940613
10.5793 0.0944287
10.5824 0.0947501
10.5856 0.0950313
10.5888 0.0952774
10.5919 0.0953677
10.621 0.0988218
10.6242 0.098469
10.6273 0.0980354
10.6305 0.097656
10.6336 0.097324
10.6368 0.0970335
10.6399 0.0967793
10.6431 0.0966819
10.6463 0.0965966
10.6494 0.0963971
10.6526 0.0962224
10.6557 0.0960696
10.6589 0.0959359
10.662 0.0959439
10.6652 0.0959509
10.6683 0.0959571
10.6715 0.0958374
10.6746 0.0957328
10.6778 0.0956412
10.6809 0.095561
10.6841 0.0956159
10.7132 0.0989139
10.7164 0.0984247
10.7195 0.0979966
10.7227 0.097622
10.7258 0.0972943
10.729 0.0970075
10.7321 0.0968815
10.7353 0.0967713
10.7384 0.0965499
10.7416 0.0963562
10.7447 0.0961867
10.7479 0.0960383
10.751 0.0960335
10.7542 0.0960293
10.7573 0.0959007
10.7605 0.0957881
10.7636 0.0956896
10.7668 0.0956034
10.7699 0.095528
10.7731 0.095587
10.7762 0.0956386
10.7794 0.0955588
10.807 0.0952389
10.8101 0.0950841
10.8133 0.0949485
10.8164 0.09483
10.8196 0.0947262
10.8227 0.0946355
10.8259 0.094431
10.829 0.0943771
10.8322 0.09433
10.8353 0.0942888
10.8385 0.0942527
10.8416 0.0942211
10.8448 0.0940684
10.8479 0.0939349
10.8511 0.093943
10.8542 0.0939501
10.8574 0.0939564
10.8605 0.0939618
10.8637 0.0939666
10.8668 0.0938458
10.87 0.0937401
10.8731 0.0937725
10.9007 0.093801
10.9038 0.0937009
10.907 0.0937382
10.9102 0.093771
10.9133 0.0937996
10.9165 0.0938246
10.9196 0.0938466
10.9228 0.0937407
10.9259 0.0936481
10.9291 0.0936921
10.9322 0.0937306
10.9354 0.0937643
10.9385 0.0937938
10.9417 0.0938195
10.9448 0.0937171
10.948 0.0936275
10.9511 0.093674
10.9543 0.0937148
10.9574 0.0937504
10.9606 0.0937816
10.9637 0.0938089
10.9669 0.0937078
10.9944 0.0937443
10.9976 0.0937763
11.0007 0.0936792
11.0039 0.0935943
11.0071 0.093645
11.0102 0.0940644
11.0134 0.0944314
11.0165 0.0947524
11.0197 0.0950334
11.0228 0.0952792
11.026 0.0953693
11.0291 0.0955731
11.0323 0.0957515
11.0354 0.0959076
11.0386 0.0960441
11.0417 0.0961636
11.0449 0.0962682
11.048 0.0963596
11.0512 0.0964397
11.0543 0.0965097
11.0575 0.096571
11.0606 0.0966246
11.0866 0.0995465
11.0898 0.0989782
11.0929 0.0984809
11.0961 0.0981708
11.0992 0.0978995
11.1024 0.097537
11.1055 0.0972199
11.1087 0.0969424
11.1118 0.0966996
11.115 0.0964872
11.1181 0.0964263
11.1213 0.096373
11.1244 0.0962014
11.1276 0.0960512
11.1307 0.0959198
11.1339 0.0958048
11.137 0.0958292
11.1402 0.0958506
11.1434 0.0957442
11.1465 0.0956512
11.1497 0.0955698
11.1528 0.0954986
11.1788 0.0983113
11.1819 0.0978974
11.1851 0.0976602
11.1882 0.0974527
11.1914 0.0971461
11.1945 0.0968778
11.1977 0.0966431
11.2008 0.0964377
11.204 0.096383
11.2072 0.0963351
11.2103 0.0962932
11.2135 0.0961316
11.2166 0.0959901
11.2198 0.0958664
11.2229 0.0957581
11.2261 0.0957883
11.2292 0.0958148
11.2324 0.0957129
11.2355 0.0956238
11.2387 0.0955458
11.2418 0.0954776
11.245 0.0954179
11.2481 0.0954907
11.2725 0.0953043
11.2757 0.0951413
11.2788 0.0948736
11.282 0.0946394
11.2851 0.0945595
11.2883 0.0944896
11.2914 0.0944284
11.2946 0.0943748
11.2977 0.094203
11.3009 0.0940526
11.3041 0.094046
11.3072 0.0940403
11.3104 0.0940352
11.3135 0.0940308
11.3167 0.094027
11.3198 0.0938986
11.323 0.0937863
11.3261 0.093813
11.3293 0.0938364
11.3324 0.0938568
11.3356 0.0938747
11.3387 0.0938904
11.3419 0.0937791
11.3663 0.0938067
11.3694 0.0938309
11.3726 0.093852
11.3757 0.0938705
11.3789 0.0937617
11.382 0.0937915
11.3852 0.0938175
11.3883 0.0938403
11.3915 0.0938603
11.3946 0.0938778
11.3978 0.093768
11.4009 0.093672
11.4041 0.093713
11.4073 0.0941239
11.4104 0.0944834
11.4136 0.094798
11.4167 0.0950732
11.4199 0.0953141
11.423 0.0955248
11.4262 0.0957092
11.4293 0.0958706
11.4325 0.0960117
11.4356 0.0961353
11.4584 0.0987434
11.4616 0.0982754
11.4648 0.097866
11.4679 0.0975078
11.4711 0.0973193
11.4742 0.0971544
11.4774 0.0968851
11.4805 0.0966494
11.4837 0.0964433
11.4868 0.0962629
11.49 0.096105
11.4931 0.0960919
11.4963 0.0960804
11.4994 0.0959453
11.5026 0.0958272
11.5057 0.0957238
11.5089 0.0956333
11.512 0.0956791
11.5152 0.0957192
11.5183 0.0956293
11.5215 0.0955507
11.5246 0.0954818
11.5278 0.0954216
11.5506 0.0978689
11.5538 0.0975103
11.5569 0.0971965
11.5601 0.0970469
11.5632 0.0969161
11.5664 0.0966766
11.5695 0.096467
11.5727 0.0962836
11.5758 0.0961232
11.579 0.0959828
11.5821 0.0959849
11.5853 0.0959868
11.5884 0.0958635
11.5916 0.0957555
11.5947 0.0956611
11.5979 0.0955784
11.6011 0.0956311
11.6042 0.0956772
11.6074 0.0955926
11.6105 0.0955185
11.6137 0.0954537
11.6168 0.095397
11.62 0.0953474
11.6231 0.0954289
11.6444 0.0952503
11.6475 0.095094
11.6507 0.0949573
11.6538 0.0947126
11.657 0.0944985
11.6601 0.0944362
11.6633 0.0943817
11.6664 0.094334
11.6696 0.0942922
11.6727 0.0942557
11.6759 0.0940987
11.679 0.0940864
11.6822 0.0940756
11.6853 0.0940661
11.6885 0.0940579
11.6916 0.0940506
11.6948 0.0939193
11.6979 0.0938044
11.7011 0.0938288
11.7043 0.0938502
11.7074 0.093869
11.7106 0.0938853
11.7137 0.0938997
11.7169 0.0937872
11.7381 0.0938138
11.7413 0.0938371
11.7444 0.0938574
11.7476 0.0938753
11.7507 0.0938909
11.7539 0.0937795
11.757 0.0938071
11.7602 0.0938312
11.7633 0.0938523
11.7665 0.0938707
11.7696 0.0938869
11.7728 0.093776
11.7759 0.093679
11.7791 0.0937192
11.7822 0.0937543
11.7854 0.093785
11.7885 0.0938119
11.7917 0.0938354
11.7948 0.0937309
11.798 0.0936396
11.8012 0.0936846
11.8043 0.0940991
11.8075 0.0944617
11.8106 0.094779
11.8303 0.0971816
11.8334 0.0969089
11.8366 0.0966703
11.8397 0.0964615
11.8429 0.0962788
11.846 0.096244
11.8492 0.0962135
11.8523 0.0960618
11.8555 0.0959291
11.8586 0.0958129
11.8618 0.0957113
11.865 0.0956224
11.8681 0.0956696
11.8713 0.0957109
11.8744 0.095622
11.8776 0.0955443
11.8807 0.0954762
11.8839 0.0954167
11.887 0.0954896
11.8902 0.0955534
11.8933 0.0956092
11.8965 0.0955331
11.8996 0.0954664
11.9028 0.0954081
11.9225 0.0974821
11.9256 0.0971719
11.9288 0.0969004
11.9319 0.0966628
11.9351 0.09658
11.9382 0.0965075
11.9414 0.096319
11.9445 0.0961542
11.9477 0.0960099
11.9508 0.0958837
11.954 0.0957732
11.9571 0.0958015
11.9603 0.0958264
11.9634 0.0957231
11.9666 0.0956327
11.9697 0.0955536
11.9729 0.0954844
11.976 0.0955488
11.9792 0.0956052
11.9823 0.0955296
11.9855 0.0954634
11.9886 0.0954055
11.9918 0.0953548
11.9949 0.0953104
12.0146 0.0973966
12.0178 0.097097
12.0209 0.0968349
12.0241 0.0967305
12.0272 0.0966392
12.0304 0.0964343
12.0335 0.096255
12.0367 0.0960982
12.0398 0.0959609
12.043 0.0958408
12.0461 0.0958607
12.0493 0.0958781
12.0524 0.0957683
12.0556 0.0956723
12.0588 0.0955883
12.0619 0.0955147
12.0651 0.0955754
12.0682 0.0956285
12.0714 0.0955499
12.0745 0.0954812
12.0777 0.095421
12.0808 0.0953684
12.084 0.0953223
12.0871 0.095407
12.0903 0.0954812
12.1084 0.095296
12.1115 0.095134
12.1147 0.0949923
12.1178 0.0947432
12.121 0.0945253
12.1241 0.0944597
12.1273 0.0944022
12.1304 0.0943519
12.1336 0.0943079
12.1367 0.0942694
12.1399 0.0941108
12.143 0.0940969
12.1462 0.0940848
12.1493 0.0940742
12.1525 0.0940649
12.1556 0.0940568
12.1588 0.0939247
12.162 0.0938091
12.1651 0.093833
12.1683 0.0938539
12.1714 0.0938721
12.1746 0.0938881
12.1777 0.0939021
12.1809 0.0937893
12.184 0.0938157
12.2021 0.0938387
12.2053 0.0938589
12.2084 0.0938765
12.2116 0.0938919
12.2147 0.0939055
12.2179 0.0937923
12.221 0.0938182
12.2242 0.093841
12.2273 0.0938608
12.2305 0.0938782
12.2336 0.0938935
12.2368 0.0937818
12.2399 0.093684
12.2431 0.0940985
12.2462 0.0944612
12.2494 0.0947786
12.2525 0.0950562
12.2557 0.0952992
12.2589 0.0955118
12.262 0.0956978
12.2652 0.0958606
12.2683 0.096003
12.2715 0.0961277
12.2746 0.0962367
12.2778 0.0963321
12.2943 0.0980406
12.2974 0.0976605
12.3006 0.097328
12.3037 0.097037
12.3069 0.0967823
12.31 0.0966845
12.3132 0.096599
12.3163 0.0963991
12.3195 0.0962242
12.3227 0.0960712
12.3258 0.0959373
12.329 0.0958201
12.3321 0.0958426
12.3353 0.0958623
12.3384 0.0957545
12.3416 0.0956602
12.3447 0.0955777
12.3479 0.0955055
12.351 0.0955673
12.3542 0.0956214
12.3573 0.0955437
12.3605 0.0954757
12.3636 0.0954163
12.3668 0.0953642
12.3699 0.0953187
12.3865 0.0970289
12.3896 0.0967753
12.3928 0.0965533
12.3959 0.0963592
12.3991 0.0963143
12.4022 0.096275
12.4054 0.0961156
12.4085 0.0959762
12.4117 0.0958541
12.4148 0.0957474
12.418 0.095654
12.4211 0.0956972
12.4243 0.0957351
12.4274 0.0956432
12.4306 0.0955628
12.4337 0.0954924
12.4369 0.0954309
12.44 0.095502
12.4432 0.0955643
12.4463 0.0954937
12.4495 0.095432
12.4526 0.095378
12.4558 0.0953308
12.459 0.0952894
12.4621 0.0953782
12.4653 0.095456
12.4802 0.095274
12.4834 0.0951147
12.4865 0.0949754
12.4897 0.0948535
12.4928 0.0946218
12.496 0.0944191
12.4991 0.0943667
12.5023 0.0943208
12.5054 0.0942807
12.5086 0.0942456
12.5117 0.0942149
12.5149 0.0940631
12.518 0.0940552
12.5212 0.0940483
12.5243 0.0940422
12.5275 0.094037
12.5306 0.0940323
12.5338 0.0939033
12.5369 0.0937904
12.5401 0.0938166
12.5432 0.0938395
12.5464 0.0938596
12.5495 0.0938771
12.5527 0.0938925
12.5559 0.0937809
12.559 0.0938083
12.5739 0.0937073
12.5771 0.0937439
12.5803 0.0937759
12.5834 0.0938039
12.5866 0.0938284
12.5897 0.0938499
12.5929 0.0937436
12.596 0.0937757
12.5992 0.0938037
12.6023 0.0938282
12.6055 0.0938497
12.6086 0.0938685
12.6118 0.0937599
12.6149 0.0936649
12.6181 0.0937068
12.6212 0.0937435
12.6244 0.0937755
12.6275 0.0938036
12.6307 0.0938281
12.6338 0.0937246
12.637 0.093634
12.6401 0.0936798
12.6433 0.0937198
12.6464 0.0937548
12.6496 0.0937855
12.6527 0.0941873
12.6661 0.0957889
12.6693 0.0958153
12.6724 0.0957134
12.6756 0.0956242
12.6787 0.0955462
12.6819 0.0954779
12.685 0.0955432
12.6882 0.0956003
12.6913 0.0955252
12.6945 0.0954596
12.6976 0.0954021
12.7008 0.0953519
12.7039 0.0953079
12.7071 0.0953944
12.7102 0.0954701
12.7134 0.0954113
12.7166 0.0953599
12.7197 0.0953149
12.7229 0.0952756
12.726 0.0953661
12.7292 0.0954453
12.7323 0.0955147
12.7355 0.0954503
12.7386 0.0953941
12.7418 0.0953448
12.7449 0.0953017
12.7583 0.096639
12.7614 0.0964341
12.7646 0.0962548
12.7677 0.096098
12.7709 0.0959607
12.774 0.0959656
12.7772 0.0959699
12.7804 0.0958487
12.7835 0.0957426
12.7867 0.0956498
12.7898 0.0955686
12.793 0.0954975
12.7961 0.0955603
12.7993 0.0956153
12.8024 0.0955384
12.8056 0.0954711
12.8087 0.0954122
12.8119 0.0953607
12.815 0.0954406
12.8182 0.0955105
12.8213 0.0954467
12.8245 0.0953909
12.8276 0.095342
12.8308 0.0952992
12.8339 0.0952618
12.8371 0.0953541
12.8505 0.0966848
12.8536 0.0964742
12.8568 0.09629
12.8599 0.0961287
12.8631 0.0961126
12.8662 0.0960985
12.8694 0.0959612
12.8725 0.0958411
12.8757 0.0957359
12.8788 0.0956439
12.882 0.0955635
12.8851 0.095618
12.8883 0.0956658
12.8914 0.0955825
12.8946 0.0955097
12.8977 0.095446
12.9009 0.0953903
12.904 0.0954665
12.9072 0.0955332
12.9103 0.0954665
12.9135 0.0954082
12.9167 0.0953572
12.9198 0.0953125
12.923 0.0952735
12.9261 0.0953643
12.9293 0.0954437
12.9324 0.0953883
12.9442 0.0952147
12.9474 0.0950629
12.9505 0.09493
12.9537 0.0948138
12.9568 0.0945871
12.96 0.0943887
12.9631 0.0943401
12.9663 0.0942976
12.9694 0.0942604
12.9726 0.0942278
12.9757 0.0941994
12.9789 0.0940494
12.982 0.0940433
12.9852 0.0940378
12.9883 0.0940331
12.9915 0.094029
12.9946 0.0940254
12.9978 0.0938972
13.0009 0.093785
13.0041 0.0938119
13.0072 0.0938354
13.0104 0.093856
13.0136 0.093874
13.0167 0.0938897
13.0199 0.0937785
13.023 0.0938062
13.0262 0.0938304
13.038 0.0937266
13.0411 0.0937608
13.0443 0.0937907
13.0474 0.0938169
13.0506 0.0938398
13.0537 0.0938598
13.0569 0.0937523
13.06 0.0937833
13.0632 0.0941854
13.0663 0.0945372
13.0695 0.094845
13.0726 0.0951144
13.0758 0.0953501
13.0789 0.0954313
13.0821 0.0956274
13.0852 0.095799
13.0884 0.0959491
13.0915 0.0960805
13.0947 0.0961954
13.0978 0.096296
13.101 0.096259
13.1041 0.0963516
13.1073 0.0964327
13.1104 0.0965036
13.1136 0.0965656
13.1168 0.0966199
13.1199 0.0965424
13.1301 0.0974746
13.1333 0.0972903
13.1364 0.097004
13.1396 0.0967535
13.1427 0.0965343
13.1459 0.0963425
13.149 0.0962997
13.1522 0.0962622
13.1553 0.0961045
13.1585 0.0959664
13.1616 0.0958456
13.1648 0.0957399
13.1679 0.0956474
13.1711 0.0956915
13.1743 0.0957301
13.1774 0.0956388
13.1806 0.0955589
13.1837 0.0954891
13.1869 0.0954279
13.19 0.0954994
13.1932 0.095562
13.1963 0.0956168
13.1995 0.0955397
13.2026 0.0954722
13.2058 0.0954132
13.2089 0.0953615
13.2121 0.0954413
13.2223 0.0963862
13.2254 0.0962129
13.2286 0.0960613
13.2317 0.0959286
13.2349 0.0958125
13.2381 0.095836
13.2412 0.0958565
13.2444 0.0957494
13.2475 0.0956557
13.2507 0.0955738
13.2538 0.0955021
13.257 0.0954393
13.2601 0.0955094
13.2633 0.0955707
13.2664 0.0954994
13.2696 0.0954369
13.2727 0.0953823
13.2759 0.0953345
13.279 0.0954177
13.2822 0.0954905
13.2853 0.0954292
13.2885 0.0953755
13.2916 0.0953286
13.2948 0.0952875
13.2979 0.0952516
13.3011 0.0953451
13.3042 0.095427
13.3074 0.0953736
13.316 0.0952019
13.3192 0.0950517
13.3223 0.0949202
13.3255 0.0948052
13.3286 0.0947045
13.3318 0.0944915
13.335 0.094305
13.3381 0.0942669
13.3413 0.0942335
13.3444 0.0942044
13.3476 0.0941788
13.3507 0.0941565
13.3539 0.0940119
13.357 0.0940104
13.3602 0.0940091
13.3633 0.094008
13.3665 0.094007
13.3696 0.0940061
13.3728 0.0938803
13.3759 0.0937703
13.3791 0.093799
13.3822 0.0938241
13.3854 0.0938461
13.3885 0.0938653
13.3917 0.0938822
13.3948 0.0937719
13.398 0.0936754
13.4011 0.093716
13.4098 0.0936265
13.4129 0.0935482
13.4161 0.0936047
13.4192 0.0936541
13.4224 0.0936973
13.4255 0.0937351
13.4287 0.0937683
13.4319 0.0936722
13.435 0.0937132
13.4382 0.093749
13.4413 0.0937804
13.4445 0.0938079
13.4476 0.0938319
13.4508 0.0937279
13.4539 0.0936369
13.4571 0.0936823
13.4602 0.094097
13.4634 0.0944599
13.4665 0.0947774
13.4697 0.0950552
13.4728 0.0952983
13.476 0.095386
13.4791 0.0955878
13.4823 0.0957643
13.4854 0.0959188
13.4886 0.0960539
13.4917 0.0961722
13.4949 0.0962757
13.502 0.0967412
13.5051 0.0966485
13.5083 0.0965675
13.5114 0.0963715
13.5146 0.0962001
13.5177 0.0960501
13.5209 0.0959188
13.524 0.095929
13.5272 0.0959379
13.5303 0.0958206
13.5335 0.095718
13.5366 0.0956283
13.5398 0.0955497
13.5429 0.095481
13.5461 0.0955459
13.5492 0.0956027
13.5524 0.0955273
13.5555 0.0954614
13.5587 0.0954037
13.5618 0.0953533
13.565 0.0953091
13.5681 0.0953955
13.5713 0.095471
13.5745 0.0954122
13.5776 0.0953606
13.5808 0.0953156
13.5839 0.0952761
13.5871 0.0953666
13.5941 0.0959458
13.5973 0.0959526
13.6004 0.0958335
13.6036 0.0957293
13.6067 0.0956381
13.6099 0.0955584
13.613 0.0956136
13.6162 0.0956619
13.6193 0.0955791
13.6225 0.0955067
13.6256 0.0954434
13.6288 0.095388
13.632 0.0953395
13.6351 0.095422
13.6383 0.0954943
13.6414 0.0954325
13.6446 0.0953784
13.6477 0.0953311
13.6509 0.0952897
13.654 0.0953785
13.6572 0.0954562
13.6603 0.0955242
13.6635 0.0954587
13.6666 0.0954013
13.6698 0.0953512
13.6729 0.0953073
13.6761 0.0953939
13.6792 0.0954696
13.6824 0.0954109
13.6879 0.0951096
13.691 0.0949709
13.6942 0.0948495
13.6973 0.0947433
13.7005 0.0946504
13.7036 0.0945691
13.7068 0.094373
13.7099 0.0942013
13.7131 0.0941762
13.7162 0.0941542
13.7194 0.0941349
13.7225 0.094118
13.7257 0.0941033
13.7288 0.0939654
13.732 0.0939697
13.7352 0.0939735
13.7383 0.0939768
13.7415 0.0939797
13.7446 0.0939822
13.7478 0.0938595
13.7509 0.093752
13.7541 0.093783
13.7572 0.0938101
13.7604 0.0938339
13.7635 0.0938546
13.7667 0.0938728
13.7698 0.0937637
13.773 0.0936682
13.7761 0.0937097
13.7816 0.093746
13.7848 0.0936527
13.7879 0.0935712
13.7911 0.0936248
13.7942 0.0936717
13.7974 0.0937127
13.8005 0.0937486
13.8037 0.09378
13.8068 0.0936825
13.81 0.0935972
13.8131 0.0936476
13.8163 0.0936916
13.8194 0.0937302
13.8226 0.0937639
13.8257 0.0936684
13.8289 0.0935849
13.8321 0.0936367
13.8352 0.0936822
13.8384 0.0937219
13.8415 0.0937566
13.8447 0.0937871
13.8478 0.0936887
13.851 0.0936026
13.8541 0.0936523
13.8573 0.0936957
13.8604 0.0937338
13.8636 0.093767
13.8667 0.0937962
13.8699 0.0936966
13.8754 0.0937346
13.8785 0.0937677
13.8817 0.0937968
13.8848 0.0936972
13.888 0.09361
13.8911 0.0936588
13.8943 0.0937014
13.8974 0.0937387
13.9006 0.0937714
13.9037 0.0938
13.9069 0.0942
13.91 0.09455
13.9132 0.0948562
13.9163 0.0951242
13.9195 0.0953587
13.9226 0.0955638
13.9258 0.0957434
13.929 0.0957754
13.9321 0.0959285
13.9353 0.0960624
13.9384 0.0961796
13.9416 0.0962822
13.9447 0.0963719
13.9479 0.0964504
13.951 0.0965191
13.9542 0.0965792
13.9573 0.0966318
13.9605 0.0966778
13.9636 0.0967181
13.9675 0.0968784
13.9707 0.0966436
13.9738 0.0964381
13.977 0.0962583
13.9801 0.0962261
13.9833 0.0961978
13.9864 0.0960481
13.9896 0.0959171
13.9928 0.0958024
13.9959 0.0957021
13.9991 0.0957394
14.0022 0.0957719
14.0054 0.0956754
14.0085 0.095591
14.0117 0.0955171
14.0148 0.0954525
14.018 0.0953959
14.0211 0.0954714
14.0243 0.0955375
14.0274 0.0954703
14.0306 0.0954115
14.0337 0.0953601
14.0369 0.0953151
14.04 0.0954007
14.0432 0.0954756
14.0463 0.0954162
14.0495 0.0953641
14.0526 0.0953186
14.0558 0.0952788
14.0597 0.0953689
14.0629 0.0953228
14.066 0.0954075
14.0692 0.0954815
14.0723 0.0955463
14.0755 0.095478
14.0786 0.0954183
14.0818 0.095366
14.0849 0.0953203
14.0881 0.0954052
14.0912 0.0954796
14.0944 0.0954196
14.0975 0.0953672
14.1007 0.0953213
14.1038 0.0952811
14.107 0.095246
14.1101 0.0953402
14.1133 0.0954227
14.1164 0.0953699
14.1196 0.0953236
14.1227 0.0952832
14.1259 0.0952478
14.1291 0.0953418
14.1322 0.0954241
14.1354 0.0953711
14.1385 0.0953247
14.1417 0.0952841
14.1448 0.0952486
14.148 0.0952175
14.1511 0.0953153
14.1543 0.0952759
14.1574 0.0952414
14.1606 0.0950862
14.1637 0.0949505
14.1669 0.0948317
14.17 0.0948527
14.1732 0.0948711
14.1763 0.0948872
14.1795 0.0949013
14.1826 0.0947887
14.1858 0.0946901
14.1889 0.0946038
14.1921 0.0946533
14.1952 0.0946967
14.1984 0.0947346
14.2015 0.0947678
14.2047 0.0946718
14.2079 0.0945878
14.211 0.0946393
14.2142 0.0946844
14.2173 0.0947239
14.2205 0.0947584
14.2236 0.0946636
14.2268 0.0945806
14.2299 0.0945081
14.2331 0.0945695
14.2362 0.0946234
14.2394 0.0946704
14.2425 0.0947116
14.2457 0.0946227
14.2488 0.0945448
14.252 0.0944767
14.2551 0.0945421
14.2583 0.0945994
14.2614 0.0946495
14.2646 0.0945683
14.2677 0.0944972
14.2709 0.0944351
14.274 0.0945057
14.2772 0.0945675
14.2803 0.0946215
14.2835 0.0946689
14.2867 0.0945852
14.2898 0.0945121
14.293 0.0944481
14.2961 0.0945171
14.2993 0.0945774
14.3024 0.0946303
14.3056 0.0945515
14.3087 0.0944825
14.3119 0.0944222
14.315 0.0944944
14.3182 0.0945576
14.3213 0.0946129
14.3245 0.0946613
14.3276 0.0945786
14.3308 0.0945063
14.3339 0.094443
14.3371 0.0945126
14.3402 0.0949486
14.3434 0.09533
14.3465 0.0956637
14.3497 0.0959558
14.3528 0.0960863
14.356 0.0962005
14.3591 0.0964255
14.3623 0.0966223
14.3655 0.0967945
14.3686 0.0969452
14.3718 0.096952
14.3749 0.096958
14.3781 0.0970883
14.3812 0.0972022
14.3844 0.097302
14.3875 0.0973892
14.3907 0.0974656
14.3938 0.0974074
14.397 0.0973564
14.4001 0.0974369
14.4033 0.0975073
14.4064 0.0975689
14.4096 0.0976228
14.4127 0.0975449
14.4159 0.0974768
14.419 0.0975422
14.4222 0.0975994
14.4253 0.0976495
14.4285 0.0976933
14.4316 0.0977316
14.4348 0.0976402
14.4379 0.0975602
14.4411 0.0976151
14.4443 0.0976632
14.4474 0.0977053
14.4506 0.0977422
14.4537 0.0977744
14.4569 0.0976776
14.46 0.0977179
14.4632 0.0977532
14.4663 0.097784
14.4695 0.097811
14.4726 0.0978346
14.4758 0.0977303
14.4789 0.097639
14.4821 0.0976841
14.4852 0.0977236
14.4884 0.0977582
14.4915 0.0977884
14.4947 0.0978148
14.4978 0.097713
14.501 0.0976239
14.5041 0.0976709
14.5073 0.097712
14.5104 0.097748
14.5136 0.0977795
14.5167 0.0976821
14.5199 0.0975968
14.5231 0.0976472
14.5262 0.0976913
14.5294 0.0977299
14.5325 0.0977637
14.5357 0.0977932
14.5388 0.0976941
14.542 0.0976073
14.5451 0.0976564
14.5483 0.0976993
14.5514 0.0977369
14.5546 0.0977698
14.5577 0.0976736
14.5609 0.0975894
14.564 0.0976407
14.5672 0.0976856
14.5703 0.0977249
14.5735 0.0977593
14.5766 0.0977894
14.5798 0.0976907
14.5829 0.0976044
14.5861 0.0976538
14.5892 0.0976971
14.5924 0.097735
14.5955 0.0977681
14.5987 0.0977971
14.6019 0.0976974
14.605 0.0977353
14.6082 0.0977684
14.6113 0.0977973
14.6145 0.0978226
14.6176 0.0978448
14.6208 0.0977392
14.6239 0.0976468
14.6271 0.097691
14.6302 0.0977296
14.6334 0.0977634
14.6365 0.097793
14.6397 0.0978188
14.6428 0.0977165
14.646 0.0976269
14.6491 0.0976736
14.6523 0.0977144
14.6554 0.0977501
14.6586 0.0977813
14.6617 0.0976836
14.6649 0.0975982
14.668 0.0976484
14.6712 0.0976924
14.6743 0.0977308
14.6775 0.0977645
14.6807 0.0977939
14.6838 0.0976947
14.687 0.0976078
14.6901 0.0976569
14.6933 0.0976997
14.6964 0.0977373
14.6996 0.0977701
14.7027 0.0976739
14.7059 0.0975896
14.709 0.0976409
14.7122 0.0976858
14.7153 0.0977251
14.7185 0.0977594
14.7216 0.0977895
14.7248 0.0976908
14.7279 0.0976045
14.7311 0.0976539
14.7342 0.0976972
14.7374 0.097735
14.7405 0.0977681
14.7437 0.0977971
14.7468 0.0976975
14.75 0.0976103
14.7531 0.097659
14.7563 0.0977016
14.7595 0.0977389
14.7626 0.0977716
14.7658 0.0976751
14.7689 0.0975907
14.7721 0.0980169
14.7752 0.0983898
14.7784 0.0987161
14.7815 0.0990015
14.7847 0.0992514
14.7878 0.0994699
14.791 0.0995362
14.7941 0.0997192
14.7973 0.0998793
14.8004 0.100019
14.8036 0.100142
14.8067 0.100249
14.8099 0.100218
14.813 0.100316
14.8162 0.100401
14.8193 0.100476
14.8225 0.100542
14.8256 0.100599
14.8288 0.100649
14.8319 0.100568
14.8351 0.100622
14.8383 0.100669
14.8414 0.100711
14.8446 0.100747
14.8477 0.100778
14.8509 0.100806
14.854 0.10083
14.8572 0.100852
14.8603 0.10087
14.8635 0.100886
14.8666 0.100901
14.8698 0.100913
14.8729 0.100799
14.8761 0.100824
14.8792 0.100846
14.8824 0.100865
14.8855 0.100882
14.8887 0.100897
14.8918 0.10091
14.895 0.100796
14.8981 0.100822
14.9013 0.100844
14.9044 0.100863
14.9076 0.10088
14.9107 0.100895
14.9139 0.100783
14.9171 0.100811
14.9202 0.100834
14.9234 0.100855
14.9265 0.100873
14.9297 0.100889
14.9328 0.100903
14.936 0.10079
14.9391 0.100816
14.9423 0.100839
14.9454 0.100859
14.9486 0.100877
14.9517 0.100892
14.9549 0.100781
14.958 0.100808
14.9612 0.100832
14.9643 0.100853
14.9675 0.100871
14.9706 0.100888
14.9738 0.100902
14.9769 0.100789
14.9801 0.100815
14.9832 0.100838
14.9864 0.100859
14.9895 0.100876
14.9927 0.100892
14.9959 0.100905
14.999 0.100917
15.0022 0.100927
15.0053 0.100937
15.0085 0.100944
15.0116 0.100951
15.0148 0.100957
15.0179 0.100838
15.0211 0.100858
15.0242 0.100876
15.0274 0.100891
15.0305 0.100905
15.0337 0.100917
15.0368 0.100927
15.04 0.100811
15.0431 0.100835
15.0463 0.100856
15.0494 0.100874
15.0526 0.100889
15.0557 0.100903
15.0589 0.10079
15.062 0.100817
15.0652 0.100839
15.0683 0.10086
15.0715 0.100877
15.0747 0.100892
15.0778 0.100906
15.081 0.100793
15.0841 0.100819
15.0873 0.100841
15.0904 0.100861
15.0936 0.100878
15.0967 0.100894
15.0999 0.100782
15.103 0.100809
15.1062 0.100833
15.1093 0.100854
15.1125 0.100872
15.1156 0.100888
15.1188 0.100902
15.1219 0.100789
15.1251 0.100816
15.1282 0.100839
15.1314 0.100859
15.1345 0.100877
15.1377 0.100892
15.1408 0.100905
15.144 0.100792
15.1471 0.100818
15.1503 0.100841
15.1535 0.100861
15.1566 0.100878
15.1598 0.100893
15.1629 0.100782
15.1661 0.100809
15.1692 0.100833
15.1724 0.100854
15.1755 0.100872
15.1787 0.100888
15.1818 0.100902
15.185 0.100789
15.1881 0.100816
15.1913 0.100839
15.1944 0.100859
15.1976 0.100876
15.2007 0.100892
15.2039 0.10128
15.207 0.10162
15.2102 0.101918
15.2133 0.102178
15.2165 0.102406
15.2196 0.102605
15.2228 0.102779
15.2259 0.102932
15.2291 0.103066
15.2323 0.103182
15.2354 0.103285
15.2386 0.103374
15.2417 0.103452
15.2449 0.103521
15.248 0.103706
15.2512 0.103742
15.2543 0.103775
15.2575 0.103803
15.2606 0.103827
15.2638 0.103849
15.2669 0.103868
15.2701 0.103884
15.2732 0.103899
15.2764 0.103911
15.2795 0.103923
15.2827 0.103932
15.2858 0.103941
15.289 0.103948
15.2921 0.103955
15.2953 0.10396
15.2984 0.103965
15.3016 0.10397
15.3047 0.103973
15.3079 0.103977
15.3111 0.10398
15.3142 0.103982
15.3174 0.103984
15.3205 0.103986
15.3237 0.103988
15.3268 0.10399
15.33 0.103991
15.3331 0.103992
15.3363 0.103993
15.3394 0.103994
15.3426 0.103995
15.3457 0.103995
15.3489 0.103996
15.352 0.103996
15.3552 0.103997
15.3583 0.103997
15.3615 0.103998
15.3646 0.103998
15.3678 0.103998
15.3709 0.103998
15.3741 0.103999
15.3772 0.103999
15.3804 0.103999
15.3835 0.103999
15.3867 0.103999
15.3899 0.103999
15.393 0.104124
15.3962 0.104109
15.3993 0.104095
15.4025 0.104083
15.4056 0.104073
15.4088 0.104064
15.4119 0.104056
15.4151 0.104049
15.4182 0.104043
15.4214 0.104037
15.4245 0.104033
15.4277 0.104029
15.4308 0.104025
15.434 0.104022
15.4371 0.104019
15.4403 0.104017
15.4434 0.104015
15.4466 0.104013
15.4497 0.104011
15.4529 0.10401
15.456 0.104009
15.4592 0.104008
15.4623 0.104007
15.4655 0.104006
15.4687 0.104005
15.4718 0.104004
15.475 0.104004
15.4781 0.104003
15.4813 0.104003
15.4844 0.104003
15.4876 0.104002
15.4907 0.104002
15.4939 0.104002
15.497 0.104002
15.5002 0.104001
15.5033 0.104001
15.5065 0.104001
15.5096 0.104001
15.5128 0.104001
15.5159 0.104001
15.5191 0.104001
15.5222 0.104001
15.5254 0.104
15.5285 0.104
15.5317 0.104
15.5348 0.104
15.538 0.104
15.5411 0.104
15.5443 0.104
15.5474 0.104
15.5506 0.104
15.5538 0.104
15.5569 0.104
15.5601 0.104
15.5632 0.104
15.5664 0.104
15.5695 0.104
15.5727 0.104
15.5758 0.104
15.579 0.104
15.5821 0.104
15.5853 0.104
15.5884 0.104
15.5916 0.104
15.5947 0.104
15.5979 0.104
15.601 0.104
15.6042 0.104
15.6073 0.104
15.6105 0.104
15.6136 0.104
15.6168 0.104
15.6199 0.104
15.6231 0.104
15.6262 0.104
15.6294 0.104
15.6326 0.104
15.6357 0.104375
15.6389 0.104703
15.642 0.105115
15.6452 0.105476
15.6483 0.105666
15.6515 0.105833
15.6546 0.105979
15.6578 0.106107
15.6609 0.106218
15.6641 0.106441
15.6672 0.106511
15.6704 0.106572
15.6735 0.106625
15.6767 0.106672
15.6798 0.106713
15.683 0.106749
15.6861 0.106905
15.6893 0.106917
15.6924 0.106928
15.6956 0.106937
15.6987 0.106945
15.7019 0.106952
15.705 0.107083
15.7082 0.107072
15.7114 0.107063
15.7145 0.107055
15.7177 0.107048
15.7208 0.107042
15.724 0.107037
15.7271 0.107157
15.7303 0.107138
15.7334 0.107121
15.7366 0.107105
15.7397 0.107092
15.7429 0.107081
15.746 0.107196
15.7492 0.107171
15.7523 0.10715
15.7555 0.107131
15.7586 0.107115
15.7618 0.1071
15.7649 0.107088
15.7681 0.107202
15.7712 0.107177
15.7744 0.107155
15.7775 0.107135
15.7807 0.107118
15.7838 0.107104
15.787 0.107216
15.7902 0.107314
15.7933 0.107274
15.7965 0.10724
15.7996 0.10721
15.8028 0.107184
15.8059 0.107161
15.8091 0.107266
15.8122 0.107233
15.8154 0.107203
15.8185 0.107178
15.8217 0.107156
15.8248 0.107136
15.828 0.107119
15.8311 0.107229
15.8343 0.107201
15.8374 0.107176
15.8406 0.107154
15.8437 0.107134
15.8469 0.107118
15.85 0.107228
15.8532 0.107199
15.8563 0.107175
15.8595 0.107153
15.8626 0.107134
15.8658 0.107117
15.869 0.107102
15.8721 0.107215
15.8753 0.107188
15.8784 0.107164
15.8816 0.107144
15.8847 0.107126
15.8879 0.10711
15.891 0.107221
15.8942 0.107194
15.8973 0.107169
15.9005 0.107148
15.9036 0.10713
15.9068 0.107113
15.9099 0.107099
15.9131 0.107212
15.9162 0.107185
15.9194 0.107162
15.9225 0.107142
15.9257 0.107124
15.9288 0.107109
15.932 0.107095
15.9351 0.107208
15.9383 0.107182
15.9414 0.107159
15.9446 0.107139
15.9478 0.107122
15.9509 0.107107
15.9541 0.107218
15.9572 0.107191
15.9604 0.107167
15.9635 0.107146
15.9667 0.107128
15.9698 0.107112
15.973 0.107098
15.9761 0.107211
15.9793 0.107184
15.9824 0.107161
15.9856 0.107141
15.9887 0.107124
15.9919 0.107108
15.995 0.10722
15.9982 0.107192
16.0013 0.107168
16.0045 0.107147
16.0076 0.107129
16.0108 0.107113
16.0139 0.107099
16.0171 0.107211
16.0202 0.107185
16.0234 0.107162
16.0266 0.107142
16.0297 0.107124
16.0329 0.107108
16.036 0.10722
16.0392 0.107317
16.0423 0.107278
16.0455 0.107243
16.0486 0.107213
16.0518 0.107186
16.0549 0.107163
16.0581 0.107267
16.0612 0.107234
16.0644 0.107205
16.0675 0.107179
16.0707 0.107157
16.0738 0.107137
16.077 0.10712
16.0801 0.10723
16.0833 0.107201
16.0864 0.107176
16.0896 0.107154
16.0927 0.107135
16.0959 0.107118
16.099 0.107228
16.1022 0.1072
16.1054 0.107175
16.1085 0.107153
16.1117 0.107134
16.1148 0.107117
16.118 0.107477
16.1211 0.107918
16.1243 0.108303
16.1274 0.108515
16.1306 0.108701
16.1337 0.108863
16.1369 0.109005
16.14 0.109255
16.1432 0.109473
16.1463 0.109539
16.1495 0.109596
16.1526 0.109647
16.1558 0.109691
16.1589 0.10973
16.1621 0.109888
16.1652 0.110027
16.1684 0.110024
16.1715 0.110021
16.1747 0.110018
16.1778 0.110016
16.181 0.110139
16.1842 0.110247
16.1873 0.110341
16.1905 0.110298
16.1936 0.110261
16.1968 0.110228
16.1999 0.1102
16.2031 0.1103
16.2062 0.110387
16.2094 0.110339
16.2125 0.110297
16.2157 0.110259
16.2188 0.110227
16.222 0.110199
16.2251 0.110299
16.2283 0.110386
16.2314 0.110338
16.2346 0.110296
16.2377 0.110259
16.2409 0.110227
16.244 0.110323
16.2472 0.110408
16.2503 0.110357
16.2535 0.110312
16.2566 0.110273
16.2598 0.110239
16.263 0.110209
16.2661 0.110308
16.2693 0.110395
16.2724 0.110345
16.2756 0.110302
16.2787 0.110264
16.2819 0.110231
16.285 0.110327
16.2882 0.110411
16.2913 0.11036
16.2945 0.110315
16.2976 0.110276
16.3008 0.110241
16.3039 0.110211
16.3071 0.11031
16.3102 0.110396
16.3134 0.110346
16.3165 0.110303
16.3197 0.110265
16.3228 0.110232
16.326 0.110203
16.3291 0.110303
16.3323 0.11039
16.3354 0.110341
16.3386 0.110298
16.3418 0.110261
16.3449 0.110229
16.3481 0.110325
16.3512 0.110409
16.3544 0.110358
16.3575 0.110313
16.3607 0.110274
16.3638 0.11024
16.367 0.11021
16.3701 0.110309
16.3733 0.110395
16.3764 0.110346
16.3796 0.110303
16.3827 0.110265
16.3859 0.110232
16.389 0.110328
16.3922 0.110412
16.3953 0.11036
16.3985 0.110315
16.4016 0.110276
16.4048 0.110241
16.4079 0.110211
16.4111 0.11031
16.4142 0.110396
16.4174 0.110347
16.4206 0.110303
16.4237 0.110265
16.4269 0.110232
16.43 0.110328
16.4332 0.110412
16.4363 0.110486
16.4395 0.110425
16.4426 0.110372
16.4458 0.110325
16.4489 0.110285
16.4521 0.110374
16.4552 0.110452
16.4584 0.110396
16.4615 0.110346
16.4647 0.110303
16.4678 0.110265
16.471 0.110232
16.4741 0.110328
16.4773 0.110412
16.4804 0.11036
16.4836 0.110315
16.4867 0.110276
16.4899 0.110242
16.493 0.110336
16.4962 0.110419
16.4994 0.110367
16.5025 0.110321
16.5057 0.110281
16.5088 0.110246
16.512 0.110215
16.5151 0.110313
16.5183 0.110399
16.5214 0.110349
16.5246 0.110305
16.5277 0.110267
16.5309 0.110234
16.534 0.11033
16.5372 0.110413
16.5403 0.110362
16.5435 0.110317
16.5466 0.110277
16.5498 0.110242
16.5529 0.110212
16.5561 0.110311
16.5592 0.110397
16.5624 0.110347
16.5655 0.110304
16.5687 0.110266
16.5718 0.110233
16.575 0.110328
16.5782 0.110412
16.5813 0.110486
16.5845 0.110425
16.5876 0.110372
16.5908 0.110325
16.5939 0.110285
16.5971 0.110374
16.6002 0.110452
16.6034 0.110396
16.6065 0.110346
16.6097 0.110303
16.6128 0.110265
16.616 0.110232
16.6191 0.110328
16.6223 0.110412
16.6254 0.110361
16.6286 0.110315
16.6317 0.110276
16.6349 0.110242
16.638 0.110336
16.6412 0.110419
16.6443 0.110367
16.6475 0.110321
16.6506 0.110281
16.6538 0.110246
16.657 0.11059
16.6601 0.111016
16.6633 0.111389
16.6664 0.111716
16.6696 0.111876
16.6727 0.112017
16.6759 0.11214
16.679 0.112372
16.6822 0.112576
16.6853 0.112754
16.6885 0.112784
16.6916 0.112811
16.6948 0.112835
16.6979 0.112856
16.7011 0.112999
16.7042 0.113124
16.7074 0.113233
16.7105 0.113204
16.7137 0.113179
16.7168 0.113156
16.72 0.113137
16.7231 0.113245
16.7263 0.113339
16.7294 0.113422
16.7326 0.113369
16.7358 0.113323
16.7389 0.113283
16.7421 0.113372
16.7452 0.113451
16.7484 0.113519
16.7515 0.113454
16.7547 0.113398
16.7578 0.113348
16.761 0.113304
16.7641 0.113391
16.7673 0.113467
16.7704 0.113534
16.7736 0.113467
16.7767 0.113409
16.7799 0.113358
16.783 0.113438
16.7862 0.113508
16.7893 0.11357
16.7925 0.113499
16.7956 0.113436
16.7988 0.113382
16.8019 0.113334
16.8051 0.113417
16.8082 0.11349
16.8114 0.113554
16.8146 0.113485
16.8177 0.113424
16.8209 0.113371
16.824 0.11345
16.8272 0.113518
16.8303 0.113579
16.8335 0.113631
16.8366 0.113552
16.8398 0.113483
16.8429 0.113423
16.8461 0.113495
16.8492 0.113558
16.8524 0.113613
16.8555 0.113537
16.8587 0.11347
16.8618 0.113411
16.865 0.11336
16.8681 0.11344
16.8713 0.11351
16.8744 0.113571
16.8776 0.1135
16.8807 0.113437
16.8839 0.113382
16.887 0.11346
16.8902 0.113527
16.8934 0.113586
16.8965 0.113513
16.8997 0.113449
16.9028 0.113393
16.906 0.113344
16.9091 0.113426
16.9123 0.113498
16.9154 0.11356
16.9186 0.11349
16.9217 0.113429
16.9249 0.113375
16.928 0.113453
16.9312 0.113522
16.9343 0.113582
16.9375 0.113509
16.9406 0.113445
16.9438 0.11339
16.9469 0.113341
16.9501 0.113423
16.9532 0.113495
16.9564 0.113558
16.9595 0.113489
16.9627 0.113428
16.9658 0.113374
16.969 0.113452
16.9722 0.113521
16.9753 0.113581
16.9785 0.113633
16.9816 0.113554
16.9848 0.113485
16.9879 0.113424
16.9911 0.113496
16.9942 0.113559
16.9974 0.113614
17.0005 0.113537
17.0037 0.11347
17.0068 0.113411
17.01 0.11336
17.0131 0.11344
17.0163 0.11351
17.0194 0.113571
17.0226 0.1135
17.0257 0.113437
17.0289 0.113383
17.032 0.11346
17.0352 0.113527
17.0383 0.113586
17.0415 0.113513
17.0446 0.113449
17.0478 0.113393
17.051 0.113344
17.0541 0.113426
17.0573 0.113498
17.0604 0.11356
17.0636 0.11349
17.0667 0.113429
17.0699 0.113375
17.073 0.113453
17.0762 0.113522
17.0793 0.113582
17.0825 0.113509
17.0856 0.113445
17.0888 0.11339
17.0919 0.113341
17.0951 0.113423
17.0982 0.113495
17.1014 0.113558
17.1045 0.113489
17.1077 0.113428
17.1108 0.113374
17.114 0.113327
17.1171 0.113411
17.1203 0.113485
17.1234 0.113549
17.1266 0.113481
17.1298 0.113421
17.1329 0.113368
17.1361 0.113447
17.1392 0.113516
17.1424 0.113577
17.1455 0.113505
17.1487 0.113441
17.1518 0.113386
17.155 0.113338
17.1581 0.113421
17.1613 0.113493
17.1644 0.113557
17.1676 0.113487
17.1707 0.113426
17.1739 0.113373
17.177 0.113451
17.1802 0.11352
17.1833 0.11358
17.1865 0.113507
17.1896 0.113444
17.1928 0.113388
17.1959 0.113715
17.1991 0.114126
17.2022 0.114485
17.2054 0.114799
17.2086 0.115074
17.2117 0.11519
17.2149 0.115291
17.218 0.115505
17.2212 0.115692
17.2243 0.115855
17.2275 0.115998
17.2306 0.116124
17.2338 0.116108
17.2369 0.116095
17.2401 0.116208
17.2432 0.116307
17.2464 0.116393
17.2495 0.116469
17.2527 0.116411
17.2558 0.116359
17.259 0.116314
17.2621 0.1164
17.2653 0.116475
17.2684 0.116541
17.2716 0.116598
17.2747 0.116523
17.2779 0.116458
17.281 0.116526
17.2842 0.116585
17.2874 0.116637
17.2905 0.116682
17.2937 0.116597
17.2968 0.116522
17.3 0.116457
17.3031 0.116525
17.3063 0.116584
17.3094 0.116636
17.3126 0.116682
17.3157 0.116597
17.3189 0.116522
17.322 0.116582
17.3252 0.116634
17.3283 0.11668
17.3315 0.11672
17.3346 0.11663
17.3378 0.116551
17.3409 0.116482
17.3441 0.116547
17.3472 0.116604
17.3504 0.116653
17.3535 0.116696
17.3567 0.116609
17.3598 0.116533
17.363 0.116592
17.3662 0.116643
17.3693 0.116687
17.3725 0.116726
17.3756 0.116761
17.3788 0.116666
17.3819 0.116582
17.3851 0.116635
17.3882 0.11668
17.3914 0.11672
17.3945 0.116755
17.3977 0.116661
17.4008 0.116578
17.404 0.116506
17.4071 0.116568
17.4103 0.116622
17.4134 0.116669
17.4166 0.11671
17.4197 0.116622
17.4229 0.116544
17.426 0.116601
17.4292 0.116651
17.4323 0.116694
17.4355 0.116733
17.4386 0.116641
17.4418 0.116561
17.445 0.116491
17.4481 0.116554
17.4513 0.11661
17.4544 0.116659
17.4576 0.116702
17.4607 0.116614
17.4639 0.116537
17.467 0.116595
17.4702 0.116646
17.4733 0.11669
17.4765 0.116729
17.4796 0.116638
17.4828 0.116558
17.4859 0.116488
17.4891 0.116552
17.4922 0.116608
17.4954 0.116657
17.4985 0.1167
17.5017 0.116612
17.5048 0.116536
17.508 0.116469
17.5111 0.116535
17.5143 0.116593
17.5174 0.116644
17.5206 0.116689
17.5238 0.116603
17.5269 0.116527
17.5301 0.116586
17.5332 0.116638
17.5364 0.116683
17.5395 0.116723
17.5427 0.116633
17.5458 0.116553
17.549 0.116484
17.5521 0.116549
17.5553 0.116605
17.5584 0.116655
17.5616 0.116698
17.5647 0.11661
17.5679 0.116534
17.571 0.116592
17.5742 0.116643
17.5773 0.116688
17.5805 0.116727
17.5836 0.116636
17.5868 0.116557
17.5899 0.116487
17.5931 0.116551
17.5962 0.116607
17.5994 0.116656
17.6026 0.116699
17.6057 0.116612
17.6089 0.116535
17.612 0.116593
17.6152 0.116644
17.6183 0.116689
17.6215 0.116728
17.6246 0.116762
17.6278 0.116666
17.6309 0.116583
17.6341 0.116635
17.6372 0.116681
17.6404 0.116721
17.6435 0.116756
17.6467 0.116661
17.6498 0.116579
17.653 0.116506
17.6561 0.116568
17.6593 0.116622
17.6624 0.116669
17.6656 0.116711
17.6687 0.116622
17.6719 0.116544
17.675 0.116601
17.6782 0.116651
17.6814 0.116695
17.6845 0.116733
17.6877 0.116641
17.6908 0.116561
17.694 0.116491
17.6971 0.116555
17.7003 0.11661
17.7034 0.116659
17.7066 0.116702
17.7097 0.116614
17.7129 0.116537
17.716 0.116595
17.7192 0.116646
17.7223 0.11669
17.7255 0.116729
17.7286 0.116638
17.7318 0.116558
17.7349 0.116863
17.7381 0.117255
17.7412 0.117598
17.7444 0.117899
17.7475 0.118161
17.7507 0.118391
17.7538 0.118467
17.757 0.118659
17.7602 0.118826
17.7633 0.118973
17.7665 0.119101
17.7696 0.119214
17.7728 0.119312
17.7759 0.119273
17.7791 0.119364
17.7822 0.119443
17.7854 0.119513
17.7885 0.119574
17.7917 0.119627
17.7948 0.119549
17.798 0.11948
17.8011 0.119545
17.8043 0.119602
17.8074 0.119652
17.8106 0.119695
17.8137 0.119733
17.8169 0.119642
17.82 0.119686
17.8232 0.119726
17.8263 0.11976
17.8295 0.11979
17.8326 0.119816
17.8358 0.119714
17.839 0.119625
17.8421 0.119672
17.8453 0.119713
17.8484 0.119749
17.8516 0.11978
17.8547 0.119808
17.8579 0.119707
17.861 0.119743
17.8642 0.119775
17.8673 0.119803
17.8705 0.119828
17.8736 0.11985
17.8768 0.119743
17.8799 0.11965
17.8831 0.119694
17.8862 0.119732
17.8894 0.119766
17.8925 0.119795
17.8957 0.119821
17.8988 0.119718
17.902 0.119628
17.9051 0.119675
17.9083 0.119715
17.9114 0.119751
17.9146 0.119782
17.9178 0.119809
17.9209 0.119708
17.9241 0.119745
17.9272 0.119777
17.9304 0.119805
17.9335 0.119829
17.9367 0.11985
17.9398 0.119744
17.943 0.119651
17.9461 0.119695
17.9493 0.119733
17.9524 0.119766
17.9556 0.119795
17.9587 0.119821
17.9619 0.119718
17.965 0.119754
17.9682 0.119784
17.9713 0.119811
17.9745 0.119835
17.9776 0.119856
17.9808 0.119749
17.9839 0.119655
17.9871 0.119698
17.9902 0.119736
17.9934 0.119769
17.9966 0.119798
17.9997 0.119823
18.0029 0.11972
18.006 0.119755
18.0092 0.119786
18.0123 0.119813
18.0155 0.119836
18.0186 0.119856
18.0218 0.119874
18.0249 0.119765
18.0281 0.119794
18.0312 0.11982
18.0344 0.119843
18.0375 0.119862
18.0407 0.11988
18.0438 0.11977
18.047 0.119673
18.0501 0.119714
18.0533 0.11975
18.0564 0.119781
18.0596 0.119809
18.0627 0.119832
18.0659 0.119728
18.069 0.119762
18.0722 0.119792
18.0754 0.119818
18.0785 0.119841
18.0817 0.119861
18.0848 0.119753
18.088 0.119659
18.0911 0.119702
18.0943 0.119739
18.0974 0.119772
18.1006 0.1198
18.1037 0.119825
18.1069 0.119722
18.11 0.119757
18.1132 0.119787
18.1163 0.119814
18.1195 0.119837
18.1226 0.119857
18.1258 0.11975
18.1289 0.119656
18.1321 0.119699
18.1352 0.119737
18.1384 0.11977
18.1415 0.119799
18.1447 0.119824
18.1478 0.119721
18.151 0.119756
18.1542 0.119786
18.1573 0.119813
18.1605 0.119836
18.1636 0.119857
18.1668 0.119875
18.1699 0.119765
18.1731 0.119795
18.1762 0.11982
18.1794 0.119843
18.1825 0.119862
18.1857 0.11988
18.1888 0.11977
18.192 0.119673
18.1951 0.119714
18.1983 0.11975
18.2014 0.119781
18.2046 0.119809
18.2077 0.119833
18.2109 0.119728
18.214 0.119762
18.2172 0.119792
18.2203 0.119818
18.2235 0.119841
18.2266 0.119861
18.2298 0.119753
18.233 0.119659
18.2361 0.119702
18.2393 0.119739
18.2424 0.119772
18.2456 0.1198
18.2487 0.119825
18.2519 0.119722
18.255 0.119757
18.2582 0.119787
18.2613 0.119814
18.2645 0.119837
18.2676 0.119857
18.2708 0.11975
18.2739 0.120031
18.2771 0.120403
18.2802 0.120727
18.2834 0.121011
18.2865 0.12126
18.2897 0.121477
18.2928 0.121668
18.296 0.121709
18.2991 0.121871
18.3023 0.122012
18.3054 0.122135
18.3086 0.122243
18.3118 0.122338
18.3149 0.122421
18.3181 0.122493
18.3212 0.122556
18.3244 0.122612
18.3275 0.12266
18.3307 0.122703
18.3338 0.12274
18.337 0.122648
18.3401 0.122692
18.3433 0.12273
18.3464 0.122764
18.3496 0.122793
18.3527 0.122819
18.3559 0.122842
18.359 0.122862
18.3622 0.122879
18.3653 0.122894
18.3685 0.122907
18.3716 0.122919
18.3748 0.122929
18.3779 0.122813
18.3811 0.122836
18.3842 0.122857
18.3874 0.122875
18.3906 0.12289
18.3937 0.122904
18.3969 0.122916
18.4 0.122927
18.4032 0.122936
18.4063 0.122944
18.4095 0.122951
18.4126 0.122957
18.4158 0.122962
18.4189 0.122967
18.4221 0.122971
18.4252 0.122975
18.4284 0.122978
18.4315 0.122981
18.4347 0.122983
18.4378 0.122985
18.441 0.122862
18.4441 0.122879
18.4473 0.122894
18.4504 0.122908
18.4536 0.122919
18.4567 0.122929
18.4599 0.122938
18.463 0.122946
18.4662 0.122953
18.4694 0.122959
18.4725 0.122964
18.4757 0.122968
18.4788 0.122972
18.482 0.122851
18.4851 0.122869
18.4883 0.122886
18.4914 0.1229
18.4946 0.122912
18.4977 0.122923
18.5009 0.122933
18.504 0.122941
18.5072 0.122949
18.5103 0.122955
18.5135 0.122961
18.5166 0.122966
18.5198 0.12297
18.5229 0.122849
18.5261 0.122868
18.5292 0.122884
18.5324 0.122899
18.5355 0.122911
18.5387 0.122922
18.5418 0.122932
18.545 0.122941
18.5482 0.122948
18.5513 0.122955
18.5545 0.12296
18.5576 0.122965
18.5608 0.12297
18.5639 0.122973
18.5671 0.122977
18.5702 0.12298
18.5734 0.122982
18.5765 0.122984
18.5797 0.122986
18.5828 0.122988
18.586 0.122865
18.5891 0.122881
18.5923 0.122896
18.5954 0.122909
18.5986 0.122921
18.6017 0.122931
18.6049 0.122939
18.608 0.122947
18.6112 0.122953
18.6143 0.122959
18.6175 0.122964
18.6206 0.122969
18.6238 0.122973
18.627 0.122851
18.6301 0.12287
18.6333 0.122886
18.6364 0.1229
18.6396 0.122913
18.6427 0.122924
18.6459 0.122933
18.649 0.122942
18.6522 0.122949
18.6553 0.122955
18.6585 0.122961
18.6616 0.122966
18.6648 0.12297
18.6679 0.122849
18.6711 0.122868
18.6742 0.122884
18.6774 0.122899
18.6805 0.122911
18.6837 0.122922
18.6868 0.122932
18.69 0.122816
18.6931 0.122839
18.6963 0.122859
18.6994 0.122876
18.7026 0.122892
18.7058 0.122905
18.7089 0.122917
18.7121 0.122928
18.7152 0.122937
18.7184 0.122945
18.7215 0.122951
18.7247 0.122958
18.7278 0.122963
18.731 0.122842
18.7341 0.122862
18.7373 0.122879
18.7404 0.122894
18.7436 0.122908
18.7467 0.122919
18.7499 0.122929
18.753 0.122938
18.7562 0.122946
18.7593 0.122953
18.7625 0.122959
18.7656 0.122964
18.7688 0.122968
18.7719 0.122847
18.7751 0.122866
18.7782 0.122883
18.7814 0.122898
18.7846 0.12291
18.7877 0.122922
18.7909 0.122931
18.794 0.12294
18.7972 0.122948
18.8003 0.122954
18.8035 0.12296
18.8066 0.122965
18.8098 0.122969
18.8129 0.123348
18.8161 0.123805
18.8192 0.124079
18.8224 0.124319
18.8255 0.124529
18.8287 0.124713
18.8318 0.124874
18.835 0.125015
18.8381 0.125138
18.8413 0.125246
18.8444 0.12534
18.8476 0.125422
18.8507 0.125495
18.8539 0.125558
18.857 0.125738
18.8602 0.125771
18.8634 0.125799
18.8665 0.125825
18.8697 0.125846
18.8728 0.125866
18.876 0.125882
18.8791 0.125897
18.8823 0.12591
18.8854 0.125921
18.8886 0.125931
18.8917 0.12594
18.8949 0.125947
18.898 0.126079
18.9012 0.126069
18.9043 0.12606
18.9075 0.126053
18.9106 0.126046
18.9138 0.12604
18.9169 0.126035
18.9201 0.126031
18.9232 0.126027
18.9264 0.126024
18.9295 0.126021
18.9327 0.126018
18.9358 0.126016
18.939 0.126014
18.9422 0.126012
18.9453 0.126011
18.9485 0.126009
18.9516 0.126008
18.9548 0.126007
18.9579 0.126006
18.9611 0.12613
18.9642 0.126114
18.9674 0.1261
18.9705 0.126087
18.9737 0.126076
18.9768 0.126067
18.98 0.126059
18.9831 0.126051
18.9863 0.126045
18.9894 0.126039
18.9926 0.126034
18.9957 0.12603
18.9989 0.126026
19.002 0.126148
19.0052 0.126129
19.0083 0.126113
19.0115 0.126099
19.0146 0.126087
19.0178 0.126076
19.021 0.126066
19.0241 0.126058
19.0273 0.126051
19.0304 0.126044
19.0336 0.126039
19.0367 0.126034
19.0399 0.12603
19.043 0.126151
19.0462 0.126132
19.0493 0.126116
19.0525 0.126101
19.0556 0.126089
19.0588 0.126077
19.0619 0.126068
19.0651 0.126184
19.0682 0.126161
19.0714 0.126141
19.0745 0.126123
19.0777 0.126108
19.0808 0.126095
19.084 0.126083
19.0871 0.126072
19.0903 0.126063
19.0934 0.126055
19.0966 0.126048
19.0998 0.126042
19.1029 0.126037
19.1061 0.126157
19.1092 0.126138
19.1124 0.126121
19.1155 0.126105
19.1187 0.126092
19.1218 0.126081
19.125 0.126071
19.1281 0.126062
19.1313 0.126054
19.1344 0.126047
19.1376 0.126041
19.1407 0.126036
19.1439 0.126032
19.147 0.126153
19.1502 0.126134
19.1533 0.126117
19.1565 0.126102
19.1596 0.12609
19.1628 0.126078
19.1659 0.126069
19.1691 0.12606
19.1722 0.126052
19.1754 0.126046
19.1786 0.12604
19.1817 0.126035
19.1849 0.126031
19.188 0.126152
19.1912 0.126133
19.1943 0.126116
19.1975 0.126102
19.2006 0.126089
19.2038 0.126078
19.2069 0.126068
19.2101 0.126185
19.2132 0.126162
19.2164 0.126141
19.2195 0.126124
19.2227 0.126108
19.2258 0.126095
19.229 0.126083
19.2321 0.126073
19.2353 0.126063
19.2384 0.126056
19.2416 0.126049
19.2447 0.126043
19.2479 0.126037
19.251 0.126158
19.2542 0.126138
19.2574 0.126121
19.2605 0.126106
19.2637 0.126092
19.2668 0.126081
19.27 0.126071
19.2731 0.126062
19.2763 0.126054
19.2794 0.126047
19.2826 0.126041
19.2857 0.126036
19.2889 0.126032
19.292 0.126153
19.2952 0.126134
19.2983 0.126117
19.3015 0.126102
19.3046 0.12609
19.3078 0.126078
19.3109 0.126069
19.3141 0.12606
19.3172 0.126052
19.3204 0.126046
19.3235 0.12604
19.3267 0.126035
19.3298 0.126031
19.333 0.126027
19.3362 0.126024
19.3393 0.126021
19.3425 0.126018
19.3456 0.126016
19.3488 0.126014
19.3519 0.126387
19.3551 0.126839
19.3582 0.127234
19.3614 0.127455
19.3645 0.127648
19.3677 0.127817
19.3708 0.127965
19.374 0.128094
19.3771 0.128332
19.3803 0.128416
19.3834 0.128489
19.3866 0.128553
19.3897 0.128609
19.3929 0.128658
19.396 0.128825
19.3992 0.128972
19.4023 0.128976
19.4055 0.128979
19.4086 0.128981
19.4118 0.128984
19.415 0.128986
19.4181 0.129113
19.4213 0.129098
19.4244 0.129086
19.4276 0.129075
19.4307 0.129066
19.4339 0.129058
19.437 0.129175
19.4402 0.129279
19.4433 0.129244
19.4465 0.129213
19.4496 0.129187
19.4528 0.129163
19.4559 0.129143
19.4591 0.12925
19.4622 0.129344
19.4654 0.129301
19.4685 0.129263
19.4717 0.12923
19.4748 0.129202
19.478 0.129176
19.4811 0.129279
19.4843 0.129244
19.4874 0.129214
19.4906 0.129187
19.4938 0.129164
19.4969 0.129143
19.5001 0.12925
19.5032 0.129344
19.5064 0.129301
19.5095 0.129263
19.5127 0.12923
19.5158 0.129202
19.519 0.129176
19.5221 0.129279
19.5253 0.129244
19.5284 0.129214
19.5316 0.129187
19.5347 0.129164
19.5379 0.129143
19.541 0.12925
19.5442 0.129344
19.5473 0.129301
19.5505 0.129263
19.5536 0.129231
19.5568 0.129202
19.5599 0.129176
19.5631 0.129279
19.5662 0.129244
19.5694 0.129214
19.5726 0.129187
19.5757 0.129164
19.5789 0.129143
19.582 0.12925
19.5852 0.129344
19.5883 0.129301
19.5915 0.129263
19.5946 0.129231
19.5978 0.129202
19.6009 0.129176
19.6041 0.129279
19.6072 0.129369
19.6104 0.129323
19.6135 0.129283
19.6167 0.129248
19.6198 0.129217
19.623 0.12919
19.6261 0.129291
19.6293 0.129254
19.6324 0.129223
19.6356 0.129195
19.6387 0.12917
19.6419 0.129149
19.645 0.129256
19.6482 0.129349
19.6514 0.129305
19.6545 0.129267
19.6577 0.129234
19.6608 0.129204
19.664 0.129179
19.6671 0.129281
19.6703 0.129246
19.6734 0.129215
19.6766 0.129189
19.6797 0.129165
19.6829 0.129144
19.686 0.129251
19.6892 0.129345
19.6923 0.129302
19.6955 0.129264
19.6986 0.129231
19.7018 0.129202
19.7049 0.129177
19.7081 0.12928
19.7112 0.129245
19.7144 0.129214
19.7175 0.129187
19.7207 0.129164
19.7238 0.129144
19.727 0.129126
19.7302 0.129235
19.7333 0.129206
19.7365 0.12918
19.7396 0.129157
19.7428 0.129138
19.7459 0.12912
19.7491 0.12923
19.7522 0.129327
19.7554 0.129286
19.7585 0.12925
19.7617 0.129219
19.7648 0.129191
19.768 0.129168
19.7711 0.129272
19.7743 0.129238
19.7774 0.129208
19.7806 0.129182
19.7837 0.129159
19.7869 0.129139
19.79 0.129247
19.7932 0.129341
19.7963 0.129298
19.7995 0.129261
19.8026 0.129228
19.8058 0.1292
19.809 0.129175
19.8121 0.129278
19.8153 0.129243
19.8184 0.129213
19.8216 0.129186
19.8247 0.129163
19.8279 0.129143
19.831 0.12925
19.8342 0.129344
19.8373 0.129301
19.8405 0.129263
19.8436 0.12923
19.8468 0.129201
19.8499 0.129176
19.8531 0.129279
19.8562 0.129369
19.8594 0.129323
19.8625 0.129283
19.8657 0.129247
19.8688 0.129216
19.872 0.129189
19.8751 0.129291
19.8783 0.129254
19.8814 0.129223
19.8846 0.129195
19.8878 0.12917
19.8909 0.129524
19.8941 0.129959
19.8972 0.130339
19.9004 0.130671
19.9035 0.130838
19.9067 0.130983
19.9098 0.13111
19.913 0.131221
19.9161 0.131444
19.9193 0.131638
19.9224 0.131683
19.9256 0.131723
19.9287 0.131758
19.9319 0.131788
19.935 0.131939
19.9382 0.132072
19.9413 0.132188
19.9445 0.132164
19.9476 0.132144
19.9508 0.132126
19.9539 0.13211
19.9571 0.132221
19.9602 0.132319
19.9634 0.132279
19.9666 0.132244
19.9697 0.132214
19.9729 0.132187
19.976 0.132288
19.9792 0.132377
19.9823 0.132455
19.9855 0.132398
19.9886 0.132349
19.9918 0.132305
19.9949 0.132267
19.9981 0.132358
20.0012 0.132439
20.0044 0.132509
20.0075 0.132445
20.0107 0.13239
20.0138 0.132341
20.017 0.132298
20.0201 0.132386
20.0233 0.132463
20.0264 0.132405
20.0296 0.132354
20.0327 0.13231
20.0359 0.132271
20.039 0.132362
20.0422 0.132442
20.0454 0.132512
20.0485 0.132448
20.0517 0.132392
20.0548 0.132343
20.058 0.1323
20.0611 0.132388
20.0643 0.132464
20.0674 0.132406
20.0706 0.132355
20.0737 0.132311
20.0769 0.132272
20.08 0.132363
20.0832 0.132443
20.0863 0.132512
20.0895 0.132448
20.0926 0.132392
20.0958 0.132343
20.0989 0.1323
