0.0 0
0.0905768 4294967295
0.18279 4294967295
0.276537 4294967295
0.370283 4294967295
0.462454 4294967295
0.465606 4294967295
0.5562 4294967295
0.559352 4294967295
0.562504 4294967295
0.649946 4294967295
0.653098 4294967295
0.65625 4294967295
0.659402 4294967295
0.742117 4294967295
0.745269 4294967295
0.748421 4294967295
0.751573 4294967295
0.754725 4294967295
0.757877 4294967295
0.834287 4294967295
0.837439 4294967295
0.840591 4294967295
0.843743 4294967295
0.846895 4294967295
0.850047 4294967295
0.853199 4294967295
0.856351 4294967295
0.859503 4294967295
0.926458 4294967295
0.92961 4294967295
0.932762 4294967295
0.935914 4294967295
0.939066 4294967295
0.942218 4294967295
0.94537 4294967295
0.948522 4294967295
0.951674 4294967295
0.954826 4294967295
0.957978 4294967295
0.96113 4294967295
0.964282 4294967295
0.967434 4294967295
1.0202 4294967295
1.02336 4294967295
1.02651 4294967295
1.02966 4294967295
1.03281 4294967295
1.03596 4294967295
1.03912 4294967295
1.04227 4294967295
1.04542 4294967295
1.04857 4294967295
1.05172 4294967295
1.05488 4294967295
1.05803 4294967295
1.06118 4294967295
1.06433 4294967295
1.06748 4294967295
1.07064 4294967295
1.07379 4294967295
1.07694 4294967295
1.08009 4294967295
1.08324 4294967295
1.11395 4294967295
1.1171 4294967295
1.12025 4294967295
1.12341 4294967295
1.12656 4294967295
1.12971 4294967295
1.13286 4294967295
1.13601 4294967295
1.13917 4294967295
1.14232 4294967295
1.14547 4294967295
1.14862 4294967295
1.15177 4294967295
1.15493 4294967295
1.15808 4294967295
1.16123 4294967295
1.16438 4294967295
1.16753 4294967295
1.17069 4294967295
1.17384 4294967295
1.17699 4294967295
1.18014 4294967295
1.18329 4294967295
1.18645 4294967295
1.1896 4294967295
1.19275 4294967295
1.1959 4294967295
1.19905 4294967295
1.20221 4294967295
1.20536 4294967295
1.20851 4294967295
1.21166 4294967295
1.21481 4294967295
1.21797 4294967295
1.22112 4294967295
1.22427 4294967295
1.22742 4294967295
1.23057 4294967295
1.23373 4294967295
1.23688 4294967295
1.24003 4294967295
1.24318 4294967295
1.24633 4294967295
1.24949 4294967295
1.25264 4294967295
1.25579 4294967295
1.25894 4294967295
1.26209 4294967295
1.26525 4294967295
1.2684 4294967295
1.27155 4294967295
1.2747 4294967295
1.27785 4294967295
1.28101 4294967295
1.28416 4294967295
1.28731 4294967295
1.29046 4294967295
1.29361 4294967295
1.29677 4294967295
1.29992 4294967295
1.30307 4294967295
1.30622 4294967295
1.30937 4294967295
1.31253 4294967295
1.31568 4294967295
1.31883 4294967295
1.32198 4294967295
1.32513 4294967295
1.32829 4294967295
1.33144 4294967295
1.33459 4294967295
1.33774 4294967295
1.34089 4294967295
1.34405 4294967295
1.3472 4294967295
1.35035 4294967295
1.3535 4294967295
1.35665 4294967295
1.35981 4294967295
1.36296 4294967295
1.36611 4294967295
1.36926 4294967295
1.37241 4294967295
1.37557 4294967295
1.37872 4294967295
1.38187 4294967295
1.38502 4294967295
1.38817 4294967295
1.39133 4294967295
1.39448 4294967295
1.39763 4294967295
1.40078 4294967295
1.40393 4294967295
1.40709 4294967295
1.41024 4294967295
1.41339 4294967295
1.41654 4294967295
1.41969 4294967295
1.42285 4294967295
1.426 4294967295
1.42915 4294967295
1.4323 4294967295
1.43545 4294967295
1.43861 4294967295
1.44176 4294967295
1.44491 4294967295
1.44806 4294967295
1.45121 4294967295
1.45437 4294967295
1.45752 4294967295
1.46067 4294967295
1.46382 4294967295
1.46697 4294967295
1.47013 4294967295
1.47328 4294967295
1.47643 4294967295
1.47958 4294967295
1.48273 4294967295
1.48589 4294967295
1.48904 4294967295
1.49219 4294967295
1.49534 4294967295
1.49849 4294967295
1.50165 4294967295
1.5048 4294967295
1.50795 4294967295
1.5111 4294967295
1.51425 4294967295
1.51741 4294967295
1.52056 4294967295
1.52371 4294967295
1.52686 4294967295
1.53001 4294967295
1.53317 4294967295
1.53632 4294967295
1.53947 4294967295
1.54262 4294967295
1.54577 4294967295
1.54893 4294967295
1.55208 4294967295
1.55523 4294967295
1.55838 4294967295
1.56153 4294967295
1.56469 4294967295
1.56784 4294967295
1.57099 4294967295
1.57414 4294967295
1.57729 4294967295
1.58045 4294967295
1.5836 4294967295
1.58675 4294967295
1.5899 4294967295
1.59305 4294967295
1.59621 4294967295
1.59936 4294967295
1.60251 4294967295
1.60566 4294967295
1.60881 4294967295
1.61197 4294967295
1.61512 4294967295
1.61827 4294967295
1.62142 4294967295
1.62457 4294967295
1.62773 4294967295
1.63088 4294967295
1.63403 4294967295
1.63718 4294967295
1.64033 4294967295
1.64349 4294967295
1.64664 4294967295
1.64979 4294967295
1.65294 4294967295
1.65609 4294967295
1.65925 4294967295
1.6624 4294967295
1.66555 4294967295
1.6687 4294967295
1.67185 4294967295
1.67501 4294967295
1.67816 4294967295
1.68131 4294967295
1.68446 4294967295
1.68761 4294967295
1.69077 4294967295
1.69392 4294967295
1.69707 4294967295
1.70022 4294967295
1.70337 4294967295
1.70653 4294967295
1.70968 4294967295
1.71283 4294967295
1.71598 4294967295
1.71913 4294967295
1.72229 4294967295
1.72544 4294967295
1.72859 4294967295
1.73174 4294967295
1.73489 4294967295
1.73805 4294967295
1.7412 4294967295
1.74435 4294967295
1.7475 4294967295
1.75065 4294967295
1.75381 4294967295
1.75696 4294967295
1.76011 4294967295
1.76326 4294967295
1.76641 4294967295
1.76957 4294967295
1.77272 4294967295
1.77587 4294967295
1.77902 4294967295
1.78217 4294967295
1.78533 4294967295
1.78848 4294967295
1.79163 4294967295
1.79478 4294967295
1.79793 4294967295
1.80109 4294967295
1.80424 4294967295
1.80739 4294967295
1.81054 4294967295
1.81369 4294967295
1.81685 4294967295
1.82 4294967295
1.82315 4294967295
1.8263 4294967295
1.82945 4294967295
1.83261 4294967295
1.83576 4294967295
1.83891 4294967295
1.84206 4294967295
1.84521 4294967295
1.84837 4294967295
1.85152 4294967295
1.85467 4294967295
1.85782 4294967295
1.86097 4294967295
1.86413 4294967295
1.86728 4294967295
1.87043 4294967295
1.87358 4294967295
1.87673 4294967295
1.87989 4294967295
1.88304 4294967295
1.88619 4294967295
1.88934 4294967295
1.89249 4294967295
1.89565 4294967295
1.8988 4294967295
1.90195 4294967295
1.9051 4294967295
1.90825 4294967295
1.91141 4294967295
1.91456 4294967295
1.91771 4294967295
1.92086 4294967295
1.92401 4294967295
1.92717 4294967295
1.93197 680
1.93197 680
3.26927 680
3.28441 680
3.28441 680
3.3767 680
3.37828 680
3.46899 680
3.47056 680
3.47214 680
3.56127 680
3.56285 680
3.56442 680
3.566 680
3.65356 680
3.65513 680
3.65671 680
3.65828 680
3.74584 680
3.74742 680
3.74899 680
3.75057 680
3.75215 680
3.83813 680
3.8397 680
3.84128 680
3.84286 680
3.84443 680
3.84601 680
3.93041 680
3.93199 680
3.93357 680
3.93514 680
3.93672 680
3.93829 680
3.93987 680
4.0227 680
4.02428 680
4.02585 680
4.02743 680
4.029 680
4.03058 680
4.03216 680
4.03373 680
4.11498 680
4.11656 680
4.11814 680
4.11971 680
4.12129 680
4.12286 680
4.12444 680
4.12602 680
4.12759 680
4.20727 680
4.20885 680
4.21042 680
4.212 680
4.21357 680
4.21515 680
4.21673 680
4.2183 680
4.21988 680
4.22145 680
4.29956 680
4.30113 680
4.30271 680
4.30428 680
4.30586 680
4.30744 680
4.30901 680
4.31059 680
4.31216 680
4.31374 680
4.31532 680
4.39184 680
4.39342 680
4.39499 680
4.39657 680
4.39815 680
4.39972 680
4.4013 680
4.40287 680
4.40445 680
4.40603 680
4.4076 680
4.40918 680
4.48413 680
4.4857 680
4.48728 680
4.48886 680
4.49043 680
4.49201 680
4.49358 680
4.49516 680
4.49674 680
4.49831 680
4.49989 680
4.50146 680
4.57637 680
4.57791 680
4.5826 680
4.58575 680
4.58891 680
4.59206 680
4.59521 680
4.67012 680
4.67477 680
4.67792 680
4.68108 680
4.68423 680
4.68738 680
4.69053 680
4.76387 680
4.76852 680
4.77167 680
4.77482 680
4.77797 680
4.78113 680
4.78428 680
4.85761 680
4.86226 680
4.86542 680
4.86857 680
4.87172 680
4.87487 680
4.87802 680
4.94978 680
4.95444 680
4.95759 680
4.96074 680
4.96389 680
4.96704 680
4.9702 680
5.04195 680
5.04661 680
5.04976 680
5.05291 680
5.05606 680
5.05921 680
5.06237 680
5.06552 680
5.1357 680
5.14035 680
5.1435 680
5.14666 680
5.14981 680
5.15296 680
5.15611 680
5.15926 680
5.22945 680
5.2341 680
5.23725 680
5.2404 680
5.24355 680
5.24671 680
5.24986 680
5.25301 680
5.32162 680
5.32627 680
5.32942 680
5.33257 680
5.33572 680
5.33888 680
5.34203 680
5.34518 680
5.41379 680
5.41844 680
5.42159 680
5.42474 680
5.4279 680
5.43105 680
5.4342 680
5.43735 680
5.50596 680
5.50911 680
5.51226 680
5.51541 680
5.51857 680
5.52172 680
5.52487 680
5.52802 680
5.53117 680
5.5997 680
5.60286 680
5.60601 680
5.60916 680
5.61231 680
5.61546 680
5.61862 680
5.62177 680
5.62492 680
5.69345 680
5.6966 680
5.69976 680
5.70291 680
5.70606 680
5.70921 680
5.71236 680
5.71552 680
5.71867 680
5.78562 680
5.78877 680
5.79193 680
5.79508 680
5.79823 680
5.80138 680
5.80453 680
5.80769 680
5.81084 680
5.87779 680
5.88094 680
5.8841 680
5.88725 680
5.8904 680
5.89355 680
5.8967 680
5.89986 680
5.90301 680
5.90616 680
5.97154 680
5.97469 680
5.97784 680
5.98099 680
5.98415 680
5.9873 680
5.99045 680
5.9936 680
5.99675 680
5.99991 680
6.06528 680
6.06844 680
6.07159 680
6.07474 680
6.07789 680
6.08104 680
6.0842 680
6.08735 680
6.0905 680
6.09365 680
6.15746 680
6.16061 680
6.16376 680
6.16691 680
6.17006 680
6.17322 680
6.17637 680
6.17952 680
6.18267 680
6.18582 680
6.24963 680
6.25278 680
6.25593 680
6.25908 680
6.26223 680
6.26539 680
6.26854 680
6.27169 680
6.27484 680
6.27799 680
6.28115 680
6.34337 680
6.34652 680
6.34968 680
6.35283 680
6.35598 680
6.35913 680
6.36228 680
6.36544 680
6.36859 680
6.37174 680
6.37489 680
6.43712 680
6.44027 680
6.44342 680
6.44657 680
6.44973 680
6.45288 680
6.45603 680
6.45918 680
6.46233 680
6.46549 680
6.46864 680
6.53086 680
6.53402 680
6.53717 680
6.54032 680
6.54347 680
6.54662 680
6.54978 680
6.55293 680
6.55608 680
6.55923 680
6.56238 680
6.62304 680
6.62619 680
6.62934 680
6.63249 680
6.63564 680
6.6388 680
6.64195 680
6.6451 680
6.64825 680
6.6514 680
6.65456 680
6.71521 680
6.71836 680
6.72151 680
6.72466 680
6.72781 680
6.73097 680
6.73412 680
6.73727 680
6.74042 680
6.74357 680
6.74673 680
6.74988 680
6.80895 680
6.8121 680
6.81526 680
6.81841 680
6.82156 680
6.82471 680
6.82786 680
6.83102 680
6.83417 680
6.83732 680
6.84047 680
6.84362 680
6.9027 680
6.90585 680
6.909 680
6.91215 680
6.91531 680
6.91846 680
6.92161 680
6.92476 680
6.92791 680
6.93107 680
6.93422 680
6.93737 680
6.99487 680
6.99802 680
7.00117 680
7.00432 680
7.00748 680
7.01063 680
7.01378 680
7.01693 680
7.02008 680
7.02324 680
7.02639 680
7.02954 680
7.08704 680
7.09019 680
7.09334 680
7.0965 680
7.09965 680
7.1028 680
7.10595 680
7.1091 680
7.11226 680
7.11541 680
7.11856 680
7.12171 680
7.12486 680
7.18079 680
7.18394 680
7.18709 680
7.19024 680
7.19339 680
7.19655 680
7.1997 680
7.20285 680
7.206 680
7.20915 680
7.21231 680
7.21546 680
7.21861 680
7.27453 680
7.27768 680
7.28084 680
7.28399 680
7.28714 680
7.29029 680
7.29344 680
7.2966 680
7.29975 680
7.3029 680
7.30605 680
7.3092 680
7.31236 680
7.3667 680
7.36985 680
7.37301 680
7.37616 680
7.37931 680
7.38246 680
7.38561 680
7.38877 680
7.39192 680
7.39507 680
7.39822 680
7.40137 680
7.40453 680
7.45887 680
7.46202 680
7.46518 680
7.46833 680
7.47148 680
7.47463 680
7.47778 680
7.48094 680
7.48409 680
7.48724 680
7.49039 680
7.49354 680
7.4967 680
7.49985 680
7.55262 680
7.55577 680
7.55892 680
7.56208 680
7.56523 680
7.56838 680
7.57153 680
7.57468 680
7.57784 680
7.58099 680
7.58414 680
7.58729 680
7.59044 680
7.5936 680
7.64637 680
7.64952 680
7.65267 680
7.65582 680
7.65897 680
7.66213 680
7.66528 680
7.66843 680
7.67158 680
7.67473 680
7.67789 680
7.68104 680
7.68419 680
7.68734 680
7.74011 680
7.74326 680
7.74642 680
7.74957 680
7.75272 680
7.75587 680
7.75902 680
7.76218 680
7.76533 680
7.76848 680
7.77163 680
7.77478 680
7.77794 680
7.78109 680
7.83228 680
7.83543 680
7.83859 680
7.84174 680
7.84489 680
7.84804 680
7.85119 680
7.85435 680
7.8575 680
7.86065 680
7.8638 680
7.86695 680
7.87011 680
7.87326 680
7.92445 680
7.9276 680
7.93076 680
7.93391 680
7.93706 680
7.94021 680
7.94336 680
7.94652 680
7.94967 680
7.95282 680
7.95597 680
7.95912 680
7.96228 680
7.96543 680
7.96858 680
8.0182 680
8.02135 680
8.0245 680
8.02766 680
8.03081 680
8.03396 680
8.03711 680
8.04026 680
8.04342 680
8.04657 680
8.04972 680
8.05287 680
8.05602 680
8.05918 680
8.06233 680
8.11195 680
8.1151 680
8.11825 680
8.1214 680
8.12455 680
8.12771 680
8.13086 680
8.13401 680
8.13716 680
8.14031 680
8.14347 680
8.14662 680
8.14977 680
8.15292 680
8.15607 680
8.20412 680
8.20727 680
8.21042 680
8.21357 680
8.21672 680
8.21988 680
8.22303 680
8.22618 680
8.22933 680
8.23248 680
8.23564 680
8.23879 680
8.24194 680
8.24509 680
8.24824 680
8.29629 680
8.29944 680
8.30259 680
8.30574 680
8.30889 680
8.31205 680
8.3152 680
8.31835 680
8.3215 680
8.32465 680
8.32781 680
8.33096 680
8.33411 680
8.33726 680
8.34041 680
8.34357 680
8.39003 680
8.39318 680
8.39634 680
8.39949 680
8.40264 680
8.40579 680
8.40894 680
8.4121 680
8.41525 680
8.4184 680
8.42155 680
8.4247 680
8.42786 680
8.43101 680
8.43416 680
8.43731 680
8.48378 680
8.48693 680
8.49008 680
8.49324 680
8.49639 680
8.49954 680
8.50269 680
8.50584 680
8.509 680
8.51215 680
8.5153 680
8.51845 680
8.5216 680
8.52476 680
8.52791 680
8.53106 680
8.57595 680
8.5791 680
8.58225 680
8.58541 680
8.58856 680
8.59171 680
8.59486 680
8.59801 680
8.60117 680
8.60432 680
8.60747 680
8.61062 680
8.61377 680
8.61693 680
8.62008 680
8.62323 680
8.66812 680
8.67127 680
8.67442 680
8.67758 680
8.68073 680
8.68388 680
8.68703 680
8.69018 680
8.69334 680
8.69649 680
8.69964 680
8.70279 680
8.70594 680
8.7091 680
8.71225 680
8.7154 680
8.71855 680
8.76187 680
8.76502 680
8.76817 680
8.77132 680
8.77447 680
8.77763 680
8.78078 680
8.78393 680
8.78708 680
8.79023 680
8.79339 680
8.79654 680
8.79969 680
8.80284 680
8.80599 680
8.80915 680
8.8123 680
8.85561 680
8.85876 680
8.86192 680
8.86507 680
8.86822 680
8.87137 680
8.87452 680
8.87768 680
8.88083 680
8.88398 680
8.88713 680
8.89028 680
8.89344 680
8.89659 680
8.89974 680
8.90289 680
8.90604 680
8.94936 680
8.95251 680
8.95566 680
8.95882 680
8.96197 680
8.96512 680
8.96827 680
8.97142 680
8.97458 680
8.97773 680
8.98088 680
8.98403 680
8.98718 680
8.99034 680
8.99349 680
8.99664 680
8.99979 680
9.04153 680
9.04468 680
9.04783 680
9.05099 680
9.05414 680
9.05729 680
9.06044 680
9.06359 680
9.06675 680
9.0699 680
9.07305 680
9.0762 680
9.07935 680
9.08251 680
9.08566 680
9.08881 680
9.09196 680
9.1337 680
9.13685 680
9.14 680
9.14316 680
9.14631 680
9.14946 680
9.15261 680
9.15576 680
9.15892 680
9.16207 680
9.16522 680
9.16837 680
9.17152 680
9.17468 680
9.17783 680
9.18098 680
9.18413 680
9.18728 680
9.22745 680
9.2306 680
9.23375 680
9.2369 680
9.24005 680
9.24321 680
9.24636 680
9.24951 680
9.25266 680
9.25581 680
9.25897 680
9.26212 680
9.26527 680
9.26842 680
9.27157 680
9.27473 680
9.27788 680
9.28103 680
9.32119 680
9.32434 680
9.3275 680
9.33065 680
9.3338 680
9.33695 680
9.3401 680
9.34326 680
9.34641 680
9.34956 680
9.35271 680
9.35586 680
9.35902 680
9.36217 680
9.36532 680
9.36847 680
9.37162 680
9.37478 680
9.41336 680
9.41652 680
9.41967 680
9.42282 680
9.42597 680
9.42912 680
9.43228 680
9.43543 680
9.43858 680
9.44173 680
9.44488 680
9.44804 680
9.45119 680
9.45434 680
9.45749 680
9.46064 680
9.46379 680
9.46695 680
9.50553 680
9.50869 680
9.51184 680
9.51499 680
9.51814 680
9.52129 680
9.52445 680
9.5276 680
9.53075 680
9.5339 680
9.53705 680
9.54021 680
9.54336 680
9.54651 680
9.54966 680
9.55281 680
9.55597 680
9.55912 680
9.56227 680
9.59928 680
9.60243 680
9.60558 680
9.60874 680
9.61189 680
9.61504 680
9.61819 680
9.62134 680
9.6245 680
9.62765 680
9.6308 680
9.63395 680
9.6371 680
9.64026 680
9.64341 680
9.64656 680
9.64971 680
9.65286 680
9.65602 680
9.69303 680
9.69618 680
9.69933 680
9.70248 680
9.70563 680
9.70879 680
9.71194 680
9.71509 680
9.71824 680
9.72139 680
9.72455 680
9.7277 680
9.73085 680
9.734 680
9.73715 680
9.74031 680
9.74346 680
9.74661 680
9.74976 680
9.7852 680
9.78835 680
9.7915 680
9.79465 680
9.7978 680
9.80096 680
9.80411 680
9.80726 680
9.81041 680
9.81356 680
9.81672 680
9.81987 680
9.82302 680
9.82617 680
9.82932 680
9.83248 680
9.83563 680
9.83878 680
9.84193 680
9.87737 680
9.88052 680
9.88367 680
9.88682 680
9.88998 680
9.89313 680
9.89628 680
9.89943 680
9.90258 680
9.90573 680
9.90889 680
9.91204 680
9.91519 680
9.91834 680
9.92149 680
9.92465 680
9.9278 680
9.93095 680
9.9341 680
9.96954 680
9.97269 680
9.97584 680
9.97899 680
9.98215 680
9.9853 680
9.98845 680
9.9916 680
9.99475 680
9.99791 680
10.0011 680
10.0042 680
10.0074 680
10.0105 680
10.0137 680
10.0168 680
10.02 680
10.0231 680
10.0263 680
10.0294 680
10.0633 680
10.0664 680
10.0696 680
10.0727 680
10.0759 680
10.079 680
10.0822 680
10.0853 680
10.0885 680
10.0917 680
10.0948 680
10.098 680
10.1011 680
10.1043 680
10.1074 680
10.1106 680
10.1137 680
10.1169 680
10.12 680
10.1232 680
10.157 680
10.1602 680
10.1633 680
10.1665 680
10.1696 680
10.1728 680
10.1759 680
10.1791 680
10.1822 680
10.1854 680
10.1886 680
10.1917 680
10.1949 680
10.198 680
10.2012 680
10.2043 680
10.2075 680
10.2106 680
10.2138 680
10.2169 680
10.2492 680
10.2524 680
10.2555 680
10.2587 680
10.2618 680
10.265 680
10.2681 680
10.2713 680
10.2744 680
10.2776 680
10.2807 680
10.2839 680
10.287 680
10.2902 680
10.2933 680
10.2965 680
10.2996 680
10.3028 680
10.3059 680
10.3091 680
10.3414 680
10.3445 680
10.3477 680
10.3508 680
10.354 680
10.3571 680
10.3603 680
10.3634 680
10.3666 680
10.3697 680
10.3729 680
10.376 680
10.3792 680
10.3823 680
10.3855 680
10.3887 680
10.3918 680
10.395 680
10.3981 680
10.4013 680
10.4044 680
10.4351 680
10.4383 680
10.4414 680
10.4446 680
10.4477 680
10.4509 680
10.454 680
10.4572 680
10.4603 680
10.4635 680
10.4666 680
10.4698 680
10.4729 680
10.4761 680
10.4792 680
10.4824 680
10.4855 680
10.4887 680
10.4919 680
10.495 680
10.4982 680
10.5289 680
10.532 680
10.5352 680
10.5383 680
10.5415 680
10.5446 680
10.5478 680
10.5509 680
10.5541 680
10.5572 680
10.5604 680
10.5635 680
10.5667 680
10.5698 680
10.573 680
10.5761 680
10.5793 680
10.5824 680
10.5856 680
10.5888 680
10.5919 680
10.621 680
10.6242 680
10.6273 680
10.6305 680
10.6336 680
10.6368 680
10.6399 680
10.6431 680
10.6463 680
10.6494 680
10.6526 680
10.6557 680
10.6589 680
10.662 680
10.6652 680
10.6683 680
10.6715 680
10.6746 680
10.6778 680
10.6809 680
10.6841 680
10.7132 680
10.7164 680
10.7195 680
10.7227 680
10.7258 680
10.729 680
10.7321 680
10.7353 680
10.7384 680
10.7416 680
10.7447 680
10.7479 680
10.751 680
10.7542 680
10.7573 680
10.7605 680
10.7636 680
10.7668 680
10.7699 680
10.7731 680
10.7762 680
10.7794 680
10.807 680
10.8101 680
10.8133 680
10.8164 680
10.8196 680
10.8227 680
10.8259 680
10.829 680
10.8322 680
10.8353 680
10.8385 680
10.8416 680
10.8448 680
10.8479 680
10.8511 680
10.8542 680
10.8574 680
10.8605 680
10.8637 680
10.8668 680
10.87 680
10.8731 680
10.9007 680
10.9038 680
10.907 680
10.9102 680
10.9133 680
10.9165 680
10.9196 680
10.9228 680
10.9259 680
10.9291 680
10.9322 680
10.9354 680
10.9385 680
10.9417 680
10.9448 680
10.948 680
10.9511 680
10.9543 680
10.9574 680
10.9606 680
10.9637 680
10.9669 680
10.9944 680
10.9976 680
11.0007 680
11.0039 680
11.0071 680
11.0102 680
11.0134 680
11.0165 680
11.0197 680
11.0228 680
11.026 680
11.0291 680
11.0323 680
11.0354 680
11.0386 680
11.0417 680
11.0449 680
11.048 680
11.0512 680
11.0543 680
11.0575 680
11.0606 680
11.0866 680
11.0898 680
11.0929 680
11.0961 680
11.0992 680
11.1024 680
11.1055 680
11.1087 680
11.1118 680
11.115 680
11.1181 680
11.1213 680
11.1244 680
11.1276 680
11.1307 680
11.1339 680
11.137 680
11.1402 680
11.1434 680
11.1465 680
11.1497 680
11.1528 680
11.1788 680
11.1819 680
11.1851 680
11.1882 680
11.1914 680
11.1945 680
11.1977 680
11.2008 680
11.204 680
11.2072 680
11.2103 680
11.2135 680
11.2166 680
11.2198 680
11.2229 680
11.2261 680
11.2292 680
11.2324 680
11.2355 680
11.2387 680
11.2418 680
11.245 680
11.2481 680
11.2725 680
11.2757 680
11.2788 680
11.282 680
11.2851 680
11.2883 680
11.2914 680
11.2946 680
11.2977 680
11.3009 680
11.3041 680
11.3072 680
11.3104 680
11.3135 680
11.3167 680
11.3198 680
11.323 680
11.3261 680
11.3293 680
11.3324 680
11.3356 680
11.3387 680
11.3419 680
11.3663 680
11.3694 680
11.3726 680
11.3757 680
11.3789 680
11.382 680
11.3852 680
11.3883 680
11.3915 680
11.3946 680
11.3978 680
11.4009 680
11.4041 680
11.4073 680
11.4104 680
11.4136 680
11.4167 680
11.4199 680
11.423 680
11.4262 680
11.4293 680
11.4325 680
11.4356 680
11.4584 680
11.4616 680
11.4648 680
11.4679 680
11.4711 680
11.4742 680
11.4774 680
11.4805 680
11.4837 680
11.4868 680
11.49 680
11.4931 680
11.4963 680
11.4994 680
11.5026 680
11.5057 680
11.5089 680
11.512 680
11.5152 680
11.5183 680
11.5215 680
11.5246 680
11.5278 680
11.5506 680
11.5538 680
11.5569 680
11.5601 680
11.5632 680
11.5664 680
11.5695 680
11.5727 680
11.5758 680
11.579 680
11.5821 680
11.5853 680
11.5884 680
11.5916 680
11.5947 680
11.5979 680
11.6011 680
11.6042 680
11.6074 680
11.6105 680
11.6137 680
11.6168 680
11.62 680
11.6231 680
11.6444 680
11.6475 680
11.6507 680
11.6538 680
11.657 680
11.6601 680
11.6633 680
11.6664 680
11.6696 680
11.6727 680
11.6759 680
11.679 680
11.6822 680
11.6853 680
11.6885 680
11.6916 680
11.6948 680
11.6979 680
11.7011 680
11.7043 680
11.7074 680
11.7106 680
11.7137 680
11.7169 680
11.7381 680
11.7413 680
11.7444 680
11.7476 680
11.7507 680
11.7539 680
11.757 680
11.7602 680
11.7633 680
11.7665 680
11.7696 680
11.7728 680
11.7759 680
11.7791 680
11.7822 680
11.7854 680
11.7885 680
11.7917 680
11.7948 680
11.798 680
11.8012 680
11.8043 680
11.8075 680
11.8106 680
11.8303 680
11.8334 680
11.8366 680
11.8397 680
11.8429 680
11.846 680
11.8492 680
11.8523 680
11.8555 680
11.8586 680
11.8618 680
11.865 680
11.8681 680
11.8713 680
11.8744 680
11.8776 680
11.8807 680
11.8839 680
11.887 680
11.8902 680
11.8933 680
11.8965 680
11.8996 680
11.9028 680
11.9225 680
11.9256 680
11.9288 680
11.9319 680
11.9351 680
11.9382 680
11.9414 680
11.9445 680
11.9477 680
11.9508 680
11.954 680
11.9571 680
11.9603 680
11.9634 680
11.9666 680
11.9697 680
11.9729 680
11.976 680
11.9792 680
11.9823 680
11.9855 680
11.9886 680
11.9918 680
11.9949 680
12.0146 680
12.0178 680
12.0209 680
12.0241 680
12.0272 680
12.0304 680
12.0335 680
12.0367 680
12.0398 680
12.043 680
12.0461 680
12.0493 680
12.0524 680
12.0556 680
12.0588 680
12.0619 680
12.0651 680
12.0682 680
12.0714 680
12.0745 680
12.0777 680
12.0808 680
12.084 680
12.0871 680
12.0903 680
12.1084 680
12.1115 680
12.1147 680
12.1178 680
12.121 680
12.1241 680
12.1273 680
12.1304 680
12.1336 680
12.1367 680
12.1399 680
12.143 680
12.1462 680
12.1493 680
12.1525 680
12.1556 680
12.1588 680
12.162 680
12.1651 680
12.1683 680
12.1714 680
12.1746 680
12.1777 680
12.1809 680
12.184 680
12.2021 680
12.2053 680
12.2084 680
12.2116 680
12.2147 680
12.2179 680
12.221 680
12.2242 680
12.2273 680
12.2305 680
12.2336 680
12.2368 680
12.2399 680
12.2431 680
12.2462 680
12.2494 680
12.2525 680
12.2557 680
12.2589 680
12.262 680
12.2652 680
12.2683 680
12.2715 680
12.2746 680
12.2778 680
12.2943 680
12.2974 680
12.3006 680
12.3037 680
12.3069 680
12.31 680
12.3132 680
12.3163 680
12.3195 680
12.3227 680
12.3258 680
12.329 680
12.3321 680
12.3353 680
12.3384 680
12.3416 680
12.3447 680
12.3479 680
12.351 680
12.3542 680
12.3573 680
12.3605 680
12.3636 680
12.3668 680
12.3699 680
12.3865 680
12.3896 680
12.3928 680
12.3959 680
12.3991 680
12.4022 680
12.4054 680
12.4085 680
12.4117 680
12.4148 680
12.418 680
12.4211 680
12.4243 680
12.4274 680
12.4306 680
12.4337 680
12.4369 680
12.44 680
12.4432 680
12.4463 680
12.4495 680
12.4526 680
12.4558 680
12.459 680
12.4621 680
12.4653 680
12.4802 680
12.4834 680
12.4865 680
12.4897 680
12.4928 680
12.496 680
12.4991 680
12.5023 680
12.5054 680
12.5086 680
12.5117 680
12.5149 680
12.518 680
12.5212 680
12.5243 680
12.5275 680
12.5306 680
12.5338 680
12.5369 680
12.5401 680
12.5432 680
12.5464 680
12.5495 680
12.5527 680
12.5559 680
12.559 680
12.5739 680
12.5771 680
12.5803 680
12.5834 680
12.5866 680
12.5897 680
12.5929 680
12.596 680
12.5992 680
12.6023 680
12.6055 680
12.6086 680
12.6118 680
12.6149 680
12.6181 680
12.6212 680
12.6244 680
12.6275 680
12.6307 680
12.6338 680
12.637 680
12.6401 680
12.6433 680
12.6464 680
12.6496 680
12.6527 680
12.6661 680
12.6693 680
12.6724 680
12.6756 680
12.6787 680
12.6819 680
12.685 680
12.6882 680
12.6913 680
12.6945 680
12.6976 680
12.7008 680
12.7039 680
12.7071 680
12.7102 680
12.7134 680
12.7166 680
12.7197 680
12.7229 680
12.726 680
12.7292 680
12.7323 680
12.7355 680
12.7386 680
12.7418 680
12.7449 680
12.7583 680
12.7614 680
12.7646 680
12.7677 680
12.7709 680
12.774 680
12.7772 680
12.7804 680
12.7835 680
12.7867 680
12.7898 680
12.793 680
12.7961 680
12.7993 680
12.8024 680
12.8056 680
12.8087 680
12.8119 680
12.815 680
12.8182 680
12.8213 680
12.8245 680
12.8276 680
12.8308 680
12.8339 680
12.8371 680
12.8505 680
12.8536 680
12.8568 680
12.8599 680
12.8631 680
12.8662 680
12.8694 680
12.8725 680
12.8757 680
12.8788 680
12.882 680
12.8851 680
12.8883 680
12.8914 680
12.8946 680
12.8977 680
12.9009 680
12.904 680
12.9072 680
12.9103 680
12.9135 680
12.9167 680
12.9198 680
12.923 680
12.9261 680
12.9293 680
12.9324 680
12.9442 680
12.9474 680
12.9505 680
12.9537 680
12.9568 680
12.96 680
12.9631 680
12.9663 680
12.9694 680
12.9726 680
12.9757 680
12.9789 680
12.982 680
12.9852 680
12.9883 680
12.9915 680
12.9946 680
12.9978 680
13.0009 680
13.0041 680
13.0072 680
13.0104 680
13.0136 680
13.0167 680
13.0199 680
13.023 680
13.0262 680
13.038 680
13.0411 680
13.0443 680
13.0474 680
13.0506 680
13.0537 680
13.0569 680
13.06 680
13.0632 680
13.0663 680
13.0695 680
13.0726 680
13.0758 680
13.0789 680
13.0821 680
13.0852 680
13.0884 680
13.0915 680
13.0947 680
13.0978 680
13.101 680
13.1041 680
13.1073 680
13.1104 680
13.1136 680
13.1168 680
13.1199 680
13.1301 680
13.1333 680
13.1364 680
13.1396 680
13.1427 680
13.1459 680
13.149 680
13.1522 680
13.1553 680
13.1585 680
13.1616 680
13.1648 680
13.1679 680
13.1711 680
13.1743 680
13.1774 680
13.1806 680
13.1837 680
13.1869 680
13.19 680
13.1932 680
13.1963 680
13.1995 680
13.2026 680
13.2058 680
13.2089 680
13.2121 680
13.2223 680
13.2254 680
13.2286 680
13.2317 680
13.2349 680
13.2381 680
13.2412 680
13.2444 680
13.2475 680
13.2507 680
13.2538 680
13.257 680
13.2601 680
13.2633 680
13.2664 680
13.2696 680
13.2727 680
13.2759 680
13.279 680
13.2822 680
13.2853 680
13.2885 680
13.2916 680
13.2948 680
13.2979 680
13.3011 680
13.3042 680
13.3074 680
13.316 680
13.3192 680
13.3223 680
13.3255 680
13.3286 680
13.3318 680
13.335 680
13.3381 680
13.3413 680
13.3444 680
13.3476 680
13.3507 680
13.3539 680
13.357 680
13.3602 680
13.3633 680
13.3665 680
13.3696 680
13.3728 680
13.3759 680
13.3791 680
13.3822 680
13.3854 680
13.3885 680
13.3917 680
13.3948 680
13.398 680
13.4011 680
13.4098 680
13.4129 680
13.4161 680
13.4192 680
13.4224 680
13.4255 680
13.4287 680
13.4319 680
13.435 680
13.4382 680
13.4413 680
13.4445 680
13.4476 680
13.4508 680
13.4539 680
13.4571 680
13.4602 680
13.4634 680
13.4665 680
13.4697 680
13.4728 680
13.476 680
13.4791 680
13.4823 680
13.4854 680
13.4886 680
13.4917 680
13.4949 680
13.502 680
13.5051 680
13.5083 680
13.5114 680
13.5146 680
13.5177 680
13.5209 680
13.524 680
13.5272 680
13.5303 680
13.5335 680
13.5366 680
13.5398 680
13.5429 680
13.5461 680
13.5492 680
13.5524 680
13.5555 680
13.5587 680
13.5618 680
13.565 680
13.5681 680
13.5713 680
13.5745 680
13.5776 680
13.5808 680
13.5839 680
13.5871 680
13.5941 680
13.5973 680
13.6004 680
13.6036 680
13.6067 680
13.6099 680
13.613 680
13.6162 680
13.6193 680
13.6225 680
13.6256 680
13.6288 680
13.632 680
13.6351 680
13.6383 680
13.6414 680
13.6446 680
13.6477 680
13.6509 680
13.654 680
13.6572 680
13.6603 680
13.6635 680
13.6666 680
13.6698 680
13.6729 680
13.6761 680
13.6792 680
13.6824 680
13.6879 680
13.691 680
13.6942 680
13.6973 680
13.7005 680
13.7036 680
13.7068 680
13.7099 680
13.7131 680
13.7162 680
13.7194 680
13.7225 680
13.7257 680
13.7288 680
13.732 680
13.7352 680
13.7383 680
13.7415 680
13.7446 680
13.7478 680
13.7509 680
13.7541 680
13.7572 680
13.7604 680
13.7635 680
13.7667 680
13.7698 680
13.773 680
13.7761 680
13.7816 680
13.7848 680
13.7879 680
13.7911 680
13.7942 680
13.7974 680
13.8005 680
13.8037 680
13.8068 680
13.81 680
13.8131 680
13.8163 680
13.8194 680
13.8226 680
13.8257 680
13.8289 680
13.8321 680
13.8352 680
13.8384 680
13.8415 680
13.8447 680
13.8478 680
13.851 680
13.8541 680
13.8573 680
13.8604 680
13.8636 680
13.8667 680
13.8699 680
13.8754 680
13.8785 680
13.8817 680
13.8848 680
13.888 680
13.8911 680
13.8943 680
13.8974 680
13.9006 680
13.9037 680
13.9069 680
13.91 680
13.9132 680
13.9163 680
13.9195 680
13.9226 680
13.9258 680
13.929 680
13.9321 680
13.9353 680
13.9384 680
13.9416 680
13.9447 680
13.9479 680
13.951 680
13.9542 680
13.9573 680
13.9605 680
13.9636 680
13.9675 680
13.9707 680
13.9738 680
13.977 680
13.9801 680
13.9833 680
13.9864 680
13.9896 680
13.9928 680
13.9959 680
13.9991 680
14.0022 680
14.0054 680
14.0085 680
14.0117 680
14.0148 680
14.018 680
14.0211 680
14.0243 680
14.0274 680
14.0306 680
14.0337 680
14.0369 680
14.04 680
14.0432 680
14.0463 680
14.0495 680
14.0526 680
14.0558 680
14.0597 680
14.0629 680
14.066 680
14.0692 680
14.0723 680
14.0755 680
14.0786 680
14.0818 680
14.0849 680
14.0881 680
14.0912 680
14.0944 680
14.0975 680
14.1007 680
14.1038 680
14.107 680
14.1101 680
14.1133 680
14.1164 680
14.1196 680
14.1227 680
14.1259 680
14.1291 680
14.1322 680
14.1354 680
14.1385 680
14.1417 680
14.1448 680
14.148 680
14.1511 680
14.1543 680
14.1574 680
14.1606 680
14.1637 680
14.1669 680
14.17 680
14.1732 680
14.1763 680
14.1795 680
14.1826 680
14.1858 680
14.1889 680
14.1921 680
14.1952 680
14.1984 680
14.2015 680
14.2047 680
14.2079 680
14.211 680
14.2142 680
14.2173 680
14.2205 680
14.2236 680
14.2268 680
14.2299 680
14.2331 680
14.2362 680
14.2394 680
14.2425 680
14.2457 680
14.2488 680
14.252 680
14.2551 680
14.2583 680
14.2614 680
14.2646 680
14.2677 680
14.2709 680
14.274 680
14.2772 680
14.2803 680
14.2835 680
14.2867 680
14.2898 680
14.293 680
14.2961 680
14.2993 680
14.3024 680
14.3056 680
14.3087 680
14.3119 680
14.315 680
14.3182 680
14.3213 680
14.3245 680
14.3276 680
14.3308 680
14.3339 680
14.3371 680
14.3402 680
14.3434 680
14.3465 680
14.3497 680
14.3528 680
14.356 680
14.3591 680
14.3623 680
14.3655 680
14.3686 680
14.3718 680
14.3749 680
14.3781 680
14.3812 680
14.3844 680
14.3875 680
14.3907 680
14.3938 680
14.397 680
14.4001 680
14.4033 680
14.4064 680
14.4096 680
14.4127 680
14.4159 680
14.419 680
14.4222 680
14.4253 680
14.4285 680
14.4316 680
14.4348 680
14.4379 680
14.4411 680
14.4443 680
14.4474 680
14.4506 680
14.4537 680
14.4569 680
14.46 680
14.4632 680
14.4663 680
14.4695 680
14.4726 680
14.4758 680
14.4789 680
14.4821 680
14.4852 680
14.4884 680
14.4915 680
14.4947 680
14.4978 680
14.501 680
14.5041 680
14.5073 680
14.5104 680
14.5136 680
14.5167 680
14.5199 680
14.5231 680
14.5262 680
14.5294 680
14.5325 680
14.5357 680
14.5388 680
14.542 680
14.5451 680
14.5483 680
14.5514 680
14.5546 680
14.5577 680
14.5609 680
14.564 680
14.5672 680
14.5703 680
14.5735 680
14.5766 680
14.5798 680
14.5829 680
14.5861 680
14.5892 680
14.5924 680
14.5955 680
14.5987 680
14.6019 680
14.605 680
14.6082 680
14.6113 680
14.6145 680
14.6176 680
14.6208 680
14.6239 680
14.6271 680
14.6302 680
14.6334 680
14.6365 680
14.6397 680
14.6428 680
14.646 680
14.6491 680
14.6523 680
14.6554 680
14.6586 680
14.6617 680
14.6649 680
14.668 680
14.6712 680
14.6743 680
14.6775 680
14.6807 680
14.6838 680
14.687 680
14.6901 680
14.6933 680
14.6964 680
14.6996 680
14.7027 680
14.7059 680
14.709 680
14.7122 680
14.7153 680
14.7185 680
14.7216 680
14.7248 680
14.7279 680
14.7311 680
14.7342 680
14.7374 680
14.7405 680
14.7437 680
14.7468 680
14.75 680
14.7531 680
14.7563 680
14.7595 680
14.7626 680
14.7658 680
14.7689 680
14.7721 680
14.7752 680
14.7784 680
14.7815 680
14.7847 680
14.7878 680
14.791 680
14.7941 680
14.7973 680
14.8004 680
14.8036 680
14.8067 680
14.8099 680
14.813 680
14.8162 680
14.8193 680
14.8225 680
14.8256 680
14.8288 680
14.8319 680
14.8351 680
14.8383 680
14.8414 680
14.8446 680
14.8477 680
14.8509 680
14.854 680
14.8572 680
14.8603 680
14.8635 680
14.8666 680
14.8698 680
14.8729 680
14.8761 680
14.8792 680
14.8824 680
14.8855 680
14.8887 680
14.8918 680
14.895 680
14.8981 680
14.9013 680
14.9044 680
14.9076 680
14.9107 680
14.9139 680
14.9171 680
14.9202 680
14.9234 680
14.9265 680
14.9297 680
14.9328 680
14.936 680
14.9391 680
14.9423 680
14.9454 680
14.9486 680
14.9517 680
14.9549 680
14.958 680
14.9612 680
14.9643 680
14.9675 680
14.9706 680
14.9738 680
14.9769 680
14.9801 680
14.9832 680
14.9864 680
14.9895 680
14.9927 680
14.9959 680
14.999 680
15.0022 680
15.0053 680
15.0085 680
15.0116 680
15.0148 680
15.0179 680
15.0211 680
15.0242 680
15.0274 680
15.0305 680
15.0337 680
15.0368 680
15.04 680
15.0431 680
15.0463 680
15.0494 680
15.0526 680
15.0557 680
15.0589 680
15.062 680
15.0652 680
15.0683 680
15.0715 680
15.0747 680
15.0778 680
15.081 680
15.0841 680
15.0873 680
15.0904 680
15.0936 680
15.0967 680
15.0999 680
15.103 680
15.1062 680
15.1093 680
15.1125 680
15.1156 680
15.1188 680
15.1219 680
15.1251 680
15.1282 680
15.1314 680
15.1345 680
15.1377 680
15.1408 680
15.144 680
15.1471 680
15.1503 680
15.1535 680
15.1566 680
15.1598 680
15.1629 680
15.1661 680
15.1692 680
15.1724 680
15.1755 680
15.1787 680
15.1818 680
15.185 680
15.1881 680
15.1913 680
15.1944 680
15.1976 680
15.2007 680
15.2039 680
15.207 680
15.2102 680
15.2133 680
15.2165 680
15.2196 680
15.2228 680
15.2259 680
15.2291 680
15.2323 680
15.2354 680
15.2386 680
15.2417 680
15.2449 680
15.248 680
15.2512 680
15.2543 680
15.2575 680
15.2606 680
15.2638 680
15.2669 680
15.2701 680
15.2732 680
15.2764 680
15.2795 680
15.2827 680
15.2858 680
15.289 680
15.2921 680
15.2953 680
15.2984 680
15.3016 680
15.3047 680
15.3079 680
15.3111 680
15.3142 680
15.3174 680
15.3205 680
15.3237 680
15.3268 680
15.33 680
15.3331 680
15.3363 680
15.3394 680
15.3426 680
15.3457 680
15.3489 680
15.352 680
15.3552 680
15.3583 680
15.3615 680
15.3646 680
15.3678 680
15.3709 680
15.3741 680
15.3772 680
15.3804 680
15.3835 680
15.3867 680
15.3899 680
15.393 680
15.3962 680
15.3993 680
15.4025 680
15.4056 680
15.4088 680
15.4119 680
15.4151 680
15.4182 680
15.4214 680
15.4245 680
15.4277 680
15.4308 680
15.434 680
15.4371 680
15.4403 680
15.4434 680
15.4466 680
15.4497 680
15.4529 680
15.456 680
15.4592 680
15.4623 680
15.4655 680
15.4687 680
15.4718 680
15.475 680
15.4781 680
15.4813 680
15.4844 680
15.4876 680
15.4907 680
15.4939 680
15.497 680
15.5002 680
15.5033 680
15.5065 680
15.5096 680
15.5128 680
15.5159 680
15.5191 680
15.5222 680
15.5254 680
15.5285 680
15.5317 680
15.5348 680
15.538 680
15.5411 680
15.5443 680
15.5474 680
15.5506 680
15.5538 680
15.5569 680
15.5601 680
15.5632 680
15.5664 680
15.5695 680
15.5727 680
15.5758 680
15.579 680
15.5821 680
15.5853 680
15.5884 680
15.5916 680
15.5947 680
15.5979 680
15.601 680
15.6042 680
15.6073 680
15.6105 680
15.6136 680
15.6168 680
15.6199 680
15.6231 680
15.6262 680
15.6294 680
15.6326 680
15.6357 680
15.6389 680
15.642 680
15.6452 680
15.6483 680
15.6515 680
15.6546 680
15.6578 680
15.6609 680
15.6641 680
15.6672 680
15.6704 680
15.6735 680
15.6767 680
15.6798 680
15.683 680
15.6861 680
15.6893 680
15.6924 680
15.6956 680
15.6987 680
15.7019 680
15.705 680
15.7082 680
15.7114 680
15.7145 680
15.7177 680
15.7208 680
15.724 680
15.7271 680
15.7303 680
15.7334 680
15.7366 680
15.7397 680
15.7429 680
15.746 680
15.7492 680
15.7523 680
15.7555 680
15.7586 680
15.7618 680
15.7649 680
15.7681 680
15.7712 680
15.7744 680
15.7775 680
15.7807 680
15.7838 680
15.787 680
15.7902 680
15.7933 680
15.7965 680
15.7996 680
15.8028 680
15.8059 680
15.8091 680
15.8122 680
15.8154 680
15.8185 680
15.8217 680
15.8248 680
15.828 680
15.8311 680
15.8343 680
15.8374 680
15.8406 680
15.8437 680
15.8469 680
15.85 680
15.8532 680
15.8563 680
15.8595 680
15.8626 680
15.8658 680
15.869 680
15.8721 680
15.8753 680
15.8784 680
15.8816 680
15.8847 680
15.8879 680
15.891 680
15.8942 680
15.8973 680
15.9005 680
15.9036 680
15.9068 680
15.9099 680
15.9131 680
15.9162 680
15.9194 680
15.9225 680
15.9257 680
15.9288 680
15.932 680
15.9351 680
15.9383 680
15.9414 680
15.9446 680
15.9478 680
15.9509 680
15.9541 680
15.9572 680
15.9604 680
15.9635 680
15.9667 680
15.9698 680
15.973 680
15.9761 680
15.9793 680
15.9824 680
15.9856 680
15.9887 680
15.9919 680
15.995 680
15.9982 680
16.0013 680
16.0045 680
16.0076 680
16.0108 680
16.0139 680
16.0171 680
16.0202 680
16.0234 680
16.0266 680
16.0297 680
16.0329 680
16.036 680
16.0392 680
16.0423 680
16.0455 680
16.0486 680
16.0518 680
16.0549 680
16.0581 680
16.0612 680
16.0644 680
16.0675 680
16.0707 680
16.0738 680
16.077 680
16.0801 680
16.0833 680
16.0864 680
16.0896 680
16.0927 680
16.0959 680
16.099 680
16.1022 680
16.1054 680
16.1085 680
16.1117 680
16.1148 680
16.118 680
16.1211 680
16.1243 680
16.1274 680
16.1306 680
16.1337 680
16.1369 680
16.14 680
16.1432 680
16.1463 680
16.1495 680
16.1526 680
16.1558 680
16.1589 680
16.1621 680
16.1652 680
16.1684 680
16.1715 680
16.1747 680
16.1778 680
16.181 680
16.1842 680
16.1873 680
16.1905 680
16.1936 680
16.1968 680
16.1999 680
16.2031 680
16.2062 680
16.2094 680
16.2125 680
16.2157 680
16.2188 680
16.222 680
16.2251 680
16.2283 680
16.2314 680
16.2346 680
16.2377 680
16.2409 680
16.244 680
16.2472 680
16.2503 680
16.2535 680
16.2566 680
16.2598 680
16.263 680
16.2661 680
16.2693 680
16.2724 680
16.2756 680
16.2787 680
16.2819 680
16.285 680
16.2882 680
16.2913 680
16.2945 680
16.2976 680
16.3008 680
16.3039 680
16.3071 680
16.3102 680
16.3134 680
16.3165 680
16.3197 680
16.3228 680
16.326 680
16.3291 680
16.3323 680
16.3354 680
16.3386 680
16.3418 680
16.3449 680
16.3481 680
16.3512 680
16.3544 680
16.3575 680
16.3607 680
16.3638 680
16.367 680
16.3701 680
16.3733 680
16.3764 680
16.3796 680
16.3827 680
16.3859 680
16.389 680
16.3922 680
16.3953 680
16.3985 680
16.4016 680
16.4048 680
16.4079 680
16.4111 680
16.4142 680
16.4174 680
16.4206 680
16.4237 680
16.4269 680
16.43 680
16.4332 680
16.4363 680
16.4395 680
16.4426 680
16.4458 680
16.4489 680
16.4521 680
16.4552 680
16.4584 680
16.4615 680
16.4647 680
16.4678 680
16.471 680
16.4741 680
16.4773 680
16.4804 680
16.4836 680
16.4867 680
16.4899 680
16.493 680
16.4962 680
16.4994 680
16.5025 680
16.5057 680
16.5088 680
16.512 680
16.5151 680
16.5183 680
16.5214 680
16.5246 680
16.5277 680
16.5309 680
16.534 680
16.5372 680
16.5403 680
16.5435 680
16.5466 680
16.5498 680
16.5529 680
16.5561 680
16.5592 680
16.5624 680
16.5655 680
16.5687 680
16.5718 680
16.575 680
16.5782 680
16.5813 680
16.5845 680
16.5876 680
16.5908 680
16.5939 680
16.5971 680
16.6002 680
16.6034 680
16.6065 680
16.6097 680
16.6128 680
16.616 680
16.6191 680
16.6223 680
16.6254 680
16.6286 680
16.6317 680
16.6349 680
16.638 680
16.6412 680
16.6443 680
16.6475 680
16.6506 680
16.6538 680
16.657 680
16.6601 680
16.6633 680
16.6664 680
16.6696 680
16.6727 680
16.6759 680
16.679 680
16.6822 680
16.6853 680
16.6885 680
16.6916 680
16.6948 680
16.6979 680
16.7011 680
16.7042 680
16.7074 680
16.7105 680
16.7137 680
16.7168 680
16.72 680
16.7231 680
16.7263 680
16.7294 680
16.7326 680
16.7358 680
16.7389 680
16.7421 680
16.7452 680
16.7484 680
16.7515 680
16.7547 680
16.7578 680
16.761 680
16.7641 680
16.7673 680
16.7704 680
16.7736 680
16.7767 680
16.7799 680
16.783 680
16.7862 680
16.7893 680
16.7925 680
16.7956 680
16.7988 680
16.8019 680
16.8051 680
16.8082 680
16.8114 680
16.8146 680
16.8177 680
16.8209 680
16.824 680
16.8272 680
16.8303 680
16.8335 680
16.8366 680
16.8398 680
16.8429 680
16.8461 680
16.8492 680
16.8524 680
16.8555 680
16.8587 680
16.8618 680
16.865 680
16.8681 680
16.8713 680
16.8744 680
16.8776 680
16.8807 680
16.8839 680
16.887 680
16.8902 680
16.8934 680
16.8965 680
16.8997 680
16.9028 680
16.906 680
16.9091 680
16.9123 680
16.9154 680
16.9186 680
16.9217 680
16.9249 680
16.928 680
16.9312 680
16.9343 680
16.9375 680
16.9406 680
16.9438 680
16.9469 680
16.9501 680
16.9532 680
16.9564 680
16.9595 680
16.9627 680
16.9658 680
16.969 680
16.9722 680
16.9753 680
16.9785 680
16.9816 680
16.9848 680
16.9879 680
16.9911 680
16.9942 680
16.9974 680
17.0005 680
17.0037 680
17.0068 680
17.01 680
17.0131 680
17.0163 680
17.0194 680
17.0226 680
17.0257 680
17.0289 680
17.032 680
17.0352 680
17.0383 680
17.0415 680
17.0446 680
17.0478 680
17.051 680
17.0541 680
17.0573 680
17.0604 680
17.0636 680
17.0667 680
17.0699 680
17.073 680
17.0762 680
17.0793 680
17.0825 680
17.0856 680
17.0888 680
17.0919 680
17.0951 680
17.0982 680
17.1014 680
17.1045 680
17.1077 680
17.1108 680
17.114 680
17.1171 680
17.1203 680
17.1234 680
17.1266 680
17.1298 680
17.1329 680
17.1361 680
17.1392 680
17.1424 680
17.1455 680
17.1487 680
17.1518 680
17.155 680
17.1581 680
17.1613 680
17.1644 680
17.1676 680
17.1707 680
17.1739 680
17.177 680
17.1802 680
17.1833 680
17.1865 680
17.1896 680
17.1928 680
17.1959 680
17.1991 680
17.2022 680
17.2054 680
17.2086 680
17.2117 680
17.2149 680
17.218 680
17.2212 680
17.2243 680
17.2275 680
17.2306 680
17.2338 680
17.2369 680
17.2401 680
17.2432 680
17.2464 680
17.2495 680
17.2527 680
17.2558 680
17.259 680
17.2621 680
17.2653 680
17.2684 680
17.2716 680
17.2747 680
17.2779 680
17.281 680
17.2842 680
17.2874 680
17.2905 680
17.2937 680
17.2968 680
17.3 680
17.3031 680
17.3063 680
17.3094 680
17.3126 680
17.3157 680
17.3189 680
17.322 680
17.3252 680
17.3283 680
17.3315 680
17.3346 680
17.3378 680
17.3409 680
17.3441 680
17.3472 680
17.3504 680
17.3535 680
17.3567 680
17.3598 680
17.363 680
17.3662 680
17.3693 680
17.3725 680
17.3756 680
17.3788 680
17.3819 680
17.3851 680
17.3882 680
17.3914 680
17.3945 680
17.3977 680
17.4008 680
17.404 680
17.4071 680
17.4103 680
17.4134 680
17.4166 680
17.4197 680
17.4229 680
17.426 680
17.4292 680
17.4323 680
17.4355 680
17.4386 680
17.4418 680
17.445 680
17.4481 680
17.4513 680
17.4544 680
17.4576 680
17.4607 680
17.4639 680
17.467 680
17.4702 680
17.4733 680
17.4765 680
17.4796 680
17.4828 680
17.4859 680
17.4891 680
17.4922 680
17.4954 680
17.4985 680
17.5017 680
17.5048 680
17.508 680
17.5111 680
17.5143 680
17.5174 680
17.5206 680
17.5238 680
17.5269 680
17.5301 680
17.5332 680
17.5364 680
17.5395 680
17.5427 680
17.5458 680
17.549 680
17.5521 680
17.5553 680
17.5584 680
17.5616 680
17.5647 680
17.5679 680
17.571 680
17.5742 680
17.5773 680
17.5805 680
17.5836 680
17.5868 680
17.5899 680
17.5931 680
17.5962 680
17.5994 680
17.6026 680
17.6057 680
17.6089 680
17.612 680
17.6152 680
17.6183 680
17.6215 680
17.6246 680
17.6278 680
17.6309 680
17.6341 680
17.6372 680
17.6404 680
17.6435 680
17.6467 680
17.6498 680
17.653 680
17.6561 680
17.6593 680
17.6624 680
17.6656 680
17.6687 680
17.6719 680
17.675 680
17.6782 680
17.6814 680
17.6845 680
17.6877 680
17.6908 680
17.694 680
17.6971 680
17.7003 680
17.7034 680
17.7066 680
17.7097 680
17.7129 680
17.716 680
17.7192 680
17.7223 680
17.7255 680
17.7286 680
17.7318 680
17.7349 680
17.7381 680
17.7412 680
17.7444 680
17.7475 680
17.7507 680
17.7538 680
17.757 680
17.7602 680
17.7633 680
17.7665 680
17.7696 680
17.7728 680
17.7759 680
17.7791 680
17.7822 680
17.7854 680
17.7885 680
17.7917 680
17.7948 680
17.798 680
17.8011 680
17.8043 680
17.8074 680
17.8106 680
17.8137 680
17.8169 680
17.82 680
17.8232 680
17.8263 680
17.8295 680
17.8326 680
17.8358 680
17.839 680
17.8421 680
17.8453 680
17.8484 680
17.8516 680
17.8547 680
17.8579 680
17.861 680
17.8642 680
17.8673 680
17.8705 680
17.8736 680
17.8768 680
17.8799 680
17.8831 680
17.8862 680
17.8894 680
17.8925 680
17.8957 680
17.8988 680
17.902 680
17.9051 680
17.9083 680
17.9114 680
17.9146 680
17.9178 680
17.9209 680
17.9241 680
17.9272 680
17.9304 680
17.9335 680
17.9367 680
17.9398 680
17.943 680
17.9461 680
17.9493 680
17.9524 680
17.9556 680
17.9587 680
17.9619 680
17.965 680
17.9682 680
17.9713 680
17.9745 680
17.9776 680
17.9808 680
17.9839 680
17.9871 680
17.9902 680
17.9934 680
17.9966 680
17.9997 680
18.0029 680
18.006 680
18.0092 680
18.0123 680
18.0155 680
18.0186 680
18.0218 680
18.0249 680
18.0281 680
18.0312 680
18.0344 680
18.0375 680
18.0407 680
18.0438 680
18.047 680
18.0501 680
18.0533 680
18.0564 680
18.0596 680
18.0627 680
18.0659 680
18.069 680
18.0722 680
18.0754 680
18.0785 680
18.0817 680
18.0848 680
18.088 680
18.0911 680
18.0943 680
18.0974 680
18.1006 680
18.1037 680
18.1069 680
18.11 680
18.1132 680
18.1163 680
18.1195 680
18.1226 680
18.1258 680
18.1289 680
18.1321 680
18.1352 680
18.1384 680
18.1415 680
18.1447 680
18.1478 680
18.151 680
18.1542 680
18.1573 680
18.1605 680
18.1636 680
18.1668 680
18.1699 680
18.1731 680
18.1762 680
18.1794 680
18.1825 680
18.1857 680
18.1888 680
18.192 680
18.1951 680
18.1983 680
18.2014 680
18.2046 680
18.2077 680
18.2109 680
18.214 680
18.2172 680
18.2203 680
18.2235 680
18.2266 680
18.2298 680
18.233 680
18.2361 680
18.2393 680
18.2424 680
18.2456 680
18.2487 680
18.2519 680
18.255 680
18.2582 680
18.2613 680
18.2645 680
18.2676 680
18.2708 680
18.2739 680
18.2771 680
18.2802 680
18.2834 680
18.2865 680
18.2897 680
18.2928 680
18.296 680
18.2991 680
18.3023 680
18.3054 680
18.3086 680
18.3118 680
18.3149 680
18.3181 680
18.3212 680
18.3244 680
18.3275 680
18.3307 680
18.3338 680
18.337 680
18.3401 680
18.3433 680
18.3464 680
18.3496 680
18.3527 680
18.3559 680
18.359 680
18.3622 680
18.3653 680
18.3685 680
18.3716 680
18.3748 680
18.3779 680
18.3811 680
18.3842 680
18.3874 680
18.3906 680
18.3937 680
18.3969 680
18.4 680
18.4032 680
18.4063 680
18.4095 680
18.4126 680
18.4158 680
18.4189 680
18.4221 680
18.4252 680
18.4284 680
18.4315 680
18.4347 680
18.4378 680
18.441 680
18.4441 680
18.4473 680
18.4504 680
18.4536 680
18.4567 680
18.4599 680
18.463 680
18.4662 680
18.4694 680
18.4725 680
18.4757 680
18.4788 680
18.482 680
18.4851 680
18.4883 680
18.4914 680
18.4946 680
18.4977 680
18.5009 680
18.504 680
18.5072 680
18.5103 680
18.5135 680
18.5166 680
18.5198 680
18.5229 680
18.5261 680
18.5292 680
18.5324 680
18.5355 680
18.5387 680
18.5418 680
18.545 680
18.5482 680
18.5513 680
18.5545 680
18.5576 680
18.5608 680
18.5639 680
18.5671 680
18.5702 680
18.5734 680
18.5765 680
18.5797 680
18.5828 680
18.586 680
18.5891 680
18.5923 680
18.5954 680
18.5986 680
18.6017 680
18.6049 680
18.608 680
18.6112 680
18.6143 680
18.6175 680
18.6206 680
18.6238 680
18.627 680
18.6301 680
18.6333 680
18.6364 680
18.6396 680
18.6427 680
18.6459 680
18.649 680
18.6522 680
18.6553 680
18.6585 680
18.6616 680
18.6648 680
18.6679 680
18.6711 680
18.6742 680
18.6774 680
18.6805 680
18.6837 680
18.6868 680
18.69 680
18.6931 680
18.6963 680
18.6994 680
18.7026 680
18.7058 680
18.7089 680
18.7121 680
18.7152 680
18.7184 680
18.7215 680
18.7247 680
18.7278 680
18.731 680
18.7341 680
18.7373 680
18.7404 680
18.7436 680
18.7467 680
18.7499 680
18.753 680
18.7562 680
18.7593 680
18.7625 680
18.7656 680
18.7688 680
18.7719 680
18.7751 680
18.7782 680
18.7814 680
18.7846 680
18.7877 680
18.7909 680
18.794 680
18.7972 680
18.8003 680
18.8035 680
18.8066 680
18.8098 680
18.8129 680
18.8161 680
18.8192 680
18.8224 680
18.8255 680
18.8287 680
18.8318 680
18.835 680
18.8381 680
18.8413 680
18.8444 680
18.8476 680
18.8507 680
18.8539 680
18.857 680
18.8602 680
18.8634 680
18.8665 680
18.8697 680
18.8728 680
18.876 680
18.8791 680
18.8823 680
18.8854 680
18.8886 680
18.8917 680
18.8949 680
18.898 680
18.9012 680
18.9043 680
18.9075 680
18.9106 680
18.9138 680
18.9169 680
18.9201 680
18.9232 680
18.9264 680
18.9295 680
18.9327 680
18.9358 680
18.939 680
18.9422 680
18.9453 680
18.9485 680
18.9516 680
18.9548 680
18.9579 680
18.9611 680
18.9642 680
18.9674 680
18.9705 680
18.9737 680
18.9768 680
18.98 680
18.9831 680
18.9863 680
18.9894 680
18.9926 680
18.9957 680
18.9989 680
19.002 680
19.0052 680
19.0083 680
19.0115 680
19.0146 680
19.0178 680
19.021 680
19.0241 680
19.0273 680
19.0304 680
19.0336 680
19.0367 680
19.0399 680
19.043 680
19.0462 680
19.0493 680
19.0525 680
19.0556 680
19.0588 680
19.0619 680
19.0651 680
19.0682 680
19.0714 680
19.0745 680
19.0777 680
19.0808 680
19.084 680
19.0871 680
19.0903 680
19.0934 680
19.0966 680
19.0998 680
19.1029 680
19.1061 680
19.1092 680
19.1124 680
19.1155 680
19.1187 680
19.1218 680
19.125 680
19.1281 680
19.1313 680
19.1344 680
19.1376 680
19.1407 680
19.1439 680
19.147 680
19.1502 680
19.1533 680
19.1565 680
19.1596 680
19.1628 680
19.1659 680
19.1691 680
19.1722 680
19.1754 680
19.1786 680
19.1817 680
19.1849 680
19.188 680
19.1912 680
19.1943 680
19.1975 680
19.2006 680
19.2038 680
19.2069 680
19.2101 680
19.2132 680
19.2164 680
19.2195 680
19.2227 680
19.2258 680
19.229 680
19.2321 680
19.2353 680
19.2384 680
19.2416 680
19.2447 680
19.2479 680
19.251 680
19.2542 680
19.2574 680
19.2605 680
19.2637 680
19.2668 680
19.27 680
19.2731 680
19.2763 680
19.2794 680
19.2826 680
19.2857 680
19.2889 680
19.292 680
19.2952 680
19.2983 680
19.3015 680
19.3046 680
19.3078 680
19.3109 680
19.3141 680
19.3172 680
19.3204 680
19.3235 680
19.3267 680
19.3298 680
19.333 680
19.3362 680
19.3393 680
19.3425 680
19.3456 680
19.3488 680
19.3519 680
19.3551 680
19.3582 680
19.3614 680
19.3645 680
19.3677 680
19.3708 680
19.374 680
19.3771 680
19.3803 680
19.3834 680
19.3866 680
19.3897 680
19.3929 680
19.396 680
19.3992 680
19.4023 680
19.4055 680
19.4086 680
19.4118 680
19.415 680
19.4181 680
19.4213 680
19.4244 680
19.4276 680
19.4307 680
19.4339 680
19.437 680
19.4402 680
19.4433 680
19.4465 680
19.4496 680
19.4528 680
19.4559 680
19.4591 680
19.4622 680
19.4654 680
19.4685 680
19.4717 680
19.4748 680
19.478 680
19.4811 680
19.4843 680
19.4874 680
19.4906 680
19.4938 680
19.4969 680
19.5001 680
19.5032 680
19.5064 680
19.5095 680
19.5127 680
19.5158 680
19.519 680
19.5221 680
19.5253 680
19.5284 680
19.5316 680
19.5347 680
19.5379 680
19.541 680
19.5442 680
19.5473 680
19.5505 680
19.5536 680
19.5568 680
19.5599 680
19.5631 680
19.5662 680
19.5694 680
19.5726 680
19.5757 680
19.5789 680
19.582 680
19.5852 680
19.5883 680
19.5915 680
19.5946 680
19.5978 680
19.6009 680
19.6041 680
19.6072 680
19.6104 680
19.6135 680
19.6167 680
19.6198 680
19.623 680
19.6261 680
19.6293 680
19.6324 680
19.6356 680
19.6387 680
19.6419 680
19.645 680
19.6482 680
19.6514 680
19.6545 680
19.6577 680
19.6608 680
19.664 680
19.6671 680
19.6703 680
19.6734 680
19.6766 680
19.6797 680
19.6829 680
19.686 680
19.6892 680
19.6923 680
19.6955 680
19.6986 680
19.7018 680
19.7049 680
19.7081 680
19.7112 680
19.7144 680
19.7175 680
19.7207 680
19.7238 680
19.727 680
19.7302 680
19.7333 680
19.7365 680
19.7396 680
19.7428 680
19.7459 680
19.7491 680
19.7522 680
19.7554 680
19.7585 680
19.7617 680
19.7648 680
19.768 680
19.7711 680
19.7743 680
19.7774 680
19.7806 680
19.7837 680
19.7869 680
19.79 680
19.7932 680
19.7963 680
19.7995 680
19.8026 680
19.8058 680
19.809 680
19.8121 680
19.8153 680
19.8184 680
19.8216 680
19.8247 680
19.8279 680
19.831 680
19.8342 680
19.8373 680
19.8405 680
19.8436 680
19.8468 680
19.8499 680
19.8531 680
19.8562 680
19.8594 680
19.8625 680
19.8657 680
19.8688 680
19.872 680
19.8751 680
19.8783 680
19.8814 680
19.8846 680
19.8878 680
19.8909 680
19.8941 680
19.8972 680
19.9004 680
19.9035 680
19.9067 680
19.9098 680
19.913 680
19.9161 680
19.9193 680
19.9224 680
19.9256 680
19.9287 680
19.9319 680
19.935 680
19.9382 680
19.9413 680
19.9445 680
19.9476 680
19.9508 680
19.9539 680
19.9571 680
19.9602 680
19.9634 680
19.9666 680
19.9697 680
19.9729 680
19.976 680
19.9792 680
19.9823 680
19.9855 680
19.9886 680
19.9918 680
19.9949 680
19.9981 680
20.0012 680
20.0044 680
20.0075 680
20.0107 680
20.0138 680
20.017 680
20.0201 680
20.0233 680
20.0264 680
20.0296 680
20.0327 680
20.0359 680
20.039 680
20.0422 680
20.0454 680
20.0485 680
20.0517 680
20.0548 680
20.058 680
20.0611 680
20.0643 680
20.0674 680
20.0706 680
20.0737 680
20.0769 680
20.08 680
20.0832 680
20.0863 680
20.0895 680
20.0926 680
20.0958 680
20.0989 680
