0.0 0
0.0905768 340
0.0905768 340
0.18279 680
0.276537 1020
0.370283 1360
0.462454 1700
0.465606 2040
0.5562 2380
0.559352 2720
0.562504 3060
0.649946 3400
0.653098 3740
0.65625 4080
0.659402 4420
0.742117 4760
0.745269 5100
0.748421 5440
0.751573 5780
0.754725 6120
0.757877 6460
0.834287 6800
0.837439 7140
0.840591 7480
0.843743 7820
0.846895 8160
0.850047 8500
0.853199 8840
0.856351 9180
0.859503 9520
0.926458 9860
0.92961 10200
0.932762 10540
0.935914 10880
0.939066 11220
0.942218 11560
0.94537 11900
0.948522 12240
0.951674 12580
0.954826 12920
0.957978 13260
0.96113 13600
0.964282 13940
0.967434 14280
1.0202 14620
1.02336 14960
1.02651 15300
1.02966 15640
1.03281 15980
1.03596 16320
1.03912 16660
1.04227 17000
1.04542 17340
1.04857 17680
1.05172 18020
1.05488 18360
1.05803 18700
1.06118 19040
1.06433 19380
1.06748 19720
1.07064 20060
1.07379 20400
1.07694 20740
1.08009 21080
1.08324 21420
1.11395 21760
1.1171 22100
1.12025 22440
1.12341 22780
1.12656 23120
1.12971 23460
1.13286 23800
1.13601 24140
1.13917 24480
1.14232 24820
1.14547 25160
1.14862 25500
1.15177 25840
1.15493 26180
1.15808 26520
1.16123 26860
1.16438 27200
1.16753 27540
1.17069 27880
1.17384 28220
1.17699 28560
1.18014 28900
1.18329 29240
1.18645 29580
1.1896 29920
1.19275 30260
1.1959 30600
1.19905 30940
1.20221 31280
1.20536 31620
1.20851 31960
1.21166 32300
1.21481 32640
1.21797 32980
1.22112 33320
1.22427 33660
1.22742 34000
1.23057 34340
1.23373 34680
1.23688 35020
1.24003 35360
1.24318 35700
1.24633 36040
1.24949 36380
1.25264 36720
1.25579 37060
1.25894 37400
1.26209 37740
1.26525 38080
1.2684 38420
1.27155 38760
1.2747 39100
1.27785 39440
1.28101 39780
1.28416 40120
1.28731 40460
1.29046 40800
1.29361 41140
1.29677 41480
1.29992 41820
1.30307 42160
1.30622 42500
1.30937 42840
1.31253 43180
1.31568 43520
1.31883 43860
1.32198 44200
1.32513 44540
1.32829 44880
1.33144 45220
1.33459 45560
1.33774 45900
1.34089 46240
1.34405 46580
1.3472 46920
1.35035 47260
1.3535 47600
1.35665 47940
1.35981 48280
1.36296 48620
1.36611 48960
1.36926 49300
1.37241 49640
1.37557 49980
1.37872 50320
1.38187 50660
1.38502 51000
1.38817 51340
1.39133 51680
1.39448 52020
1.39763 52360
1.40078 52700
1.40393 53040
1.40709 53380
1.41024 53720
1.41339 54060
1.41654 54400
1.41969 54740
1.42285 55080
1.426 55420
1.42915 55760
1.4323 56100
1.43545 56440
1.43861 56780
1.44176 57120
1.44491 57460
1.44806 57800
1.45121 58140
1.45437 58480
1.45752 58820
1.46067 59160
1.46382 59500
1.46697 59840
1.47013 60180
1.47328 60520
1.47643 60860
1.47958 61200
1.48273 61540
1.48589 61880
1.48904 62220
1.49219 62560
1.49534 62900
1.49849 63240
1.50165 63580
1.5048 63920
1.50795 64260
1.5111 64600
1.51425 64940
1.51741 65280
1.52056 65620
1.52371 65960
1.52686 66300
1.53001 66640
1.53317 66980
1.53632 67320
1.53947 67660
1.54262 68000
1.54577 68340
1.54893 68680
1.55208 69020
1.55523 69360
1.55838 69700
1.56153 70040
1.56469 70380
1.56784 70720
1.57099 71060
1.57414 71400
1.57729 71740
1.58045 72080
1.5836 72420
1.58675 72760
1.5899 73100
1.59305 73440
1.59621 73780
1.59936 74120
1.60251 74460
1.60566 74800
1.60881 75140
1.61197 75480
1.61512 75820
1.61827 76160
1.62142 76500
1.62457 76840
1.62773 77180
1.63088 77520
1.63403 77860
1.63718 78200
1.64033 78540
1.64349 78880
1.64664 79220
1.64979 79560
1.65294 79900
1.65609 80240
1.65925 80580
1.6624 80920
1.66555 81260
1.6687 81600
1.67185 81940
1.67501 82280
1.67816 82620
1.68131 82960
1.68446 83300
1.68761 83640
1.69077 83980
1.69392 84320
1.69707 84660
1.70022 85000
1.70337 85340
1.70653 85680
1.70968 86020
1.71283 86360
1.71598 86700
1.71913 87040
1.72229 87380
1.72544 87720
1.72859 88060
1.73174 88400
1.73489 88740
1.73805 89080
1.7412 89420
1.74435 89760
1.7475 90100
1.75065 90440
1.75381 90780
1.75696 91120
1.76011 91460
1.76326 91800
1.76641 92140
1.76957 92480
1.77272 92820
1.77587 93160
1.77902 93500
1.78217 93840
1.78533 94180
1.78848 94520
1.79163 94860
1.79478 95200
1.79793 95540
1.80109 95880
1.80424 96220
1.80739 96560
1.81054 96900
1.81369 97240
1.81685 97580
1.82 97920
1.82315 98260
1.8263 98600
1.82945 98940
1.83261 99280
1.83576 99620
1.83891 99960
1.84206 100300
1.84521 100640
1.84837 100980
1.85152 101320
1.85467 101660
1.85782 102000
1.86097 102340
1.86413 102680
1.86728 103020
1.87043 103360
1.87358 103700
1.87673 104040
1.87989 104380
1.88304 104720
1.88619 105060
1.88934 105400
1.89249 105740
1.89565 106080
1.8988 106420
1.90195 106760
1.9051 107100
1.90825 107440
1.91141 107780
1.91456 108120
1.91771 108460
1.92086 108800
1.92401 109140
1.92717 109480
1.93197 109480
1.93197 8799
2.83855 8812
2.84486 8825
2.85116 8838
2.85747 8851
2.86377 8864
2.87007 8877
2.87638 8890
2.9009 8903
2.9072 8915
2.9135 8927
2.91981 8939
2.92454 8951
2.93072 8963
2.93703 8975
2.94333 8987
2.94964 8999
2.95279 9011
2.95752 9023
2.96382 9035
2.97012 9047
2.99464 9059
3.00095 9071
3.00725 9083
3.01355 9095
3.01828 9107
3.02447 9119
3.03078 9131
3.03708 9143
3.04338 9155
3.04654 9167
3.05126 9179
3.05757 9191
3.06387 9203
3.08839 9215
3.09469 9227
3.101 9239
3.1073 9251
3.11203 9263
3.11822 9275
3.12452 9287
3.13083 9299
3.13713 9311
3.14028 9323
3.14501 9335
3.15131 9347
3.15604 9359
3.18056 9371
3.18686 9383
3.19317 9395
3.19947 9407
3.2042 9419
3.21039 9431
3.21669 9443
3.223 9455
3.2293 9467
3.23245 9479
3.23718 9491
3.24348 9503
3.24821 9515
3.27273 9527
3.27903 9539
3.28534 9551
3.29164 9563
3.29637 9575
3.30256 9587
3.30886 9599
3.31517 9611
3.32147 9623
3.32462 9635
3.32935 9646
3.33565 9657
3.34038 9668
3.3649 9679
3.36805 9690
3.37278 9701
3.37908 9712
3.38539 9723
3.39012 9734
3.3963 9745
3.40261 9756
3.40891 9767
3.41522 9778
3.41837 9789
3.4231 9800
3.4294 9811
3.43413 9822
3.45865 9833
3.4618 9844
3.46653 9855
3.47283 9866
3.47913 9877
3.48386 9888
3.49005 9899
3.49636 9910
3.50266 9921
3.50896 9932
3.51212 9943
3.51684 9954
3.52315 9965
3.52788 9976
3.55239 9987
3.55554 9998
3.56027 10009
3.56658 10020
3.5713 10031
3.57603 10042
3.58222 10053
3.58853 10064
3.59483 10075
3.60113 10086
3.60429 10097
3.60901 10108
3.61532 10119
3.62005 10130
3.64456 10141
3.64772 10152
3.65244 10163
3.65875 10174
3.66348 10185
3.6682 10196
3.67439 10207
3.6807 10218
3.687 10229
3.6933 10240
3.69646 10251
3.70118 10262
3.70749 10273
3.71222 10284
3.73673 10295
3.73989 10306
3.74461 10317
3.75092 10328
3.75565 10339
3.76037 10350
3.76656 10361
3.76971 10372
3.77444 10383
3.78075 10394
3.78705 10405
3.7902 10416
3.79493 10427
3.80123 10438
3.80596 10449
3.83048 10460
3.83363 10471
3.83836 10482
3.84466 10493
3.84939 10504
3.85412 10515
3.86031 10525
3.86346 10535
3.86819 10545
3.87449 10555
3.8808 10565
3.88395 10575
3.88868 10585
3.89498 10595
3.89971 10605
3.92423 10615
3.92738 10625
3.93211 10635
3.93841 10645
3.94314 10655
3.94787 10665
3.95406 10675
3.95721 10685
3.96194 10695
3.96666 10705
3.97297 10715
3.97612 10725
3.98085 10735
3.98715 10745
3.99188 10755
4.0164 10765
4.01955 10775
4.02428 10785
4.03058 10795
4.03531 10805
4.04004 10815
4.04623 10825
4.04938 10835
4.05411 10845
4.05883 10855
4.06514 10865
4.06829 10875
4.07302 10885
4.07932 10895
4.08405 10905
4.10857 10915
4.11172 10925
4.11645 10935
4.12275 10945
4.12748 10955
4.13221 10965
4.1384 10975
4.14155 10985
4.14628 10995
4.151 11005
4.15731 11015
4.16046 11025
4.16519 11035
4.16834 11045
4.17307 11055
4.1778 11065
4.20231 11075
4.20547 11085
4.21019 11095
4.2165 11105
4.22123 11115
4.22595 11125
4.23214 11135
4.23529 11145
4.24002 11155
4.24475 11165
4.25105 11175
4.25421 11185
4.25893 11195
4.26209 11205
4.26681 11215
4.27154 11225
4.29606 11235
4.29921 11245
4.30394 11255
4.31024 11265
4.31497 11275
4.3197 11285
4.32589 11295
4.32904 11305
4.33377 11315
4.3385 11325
4.3448 11335
4.34795 11345
4.35268 11355
4.35583 11365
4.36056 11375
4.36529 11385
4.38823 11395
4.39138 11405
4.39611 11415
4.40241 11425
4.40714 11435
4.41187 11445
4.41806 11455
4.42121 11465
4.42594 11475
4.43067 11485
4.43697 11495
4.44012 11505
4.44485 11515
4.448 11525
4.45273 11535
4.45746 11545
4.4804 11555
4.48355 11565
4.48828 11574
4.49458 11583
4.49931 11592
4.50404 11601
4.51023 11610
4.51338 11619
4.51811 11628
4.52284 11637
4.52914 11646
4.53229 11655
4.53702 11664
4.54017 11673
4.5449 11682
4.54963 11691
4.57257 11700
4.57572 11709
4.57888 11718
4.58203 11727
4.58833 11736
4.59306 11745
4.59779 11754
4.60398 11763
4.60713 11772
4.61186 11781
4.61658 11790
4.62289 11799
4.62604 11808
4.63077 11817
4.63392 11826
4.63865 11835
4.64338 11844
4.66632 11853
4.66947 11862
4.67262 11871
4.67577 11880
4.68208 11889
4.68681 11898
4.69153 11907
4.69772 11916
4.70087 11925
4.7056 11934
4.71033 11943
4.71663 11952
4.71979 11961
4.72451 11970
4.72767 11979
4.73239 11988
4.73712 11997
4.76006 12006
4.76322 12015
4.76637 12024
4.76952 12033
4.77582 12042
4.78055 12051
4.78528 12060
4.78989 12069
4.79304 12078
4.79777 12087
4.8025 12096
4.8088 12105
4.81196 12114
4.81668 12123
4.81984 12132
4.82456 12141
4.82929 12150
4.85223 12159
4.85539 12168
4.85854 12177
4.86169 12186
4.86799 12195
4.87272 12204
4.87745 12213
4.88206 12222
4.88522 12231
4.88994 12240
4.89467 12249
4.90098 12258
4.90413 12267
4.90886 12276
4.91201 12285
4.91674 12294
4.92146 12303
4.9444 12312
4.94756 12321
4.95071 12330
4.95386 12339
4.96016 12348
4.96489 12357
4.96962 12366
4.97423 12375
4.97739 12384
4.98211 12393
4.98527 12402
4.98842 12411
4.99472 12420
4.99787 12429
5.0026 12438
5.00575 12447
5.01048 12456
5.01521 12465
5.03815 12474
5.0413 12483
5.04446 12492
5.04761 12501
5.05391 12510
5.05864 12519
5.06337 12528
5.06798 12537
5.07113 12546
5.07586 12555
5.07901 12564
5.08216 12573
5.08847 12582
5.09162 12591
5.09635 12600
5.0995 12609
5.10423 12618
5.10896 12627
5.1319 12636
5.13505 12645
5.1382 12654
5.14135 12663
5.14766 12672
5.15239 12681
5.15711 12690
5.16173 12699
5.16488 12708
5.16961 12717
5.17276 12726
5.17591 12735
5.18221 12744
5.18537 12753
5.18852 12762
5.19167 12771
5.1964 12780
5.20113 12789
5.22407 12798
5.22722 12807
5.23037 12816
5.23352 12825
5.23983 12834
5.24456 12843
5.24928 12852
5.2539 12860
5.25705 12868
5.26178 12876
5.26493 12884
5.26808 12892
5.27438 12900
5.27754 12908
5.28069 12916
5.28384 12924
5.28857 12932
5.2933 12940
5.31624 12948
5.31939 12956
5.32254 12964
5.32569 12972
5.332 12980
5.33673 12988
5.34145 12996
5.34607 13004
5.34922 13012
5.35395 13020
5.3571 13028
5.36025 13036
5.36656 13044
5.36971 13052
5.37286 13060
5.37601 13068
5.37916 13076
5.38232 13084
5.38704 13092
5.40998 13100
5.41314 13108
5.41629 13116
5.41944 13124
5.42574 13132
5.43047 13140
5.4352 13148
5.43981 13156
5.44297 13164
5.44769 13172
5.45085 13180
5.454 13188
5.4603 13196
5.46345 13204
5.46661 13212
5.46976 13220
5.47291 13228
5.47606 13236
5.48079 13244
5.50373 13252
5.50688 13260
5.51004 13268
5.51319 13276
5.51949 13284
5.52422 13292
5.52895 13300
5.53356 13308
5.53671 13316
5.54144 13324
5.54459 13332
5.54774 13340
5.55405 13348
5.5572 13356
5.56035 13364
5.5635 13372
5.56666 13380
5.56981 13388
5.57454 13396
5.59748 13404
5.60063 13412
5.60378 13420
5.60693 13428
5.61166 13436
5.61639 13444
5.62112 13452
5.62573 13460
5.62888 13468
5.63361 13476
5.63676 13484
5.63991 13492
5.64622 13500
5.64937 13508
5.65252 13516
5.65567 13524
5.65883 13532
5.66198 13540
5.66671 13548
5.68965 13556
5.6928 13564
5.69595 13572
5.6991 13580
5.70383 13588
5.70856 13596
5.71329 13604
5.7179 13612
5.72105 13620
5.72578 13628
5.72893 13636
5.73208 13644
5.73839 13652
5.74154 13660
5.74469 13668
5.74784 13676
5.751 13684
5.75415 13692
5.75888 13700
5.78182 13708
5.78497 13716
5.78812 13724
5.79127 13732
5.796 13740
5.80073 13748
5.80546 13756
5.80861 13764
5.81176 13772
5.81491 13780
5.81953 13788
5.82268 13796
5.82583 13804
5.83214 13812
5.83529 13820
5.83844 13828
5.84159 13836
5.84474 13844
5.8479 13852
5.85262 13860
5.87556 13868
5.87872 13876
5.88187 13884
5.88502 13892
5.88975 13900
5.89448 13908
5.8992 13916
5.90236 13924
5.90551 13932
5.90866 13940
5.91327 13948
5.91643 13956
5.91958 13964
5.92588 13972
5.92903 13980
5.93219 13988
5.93534 13996
5.93849 14004
5.94164 14012
5.94637 14020
5.96931 14028
5.97246 14036
5.97562 14044
5.97877 14052
5.9835 14060
5.98822 14068
5.99295 14076
5.9961 14084
5.99926 14092
6.00241 14100
6.00556 14108
6.00871 14116
6.01186 14124
6.01805 14132
6.0212 14140
6.02436 14148
6.02751 14156
6.03066 14164
6.03381 14172
6.03854 14180
6.06148 14188
6.06463 14196
6.06779 14204
6.07094 14212
6.07567 14220
6.08039 14228
6.08512 14236
6.08827 14244
6.09143 14252
6.09458 14260
6.09773 14268
6.10088 14276
6.10403 14284
6.11022 14292
6.11337 14300
6.11653 14308
6.11968 14316
6.12283 14324
6.12598 14332
6.13071 14340
6.15365 14348
6.1568 14356
6.15996 14364
6.16311 14372
6.16784 14380
6.17256 14388
6.17729 14396
6.18044 14404
6.1836 14412
6.18675 14420
6.1899 14428
6.19305 14436
6.1962 14444
6.19936 14452
6.20397 14459
6.20712 14466
6.21027 14473
6.21342 14480
6.21658 14487
6.21973 14494
6.22446 14501
6.2474 14508
6.25055 14515
6.2537 14522
6.25685 14529
6.26158 14536
6.26631 14543
6.27104 14550
6.27419 14557
6.27734 14564
6.28049 14571
6.28365 14578
6.2868 14585
6.28995 14592
6.2931 14599
6.29772 14606
6.30087 14613
6.30402 14620
6.30717 14627
6.31032 14634
6.31348 14641
6.3182 14648
6.34114 14655
6.3443 14662
6.34745 14669
6.3506 14676
6.35533 14683
6.36006 14690
6.36478 14697
6.36794 14704
6.37109 14711
6.37424 14718
6.37739 14725
6.38054 14732
6.3837 14739
6.38685 14746
6.39146 14753
6.39461 14760
6.39777 14767
6.40092 14774
6.40407 14781
6.40722 14788
6.41037 14795
6.43332 14802
6.43647 14809
6.43962 14816
6.44277 14823
6.4475 14830
6.45223 14837
6.45696 14844
6.46011 14851
6.46326 14858
6.46641 14865
6.46956 14872
6.47272 14879
6.47587 14886
6.47902 14893
6.48363 14900
6.48678 14907
6.48994 14914
6.49309 14921
6.49624 14928
6.49939 14935
6.50254 14942
6.52549 14949
6.52864 14956
6.53179 14963
6.53494 14970
6.53967 14977
6.5444 14984
6.54913 14991
6.55228 14998
6.55543 15005
6.55858 15012
6.56173 15019
6.56489 15026
6.56804 15033
6.57119 15040
6.5758 15047
6.57895 15054
6.58211 15061
6.58526 15068
6.58841 15075
6.59156 15082
6.59471 15089
6.61766 15096
6.62081 15103
6.62396 15110
6.62711 15117
6.63026 15124
6.63342 15131
6.63814 15138
6.64287 15145
6.64602 15152
6.64918 15159
6.65233 15166
6.65548 15173
6.65863 15180
6.66178 15187
6.66494 15194
6.66955 15201
6.6727 15208
6.67585 15215
6.679 15222
6.68216 15229
6.68531 15236
6.68846 15243
6.7114 15250
6.71455 15257
6.71771 15264
6.72086 15271
6.72401 15278
6.72716 15285
6.73189 15292
6.73662 15299
6.73977 15306
6.74292 15313
6.74607 15320
6.74923 15327
6.75238 15334
6.75553 15341
6.75868 15348
6.7633 15355
6.76645 15362
6.7696 15369
6.77275 15376
6.7759 15383
6.77906 15390
6.78221 15397
6.80515 15404
6.8083 15411
6.81145 15418
6.8146 15425
6.81776 15432
6.82091 15439
6.82564 15446
6.83036 15453
6.83352 15460
6.83667 15467
6.83982 15474
6.84297 15481
6.84612 15488
6.84928 15495
6.85243 15502
6.85558 15509
6.85873 15516
6.86188 15523
6.86504 15530
6.86819 15537
6.87134 15544
6.87449 15551
6.89732 15558
6.90047 15565
6.90362 15572
6.90678 15579
6.90993 15586
6.91308 15593
6.91781 15600
6.92254 15607
6.92569 15614
6.92884 15621
6.93199 15628
6.93514 15635
6.9383 15642
6.94145 15649
6.9446 15656
6.94775 15663
6.9509 15670
6.95406 15677
6.95721 15684
6.96036 15691
6.96351 15698
6.96666 15705
6.98949 15712
6.99264 15719
6.99579 15726
6.99895 15733
7.0021 15740
7.00525 15747
7.00998 15754
7.01471 15761
7.01786 15768
7.02101 15775
7.02416 15782
7.02731 15789
7.03047 15796
7.03362 15803
7.03677 15810
7.03992 15817
7.04307 15824
7.04623 15831
7.04938 15838
7.05253 15845
7.05568 15852
7.05883 15859
7.06199 15866
7.08324 15873
7.08639 15880
7.08954 15887
7.09269 15894
7.09584 15901
7.099 15908
7.10372 15915
7.10845 15922
7.1116 15929
7.11476 15936
7.11791 15943
7.12106 15950
7.12421 15957
7.12736 15964
7.13052 15971
7.13367 15978
7.13682 15985
7.13997 15992
7.14312 15999
7.14628 16006
7.14943 16013
7.15258 16020
7.15573 16027
7.17698 16034
7.18013 16041
7.18329 16048
7.18644 16055
7.18959 16062
7.19274 16069
7.19747 16076
7.2022 16083
7.20535 16090
7.2085 16097
7.21165 16104
7.21481 16111
7.21796 16118
7.22111 16125
7.22426 16132
7.22741 16139
7.23057 16146
7.23372 16153
7.23687 16160
7.24002 16167
7.24317 16174
7.24633 16181
7.24948 16188
7.26915 16195
7.2723 16202
7.27546 16209
7.27861 16216
7.28176 16223
7.28491 16230
7.28964 16237
7.29437 16244
7.29752 16251
7.30067 16258
7.30382 16265
7.30698 16272
7.31013 16279
7.31328 16286
7.31643 16293
7.31958 16300
7.32274 16307
7.32589 16314
7.32904 16321
7.33219 16328
7.33534 16335
7.3385 16342
7.34165 16349
7.36132 16356
7.36448 16363
7.36763 16370
7.37078 16377
7.37393 16384
7.37708 16391
7.38181 16398
7.38654 16405
7.38969 16412
7.39284 16419
7.396 16426
7.39915 16433
7.4023 16440
7.40545 16447
7.4086 16454
7.41176 16461
7.41491 16468
7.41806 16475
7.42121 16482
7.42436 16489
7.42752 16496
7.43067 16503
7.43382 16510
7.43697 16517
7.45507 16523
7.45822 16529
7.46137 16535
7.46453 16541
7.46768 16547
7.47083 16553
7.47556 16559
7.48029 16565
7.48344 16571
7.48659 16577
7.48974 16583
7.49289 16589
7.49605 16595
7.4992 16601
7.50235 16607
7.5055 16613
7.50865 16619
7.51181 16625
7.51496 16631
7.51811 16637
7.52126 16643
7.52441 16649
7.52757 16655
7.53072 16661
7.54882 16667
7.55197 16673
7.55512 16679
7.55827 16685
7.56142 16691
7.56458 16697
7.5693 16703
7.57403 16709
7.57718 16715
7.58034 16721
7.58349 16727
7.58664 16733
7.58979 16739
7.59294 16745
7.5961 16751
7.59925 16757
7.6024 16763
7.60555 16769
7.6087 16775
7.61186 16781
7.61501 16787
7.61816 16793
7.62131 16799
7.62446 16805
7.64099 16811
7.64414 16817
7.64729 16823
7.65044 16829
7.65359 16835
7.65675 16841
7.66147 16847
7.6662 16853
7.66935 16859
7.67251 16865
7.67566 16871
7.67881 16877
7.68196 16883
7.68511 16889
7.68827 16895
7.69142 16901
7.69457 16907
7.69772 16913
7.70087 16919
7.70403 16925
7.70718 16931
7.71033 16937
7.71348 16943
7.71663 16949
7.73316 16955
7.73631 16961
7.73946 16967
7.74261 16973
7.74576 16979
7.74892 16985
7.75364 16991
7.75837 16997
7.76152 17003
7.76468 17009
7.76783 17015
7.77098 17021
7.77413 17027
7.77728 17033
7.78044 17039
7.78359 17045
7.78674 17051
7.78989 17057
7.79304 17063
7.7962 17069
7.79935 17075
7.8025 17081
7.80565 17087
7.8088 17093
7.82533 17099
7.82848 17105
7.83163 17111
7.83478 17117
7.83794 17123
7.84109 17129
7.84582 17135
7.85054 17141
7.8537 17147
7.85685 17153
7.86 17159
7.86315 17165
7.8663 17171
7.86946 17177
7.87261 17183
7.87576 17189
7.87891 17195
7.88206 17201
7.88522 17207
7.88837 17213
7.89152 17219
7.89467 17225
7.89782 17231
7.90098 17237
7.90413 17243
7.91907 17249
7.92223 17255
7.92538 17261
7.92853 17267
7.93168 17273
7.93483 17279
7.93956 17285
7.94429 17291
7.94744 17297
7.95059 17303
7.95375 17309
7.9569 17315
7.96005 17321
7.9632 17327
7.96635 17333
7.96951 17339
7.97266 17345
7.97581 17351
7.97896 17357
7.98211 17363
7.98527 17369
7.98842 17375
7.99157 17381
7.99472 17387
7.99787 17393
8.01282 17399
8.01597 17405
8.01912 17411
8.02228 17417
8.02543 17423
8.02858 17429
8.03331 17435
8.03804 17441
8.04119 17447
8.04434 17453
8.04749 17459
8.05064 17465
8.0538 17471
8.05695 17477
8.0601 17483
8.06325 17489
8.0664 17495
8.06956 17501
8.07271 17507
8.07586 17513
8.07901 17519
8.08216 17525
8.08532 17531
8.08847 17537
8.09162 17543
8.10499 17549
8.10814 17555
8.11129 17561
8.11445 17567
8.1176 17573
8.12075 17579
8.12548 17585
8.13021 17591
8.13336 17597
8.13651 17603
8.13966 17609
8.14281 17615
8.14597 17621
8.14912 17627
8.15227 17633
8.15542 17639
8.15857 17645
8.16173 17651
8.16488 17657
8.16803 17663
8.17118 17669
8.17433 17675
8.17749 17681
8.18064 17687
8.18379 17693
8.19716 17699
8.20031 17705
8.20346 17711
8.20662 17717
8.20977 17723
8.21292 17729
8.21765 17735
8.22238 17741
8.22553 17747
8.22868 17753
8.23183 17759
8.23498 17765
8.23814 17771
8.24129 17777
8.24444 17783
8.24759 17789
8.25074 17795
8.2539 17801
8.25705 17807
8.2602 17813
8.26335 17819
8.2665 17825
8.26966 17831
8.27281 17837
8.27596 17843
8.27911 17849
8.29091 17855
8.29406 17861
8.29721 17867
8.30036 17873
8.30352 17879
8.30667 17885
8.3114 17891
8.31612 17897
8.31928 17903
8.32243 17909
8.32558 17915
8.32873 17921
8.33188 17927
8.33504 17933
8.33819 17939
8.34134 17945
8.34449 17951
8.34764 17957
8.3508 17963
8.35395 17969
8.3571 17975
8.36025 17981
8.3634 17987
8.36656 17993
8.36971 17999
8.37286 18005
8.38465 18011
8.38781 18017
8.39096 18023
8.39411 18029
8.39726 18035
8.40041 18041
8.40514 18047
8.40987 18053
8.41302 18059
8.41617 18065
8.41933 18071
8.42248 18077
8.42563 18083
8.42878 18089
8.43193 18095
8.43509 18101
8.43824 18107
8.44139 18113
8.44454 18119
8.44769 18125
8.45085 18131
8.454 18137
8.45715 18143
8.4603 18149
8.46345 18155
8.46661 18161
8.4784 18167
8.48155 18173
8.4847 18179
8.48786 18185
8.49101 18191
8.49416 18197
8.49731 18203
8.50204 18209
8.50519 18215
8.50834 18221
8.5115 18227
8.51465 18233
8.5178 18239
8.52095 18245
8.5241 18251
8.52726 18257
8.53041 18263
8.53356 18269
8.53671 18275
8.53986 18281
8.54302 18287
8.54617 18293
8.54932 18299
8.55247 18305
8.55562 18311
8.55878 18317
8.57057 18323
8.57372 18329
8.57687 18335
8.58003 18341
8.58318 18347
8.58633 18353
8.58948 18359
8.59421 18365
8.59736 18371
8.60051 18377
8.60367 18383
8.60682 18389
8.60997 18395
8.61312 18401
8.61627 18407
8.61943 18413
8.62258 18419
8.62573 18425
8.62888 18431
8.63203 18437
8.63519 18443
8.63834 18449
8.64149 18455
8.64464 18461
8.64779 18467
8.65095 18473
8.66274 18479
8.66589 18485
8.66904 18491
8.6722 18497
8.67535 18503
8.6785 18509
8.68165 18515
8.68638 18521
8.68953 18527
8.69268 18533
8.69584 18539
8.69899 18545
8.70214 18551
8.70529 18557
8.70844 18563
8.7116 18569
8.71475 18575
8.7179 18581
8.72105 18587
8.7242 18593
8.72736 18599
8.73051 18605
8.73366 18611
8.73681 18617
8.73996 18623
8.74312 18629
8.74627 18635
8.75649 18641
8.75964 18647
8.76279 18653
8.76594 18659
8.7691 18665
8.77225 18671
8.7754 18677
8.78013 18683
8.78328 18689
8.78643 18695
8.78958 18701
8.79274 18707
8.79589 18713
8.79904 18719
8.80219 18725
8.80534 18731
8.8085 18737
8.81165 18743
8.8148 18749
8.81795 18755
8.8211 18761
8.82426 18767
8.82741 18773
8.83056 18779
8.83371 18785
8.83686 18791
8.84002 18797
8.85023 18803
8.85339 18809
8.85654 18815
8.85969 18821
8.86284 18827
8.86599 18833
8.86915 18839
8.87387 18845
8.87703 18851
8.88018 18857
8.88333 18863
8.88648 18869
8.88963 18875
8.89279 18881
8.89594 18887
8.89909 18893
8.90224 18899
8.90539 18905
8.90855 18911
8.9117 18917
8.91485 18923
8.918 18929
8.92115 18935
8.92431 18941
8.92746 18947
8.93061 18953
8.93376 18959
8.9424 18965
8.94556 18971
8.94871 18977
8.95186 18983
8.95501 18989
8.95816 18995
8.96132 19001
8.96604 19007
8.9692 19013
8.97235 19019
8.9755 19025
8.97865 19031
8.9818 19037
8.98496 19043
8.98811 19049
8.99126 19055
8.99441 19061
8.99756 19067
9.00072 19073
9.00387 19079
9.00702 19085
9.01017 19091
9.01332 19097
9.01648 19103
9.01963 19109
9.02278 19115
9.02593 19121
9.03457 19127
9.03773 19133
9.04088 19139
9.04403 19145
9.04718 19151
9.05033 19157
9.05349 19163
9.05821 19169
9.06137 19175
9.06452 19181
9.06767 19187
9.07082 19193
9.07397 19199
9.07713 19205
9.08028 19211
9.08343 19217
9.08658 19223
9.08973 19229
9.09289 19235
9.09604 19241
9.09919 19247
9.10234 19253
9.10549 19259
9.10865 19265
9.1118 19271
9.11495 19276
9.1181 19281
9.12125 19286
9.12832 19291
9.13147 19296
9.13462 19301
9.13778 19306
9.14093 19311
9.14408 19316
9.14723 19321
9.15196 19326
9.15511 19331
9.15826 19336
9.16142 19341
9.16457 19346
9.16772 19351
9.17087 19356
9.17402 19361
9.17718 19366
9.18033 19371
9.18348 19376
9.18663 19381
9.18978 19386
9.19294 19391
9.19609 19396
9.19924 19401
9.20239 19406
9.20554 19411
9.2087 19416
9.21185 19421
9.215 19426
9.22207 19431
9.22522 19436
9.22837 19441
9.23152 19446
9.23468 19451
9.23783 19456
9.24098 19461
9.24571 19466
9.24886 19471
9.25201 19476
9.25516 19481
9.25832 19486
9.26147 19491
9.26462 19496
9.26777 19501
9.27092 19506
9.27408 19511
9.27723 19516
9.28038 19521
9.28353 19526
9.28668 19531
9.28984 19536
9.29299 19541
9.29614 19546
9.29929 19551
9.30244 19556
9.3056 19561
9.30875 19566
9.31424 19571
9.31739 19576
9.32054 19581
9.32369 19586
9.32685 19591
9.33 19596
9.33315 19601
9.33788 19606
9.34103 19611
9.34418 19616
9.34733 19621
9.35049 19626
9.35364 19631
9.35679 19636
9.35994 19641
9.36309 19646
9.36625 19651
9.3694 19656
9.37255 19661
9.3757 19666
9.37885 19671
9.38201 19676
9.38516 19681
9.38831 19686
9.39146 19691
9.39461 19696
9.39777 19701
9.40092 19706
9.40641 19711
9.40956 19716
9.41271 19721
9.41586 19726
9.41902 19731
9.42217 19736
9.42532 19741
9.43005 19746
9.4332 19751
9.43635 19756
9.4395 19761
9.44266 19766
9.44581 19771
9.44896 19776
9.45211 19781
9.45526 19786
9.45842 19791
9.46157 19796
9.46472 19801
9.46787 19806
9.47102 19811
9.47418 19816
9.47733 19821
9.48048 19826
9.48363 19831
9.48678 19836
9.48994 19841
9.49309 19846
9.49858 19851
9.50173 19856
9.50488 19861
9.50803 19866
9.51119 19871
9.51434 19876
9.51749 19881
9.52064 19886
9.52379 19891
9.52695 19896
9.5301 19901
9.53325 19906
9.5364 19911
9.53955 19916
9.54271 19921
9.54586 19926
9.54901 19931
9.55216 19936
9.55531 19941
9.55847 19946
9.56162 19951
9.56477 19956
9.56792 19961
9.57107 19966
9.57423 19971
9.57738 19976
9.58053 19981
9.58368 19986
9.58683 19991
9.59232 19996
9.59548 20001
9.59863 20006
9.60178 20011
9.60493 20016
9.60808 20021
9.61124 20026
9.61439 20031
9.61754 20036
9.62069 20041
9.62384 20046
9.627 20051
9.63015 20056
9.6333 20061
9.63645 20066
9.6396 20071
9.64276 20076
9.64591 20081
9.64906 20086
9.65221 20091
9.65536 20096
9.65852 20101
9.66167 20106
9.66482 20111
9.66797 20116
9.67112 20121
9.67428 20126
9.67743 20131
9.68058 20136
9.68607 20141
9.68922 20146
9.69238 20151
9.69553 20156
9.69868 20161
9.70183 20166
9.70498 20171
9.70814 20176
9.71129 20181
9.71444 20186
9.71759 20191
9.72074 20196
9.7239 20201
9.72705 20206
9.7302 20211
9.73335 20216
9.7365 20221
9.73966 20226
9.74281 20231
9.74596 20236
9.74911 20241
9.75226 20246
9.75542 20251
9.75857 20256
9.76172 20261
9.76487 20266
9.76802 20271
9.77117 20276
9.77433 20281
9.77824 20286
9.78139 20291
9.78455 20296
9.7877 20301
9.79085 20306
9.794 20311
9.79715 20316
9.80031 20321
9.80346 20326
9.80661 20331
9.80976 20336
9.81291 20341
9.81607 20346
9.81922 20351
9.82237 20356
9.82552 20361
9.82867 20366
9.83183 20371
9.83498 20376
9.83813 20381
9.84128 20386
9.84443 20391
9.84759 20396
9.85074 20401
9.85389 20406
9.85704 20411
9.86019 20416
9.86335 20421
9.8665 20426
9.87041 20431
9.87356 20436
9.87672 20441
9.87987 20446
9.88302 20451
9.88617 20456
9.88932 20461
9.89248 20466
9.89563 20471
9.89878 20476
9.90193 20481
9.90508 20486
9.90824 20491
9.91139 20496
9.91454 20501
9.91769 20506
9.92084 20511
9.924 20516
9.92715 20521
9.9303 20526
9.93345 20531
9.9366 20536
9.93976 20541
9.94291 20546
9.94606 20551
9.94921 20556
9.95236 20561
9.95552 20566
9.95867 20571
9.96182 20576
9.96497 20581
9.96812 20586
9.97128 20591
9.97443 20596
9.97758 20601
9.98073 20606
9.98388 20611
9.98704 20616
9.99019 20621
9.99334 20626
9.99649 20631
9.99964 20636
10.0028 20641
10.0059 20646
10.0091 20651
10.0123 20656
10.0154 20661
10.0186 20666
10.0217 20671
10.0249 20676
10.028 20681
10.0312 20686
10.0343 20691
10.0375 20696
10.0406 20701
10.0438 20706
10.0469 20711
10.0501 20716
10.0532 20721
10.0564 20726
10.0595 20731
10.0627 20736
10.0658 20741
10.069 20746
10.0721 20751
10.0753 20756
10.0784 20761
10.0816 20766
10.0847 20771
10.0879 20776
10.0911 20781
10.0942 20786
10.0974 20791
10.1005 20796
10.1037 20801
10.1068 20806
10.11 20811
10.1131 20816
10.1163 20821
10.1194 20826
10.1226 20831
10.1257 20836
10.1289 20841
10.132 20846
10.1352 20851
10.1383 20856
10.1415 20861
10.1446 20866
10.1478 20871
10.1509 20876
10.1541 20881
10.1572 20886
10.1604 20891
10.1635 20896
10.1667 20901
10.1699 20906
10.173 20911
10.1762 20916
10.1793 20921
10.1825 20926
10.1856 20931
10.1888 20936
10.1919 20941
10.1951 20946
10.1982 20951
10.2014 20956
10.2045 20961
10.2077 20966
10.2108 20971
10.214 20976
10.2171 20981
10.2203 20986
10.2234 20991
10.2266 20996
10.2297 21001
10.2329 21006
10.236 21011
10.2392 21016
10.2423 21021
10.2455 21026
10.2487 21031
10.2518 21036
10.255 21041
10.2581 21046
10.2613 21051
10.2644 21056
10.2676 21061
10.2707 21066
10.2739 21071
10.277 21076
10.2802 21081
10.2833 21086
10.2865 21091
10.2896 21096
10.2928 21101
10.2959 21106
10.2991 21111
10.3022 21116
10.3054 21121
10.3085 21126
10.3117 21131
10.3148 21136
10.318 21141
10.3211 21146
10.3243 21151
10.3275 21156
10.3306 21161
10.3338 21166
10.3369 21171
10.3401 21176
10.3432 21181
10.3464 21186
10.3495 21191
10.3527 21196
10.3558 21201
10.359 21206
10.3621 21211
10.3653 21216
10.3684 21221
10.3716 21226
10.3747 21231
10.3779 21236
10.381 21241
10.3842 21246
10.3873 21251
10.3905 21256
10.3936 21261
10.3968 21266
10.3999 21271
10.4031 21276
10.4063 21281
10.4094 21286
10.4126 21291
10.4157 21296
10.4189 21301
10.422 21306
10.4252 21311
10.4283 21316
10.4315 21321
10.4346 21326
10.4378 21331
10.4409 21336
10.4441 21341
10.4472 21346
10.4504 21351
10.4535 21356
10.4567 21361
10.4598 21366
10.463 21371
10.4661 21376
10.4693 21381
10.4724 21386
10.4756 21391
10.4787 21396
10.4819 21401
10.4851 21406
10.4882 21411
10.4914 21416
10.4945 21421
10.4977 21426
10.5008 21431
10.504 21436
10.5071 21441
10.5103 21446
10.5134 21451
10.5166 21456
10.5197 21461
10.5229 21466
10.526 21471
10.5292 21476
10.5323 21481
10.5355 21486
10.5386 21491
10.5418 21496
10.5449 21501
10.5481 21506
10.5512 21511
10.5544 21516
10.5575 21521
10.5607 21526
10.5639 21531
10.567 21536
10.5702 21541
10.5733 21546
10.5765 21551
10.5796 21556
10.5828 21561
10.5859 21566
10.5891 21571
10.5922 21576
10.5954 21581
10.5985 21586
10.6017 21591
10.6048 21596
10.608 21601
10.6111 21606
10.6143 21611
10.6174 21616
10.6206 21621
10.6237 21626
10.6269 21631
10.63 21636
10.6332 21641
10.6363 21646
10.6395 21651
10.6427 21656
10.6458 21661
10.649 21666
10.6521 21671
10.6553 21676
10.6584 21681
10.6616 21686
10.6647 21691
10.6679 21696
10.671 21701
10.6742 21706
10.6773 21711
10.6805 21716
10.6836 21721
10.6868 21726
10.6899 21731
10.6931 21736
10.6962 21741
10.6994 21746
10.7025 21751
10.7057 21756
10.7088 21761
10.712 21766
10.7151 21771
10.7183 21776
10.7215 21781
10.7246 21786
10.7278 21791
10.7309 21796
10.7341 21801
10.7372 21806
10.7404 21811
10.7435 21816
10.7467 21821
10.7498 21826
10.753 21831
10.7561 21836
10.7593 21841
10.7624 21846
10.7656 21851
10.7687 21856
10.7719 21861
10.775 21866
10.7782 21871
10.7813 21876
10.7845 21881
10.7876 21886
10.7908 21891
10.7939 21896
10.7971 21901
10.8003 21906
10.8034 21911
10.8066 21916
10.8097 21921
10.8129 21926
10.816 21931
10.8192 21936
10.8223 21941
10.8255 21946
10.8286 21951
10.8318 21956
10.8349 21961
10.8381 21966
10.8412 21971
10.8444 21976
10.8475 21981
10.8507 21986
10.8538 21991
10.857 21996
10.8601 22001
10.8633 22006
10.8664 22011
10.8696 22016
10.8727 22021
10.8759 22026
10.8791 22031
10.8822 22036
10.8854 22041
10.8885 22046
10.8917 22051
10.8948 22056
10.898 22061
10.9011 22066
10.9043 22071
10.9074 22076
10.9106 22081
10.9137 22086
10.9169 22091
10.92 22096
10.9232 22101
10.9263 22106
10.9295 22111
10.9326 22116
10.9358 22121
10.9389 22126
10.9421 22131
10.9452 22136
10.9484 22141
10.9515 22146
10.9547 22151
10.9579 22156
10.961 22161
10.9642 22166
10.9673 22171
10.9705 22176
10.9736 22181
10.9768 22186
10.9799 22191
10.9831 22196
10.9862 22201
10.9894 22206
10.9925 22211
10.9957 22216
10.9988 22221
11.002 22226
11.0051 22231
11.0083 22236
11.0114 22241
11.0146 22246
11.0177 22251
11.0209 22256
11.024 22261
11.0272 22266
11.0303 22271
11.0335 22276
11.0367 22281
11.0398 22286
11.043 22291
11.0461 22296
11.0493 22301
11.0524 22306
11.0556 22311
11.0587 22316
11.0619 22321
11.065 22326
11.0682 22331
11.0713 22336
11.0745 22341
11.0776 22346
11.0808 22351
11.0839 22356
11.0871 22361
11.0902 22366
11.0934 22371
11.0965 22376
11.0997 22381
11.1028 22386
11.106 22391
11.1091 22396
11.1123 22401
11.1155 22406
11.1186 22411
11.1218 22416
11.1249 22421
11.1281 22426
11.1312 22431
11.1344 22436
11.1375 22441
11.1407 22446
11.1438 22451
11.147 22456
11.1501 22461
11.1533 22466
11.1564 22471
11.1596 22476
11.1627 22481
11.1659 22486
11.169 22491
11.1722 22496
11.1753 22501
11.1785 22506
11.1816 22511
11.1848 22516
11.1879 22521
11.1911 22526
11.1943 22531
11.1974 22536
11.2006 22541
11.2037 22546
11.2069 22551
11.21 22556
11.2132 22561
11.2163 22566
11.2195 22571
11.2226 22576
11.2258 22581
11.2289 22586
11.2321 22591
11.2352 22596
11.2384 22601
11.2415 22606
11.2447 22611
11.2478 22616
11.251 22621
11.2541 22626
11.2573 22631
11.2604 22636
11.2636 22641
11.2667 22646
11.2699 22651
11.2731 22656
11.2762 22661
11.2794 22666
11.2825 22671
11.2857 22676
11.2888 22681
11.292 22686
11.2951 22691
11.2983 22696
11.3014 22701
11.3046 22706
11.3077 22711
11.3109 22716
11.314 22721
11.3172 22726
11.3203 22731
11.3235 22736
11.3266 22741
11.3298 22746
11.3329 22751
11.3361 22756
11.3392 22761
11.3424 22766
11.3455 22771
11.3487 22776
11.3519 22781
11.355 22786
11.3582 22791
11.3613 22796
11.3645 22801
11.3676 22806
11.3708 22811
11.3739 22816
11.3771 22821
11.3802 22826
11.3834 22831
11.3865 22836
11.3897 22841
11.3928 22846
11.396 22851
11.3991 22856
11.4023 22861
11.4054 22866
11.4086 22871
11.4117 22876
11.4149 22881
11.418 22886
11.4212 22891
11.4243 22896
11.4275 22901
11.4307 22906
11.4338 22911
11.437 22916
11.4401 22921
11.4433 22926
11.4464 22931
11.4496 22936
11.4527 22941
11.4559 22946
11.459 22951
11.4622 22956
11.4653 22961
11.4685 22966
11.4716 22971
11.4748 22976
11.4779 22981
11.4811 22986
11.4842 22991
11.4874 22996
11.4905 23001
11.4937 23006
11.4968 23011
11.5 23016
11.5031 23021
11.5063 23026
11.5095 23031
11.5126 23036
11.5158 23041
11.5189 23046
11.5221 23051
11.5252 23056
11.5284 23061
11.5315 23066
11.5347 23071
11.5378 23076
11.541 23081
11.5441 23086
11.5473 23091
11.5504 23096
11.5536 23101
11.5567 23106
11.5599 23111
11.563 23116
11.5662 23121
11.5693 23125
11.5725 23129
11.5756 23133
11.5788 23137
11.5819 23141
11.5851 23145
11.5883 23149
11.5914 23153
11.5946 23157
11.5977 23161
11.6009 23165
11.604 23169
11.6072 23173
11.6103 23177
11.6135 23181
11.6166 23185
11.6198 23189
11.6229 23193
11.6261 23197
11.6292 23201
11.6324 23205
11.6355 23209
11.6387 23213
11.6418 23217
11.645 23221
11.6481 23225
11.6513 23229
11.6544 23233
11.6576 23237
11.6607 23241
11.6639 23245
11.6671 23249
11.6702 23253
11.6734 23257
11.6765 23261
11.6797 23265
11.6828 23269
11.686 23273
11.6891 23277
11.6923 23281
11.6954 23285
11.6986 23289
11.7017 23293
11.7049 23297
11.708 23301
11.7112 23305
11.7143 23309
11.7175 23313
11.7206 23317
11.7238 23321
11.7269 23325
11.7301 23329
11.7332 23333
11.7364 23337
11.7395 23341
11.7427 23345
11.7459 23349
11.749 23353
11.7522 23357
11.7553 23361
11.7585 23365
11.7616 23369
11.7648 23373
11.7679 23377
11.7711 23381
11.7742 23385
11.7774 23389
11.7805 23393
11.7837 23397
11.7868 23401
11.79 23405
11.7931 23409
11.7963 23413
11.7994 23417
11.8026 23421
11.8057 23425
11.8089 23429
11.812 23433
11.8152 23437
11.8183 23441
11.8215 23445
11.8247 23449
11.8278 23453
11.831 23457
11.8341 23461
11.8373 23465
11.8404 23469
11.8436 23473
11.8467 23477
11.8499 23481
11.853 23485
11.8562 23489
11.8593 23493
11.8625 23497
11.8656 23501
11.8688 23505
11.8719 23509
11.8751 23513
11.8782 23517
11.8814 23521
11.8845 23525
11.8877 23529
11.8908 23533
11.894 23537
11.8971 23541
11.9003 23545
11.9035 23549
11.9066 23553
11.9098 23557
11.9129 23561
11.9161 23565
11.9192 23569
11.9224 23573
11.9255 23577
11.9287 23581
11.9318 23585
11.935 23589
11.9381 23593
11.9413 23597
11.9444 23601
11.9476 23605
11.9507 23609
11.9539 23613
11.957 23617
11.9602 23621
11.9633 23625
11.9665 23629
11.9696 23633
11.9728 23637
11.9759 23641
11.9791 23645
11.9823 23649
11.9854 23653
11.9886 23657
11.9917 23661
11.9949 23665
11.998 23669
12.0012 23673
12.0043 23677
12.0075 23681
12.0106 23685
12.0138 23689
12.0169 23693
12.0201 23697
12.0232 23701
12.0264 23705
12.0295 23709
12.0327 23713
12.0358 23717
12.039 23721
12.0421 23725
12.0453 23729
12.0484 23733
12.0516 23737
12.0547 23741
12.0579 23745
12.0611 23749
12.0642 23753
12.0674 23757
12.0705 23761
12.0737 23765
12.0768 23769
12.08 23773
12.0831 23777
12.0863 23781
12.0894 23785
12.0926 23789
12.0957 23793
12.0989 23797
12.102 23801
12.1052 23805
12.1083 23809
12.1115 23813
12.1146 23817
12.1178 23821
12.1209 23825
12.1241 23829
12.1272 23833
12.1304 23837
12.1335 23841
12.1367 23845
12.1399 23849
12.143 23853
12.1462 23857
12.1493 23861
12.1525 23865
12.1556 23869
12.1588 23873
12.1619 23877
12.1651 23881
12.1682 23885
12.1714 23889
12.1745 23893
12.1777 23897
12.1808 23901
12.184 23905
12.1871 23909
12.1903 23913
12.1934 23917
12.1966 23921
12.1997 23925
12.2029 23929
12.206 23933
12.2092 23937
12.2123 23941
12.2155 23945
12.2187 23949
12.2218 23953
12.225 23957
12.2281 23961
12.2313 23965
12.2344 23969
12.2376 23973
12.2407 23977
12.2439 23981
12.247 23985
12.2502 23989
12.2533 23993
12.2565 23997
12.2596 24001
12.2628 24005
12.2659 24009
12.2691 24013
12.2722 24017
12.2754 24021
12.2785 24025
12.2817 24029
12.2848 24033
12.288 24037
12.2911 24041
12.2943 24045
12.2975 24049
12.3006 24053
12.3038 24057
12.3069 24061
12.3101 24065
12.3132 24069
12.3164 24073
12.3195 24077
12.3227 24081
12.3258 24085
12.329 24089
12.3321 24093
12.3353 24097
12.3384 24101
12.3416 24105
12.3447 24109
12.3479 24113
12.351 24117
12.3542 24121
12.3573 24125
12.3605 24129
12.3636 24133
12.3668 24137
12.3699 24141
12.3731 24145
12.3763 24149
12.3794 24153
12.3826 24157
12.3857 24161
12.3889 24165
12.392 24169
12.3952 24173
12.3983 24177
12.4015 24181
12.4046 24185
12.4078 24189
12.4109 24193
12.4141 24197
12.4172 24201
12.4204 24205
12.4235 24209
12.4267 24213
12.4298 24217
12.433 24221
12.4361 24225
12.4393 24229
12.4424 24233
12.4456 24237
12.4487 24241
12.4519 24245
12.4551 24249
12.4582 24253
12.4614 24257
12.4645 24261
12.4677 24265
12.4708 24269
12.474 24273
12.4771 24277
12.4803 24281
12.4834 24285
12.4866 24289
12.4897 24293
12.4929 24297
12.496 24301
12.4992 24305
12.5023 24309
12.5055 24313
12.5086 24317
12.5118 24321
12.5149 24325
12.5181 24329
12.5212 24333
12.5244 24337
12.5275 24341
12.5307 24345
12.5339 24349
12.537 24353
12.5402 24357
12.5433 24361
12.5465 24365
12.5496 24369
12.5528 24373
12.5559 24377
12.5591 24381
12.5622 24385
12.5654 24389
12.5685 24393
12.5717 24397
12.5748 24401
12.578 24405
12.5811 24409
12.5843 24413
12.5874 24417
12.5906 24421
12.5937 24425
12.5969 24429
12.6 24433
12.6032 24437
12.6063 24441
12.6095 24445
12.6127 24449
12.6158 24453
12.619 24457
12.6221 24461
12.6253 24465
12.6284 24469
12.6316 24473
12.6347 24477
12.6379 24481
12.641 24485
12.6442 24489
12.6473 24493
12.6505 24497
12.6536 24501
12.6568 24505
12.6599 24509
12.6631 24513
12.6662 24517
12.6694 24521
12.6725 24525
12.6757 24529
12.6788 24533
12.682 24537
12.6851 24541
12.6883 24545
12.6915 24549
12.6946 24553
12.6978 24557
12.7009 24561
12.7041 24565
12.7072 24569
12.7104 24573
12.7135 24577
12.7167 24581
12.7198 24585
12.723 24589
12.7261 24593
12.7293 24597
12.7324 24601
12.7356 24605
12.7387 24609
12.7419 24613
12.745 24617
12.7482 24621
12.7513 24625
12.7545 24629
12.7576 24633
12.7608 24637
12.7639 24641
12.7671 24645
12.7703 24649
12.7734 24653
12.7766 24657
12.7797 24661
12.7829 24665
12.786 24669
12.7892 24673
12.7923 24677
12.7955 24681
12.7986 24685
12.8018 24689
12.8049 24693
12.8081 24697
12.8112 24701
12.8144 24705
12.8175 24709
12.8207 24713
12.8238 24717
12.827 24721
12.8301 24725
12.8333 24729
12.8364 24733
12.8396 24737
12.8427 24741
12.8459 24745
12.849 24749
12.8522 24753
12.8554 24757
12.8585 24761
12.8617 24765
12.8648 24769
12.868 24773
12.8711 24777
12.8743 24781
12.8774 24785
12.8806 24789
12.8837 24793
12.8869 24797
12.89 24801
12.8932 24805
12.8963 24809
12.8995 24813
12.9026 24817
12.9058 24821
12.9089 24825
12.9121 24829
12.9152 24833
12.9184 24837
12.9215 24841
12.9247 24845
12.9278 24849
12.931 24853
12.9342 24857
12.9373 24861
12.9405 24865
12.9436 24869
12.9468 24873
12.9499 24877
12.9531 24881
12.9562 24885
12.9594 24889
12.9625 24893
12.9657 24897
12.9688 24901
12.972 24905
12.9751 24909
12.9783 24913
12.9814 24917
12.9846 24921
12.9877 24925
12.9909 24929
12.994 24933
12.9972 24937
13.0003 24941
13.0035 24945
13.0066 24949
13.0098 24953
13.013 24957
13.0161 24961
13.0193 24965
13.0224 24969
13.0256 24973
13.0287 24977
13.0319 24981
13.035 24985
13.0382 24989
13.0413 24993
13.0445 24997
13.0476 25001
13.0508 25005
13.0539 25009
13.0571 25013
13.0602 25017
13.0634 25021
13.0665 25025
13.0697 25029
13.0728 25033
13.076 25037
13.0791 25041
13.0823 25045
13.0854 25049
13.0886 25053
13.0918 25057
13.0949 25061
13.0981 25065
13.1012 25069
13.1044 25073
13.1075 25077
13.1107 25081
13.1138 25085
13.117 25089
13.1201 25093
13.1233 25097
13.1264 25101
13.1296 25105
13.1327 25109
13.1359 25113
13.139 25117
13.1422 25121
13.1453 25125
13.1485 25129
13.1516 25133
13.1548 25137
13.1579 25141
13.1611 25145
13.1642 25149
13.1674 25153
13.1706 25157
13.1737 25161
13.1769 25165
13.18 25169
13.1832 25173
13.1863 25177
13.1895 25181
13.1926 25185
13.1958 25189
13.1989 25193
13.2021 25197
13.2052 25201
13.2084 25205
13.2115 25209
13.2147 25213
13.2178 25217
13.221 25221
13.2241 25225
13.2273 25229
13.2304 25233
13.2336 25237
13.2367 25241
13.2399 25245
13.243 25249
13.2462 25253
13.2494 25257
13.2525 25261
13.2557 25265
13.2588 25269
13.262 25273
13.2651 25277
13.2683 25281
13.2714 25285
13.2746 25289
13.2777 25293
13.2809 25297
13.284 25301
13.2872 25305
13.2903 25309
13.2935 25313
13.2966 25317
13.2998 25321
13.3029 25325
13.3061 25329
13.3092 25333
13.3124 25337
13.3155 25341
13.3187 25345
13.3218 25349
13.325 25353
13.3282 25357
13.3313 25361
13.3345 25365
13.3376 25369
13.3408 25373
13.3439 25377
13.3471 25381
13.3502 25385
13.3534 25389
13.3565 25393
13.3597 25397
13.3628 25401
13.366 25405
13.3691 25409
13.3723 25413
13.3754 25417
13.3786 25421
13.3817 25425
13.3849 25429
13.388 25433
13.3912 25437
13.3943 25441
13.3975 25445
13.4006 25449
13.4038 25453
13.407 25457
13.4101 25461
13.4133 25465
13.4164 25469
13.4196 25473
13.4227 25477
13.4259 25481
13.429 25485
13.4322 25489
13.4353 25493
13.4385 25497
13.4416 25501
13.4448 25505
13.4479 25509
13.4511 25513
13.4542 25517
13.4574 25521
13.4605 25525
13.4637 25529
13.4668 25533
13.47 25537
13.4731 25541
13.4763 25545
13.4794 25549
13.4826 25553
13.4858 25557
13.4889 25561
13.4921 25565
13.4952 25569
13.4984 25573
13.5015 25577
13.5047 25581
13.5078 25585
13.511 25589
13.5141 25593
13.5173 25597
13.5204 25601
13.5236 25605
13.5267 25609
13.5299 25613
13.533 25617
13.5362 25621
13.5393 25625
13.5425 25629
13.5456 25633
13.5488 25637
13.5519 25641
13.5551 25645
13.5582 25649
13.5614 25653
13.5646 25657
13.5677 25661
13.5709 25665
13.574 25669
13.5772 25673
13.5803 25677
13.5835 25681
13.5866 25685
13.5898 25689
13.5929 25693
13.5961 25697
13.5992 25701
13.6024 25705
13.6055 25709
13.6087 25713
13.6118 25717
13.615 25721
13.6181 25725
13.6213 25729
13.6244 25733
13.6276 25737
13.6307 25741
13.6339 25745
13.637 25749
13.6402 25753
13.6434 25757
13.6465 25761
13.6497 25765
13.6528 25769
13.656 25773
13.6591 25777
13.6623 25781
13.6654 25785
13.6686 25789
13.6717 25793
13.6749 25797
13.678 25801
13.6812 25805
13.6843 25809
13.6875 25813
13.6906 25817
13.6938 25821
13.6969 25825
13.7001 25829
13.7032 25833
13.7064 25837
13.7095 25841
13.7127 25845
13.7158 25849
13.719 25853
13.7222 25857
13.7253 25861
13.7285 25865
13.7316 25869
13.7348 25873
13.7379 25877
13.7411 25881
13.7442 25885
13.7474 25889
13.7505 25893
13.7537 25897
13.7568 25901
13.76 25905
13.7631 25909
13.7663 25913
13.7694 25917
13.7726 25921
13.7757 25925
13.7789 25929
13.782 25933
13.7852 25937
13.7883 25941
13.7915 25945
13.7946 25949
13.7978 25953
13.801 25957
13.8041 25961
13.8073 25965
13.8104 25969
13.8136 25973
13.8167 25977
13.8199 25981
13.823 25985
13.8262 25989
13.8293 25993
13.8325 25997
13.8356 26001
13.8388 26005
13.8419 26009
13.8451 26013
13.8482 26017
13.8514 26021
13.8545 26025
13.8577 26029
13.8608 26033
13.864 26037
13.8671 26041
13.8703 26045
13.8734 26049
13.8766 26053
13.8798 26057
13.8829 26061
13.8861 26065
13.8892 26069
13.8924 26073
13.8955 26077
13.8987 26081
13.9018 26085
13.905 26089
13.9081 26093
13.9113 26097
13.9144 26101
13.9176 26105
13.9207 26109
13.9239 26113
13.927 26117
13.9302 26121
13.9333 26125
13.9365 26129
13.9396 26133
13.9428 26137
13.9459 26141
13.9491 26145
13.9522 26149
13.9554 26153
13.9586 26157
13.9617 26161
13.9649 26165
13.968 26169
13.9712 26173
13.9743 26177
13.9775 26181
13.9806 26185
13.9838 26189
13.9869 26193
13.9901 26197
13.9932 26201
13.9964 26205
13.9995 26209
14.0027 26213
14.0058 26217
14.009 26221
14.0121 26225
14.0153 26229
14.0184 26233
14.0216 26237
14.0247 26241
14.0279 26245
14.031 26249
14.0342 26253
14.0374 26257
14.0405 26261
14.0437 26265
14.0468 26269
14.05 26273
14.0531 26277
14.0563 26281
14.0594 26285
14.0626 26289
14.0657 26293
14.0689 26297
14.072 26301
14.0752 26305
14.0783 26309
14.0815 26313
14.0846 26317
14.0878 26321
14.0909 26325
14.0941 26329
14.0972 26333
14.1004 26337
14.1035 26341
14.1067 26345
14.1098 26349
14.113 26353
14.1162 26357
14.1193 26361
14.1225 26365
14.1256 26369
14.1288 26373
14.1319 26377
14.1351 26381
14.1382 26385
14.1414 26389
14.1445 26393
14.1477 26397
14.1508 26401
14.154 26405
14.1571 26409
14.1603 26413
14.1634 26417
14.1666 26421
14.1697 26425
14.1729 26429
14.176 26433
14.1792 26437
14.1823 26441
14.1855 26445
14.1886 26449
14.1918 26453
14.195 26457
14.1981 26461
14.2013 26465
14.2044 26469
14.2076 26473
14.2107 26477
14.2139 26481
14.217 26485
14.2202 26489
14.2233 26493
14.2265 26497
14.2296 26501
14.2328 26505
14.2359 26509
14.2391 26513
14.2422 26517
14.2454 26521
14.2485 26525
14.2517 26529
14.2548 26533
14.258 26537
14.2611 26541
14.2643 26545
14.2674 26549
14.2706 26553
14.2738 26557
14.2769 26561
14.2801 26565
14.2832 26569
14.2864 26573
14.2895 26577
14.2927 26581
14.2958 26585
14.299 26589
14.3021 26593
14.3053 26597
14.3084 26601
14.3116 26605
14.3147 26609
14.3179 26613
14.321 26617
14.3242 26621
14.3273 26625
14.3305 26629
14.3336 26633
14.3368 26637
14.3399 26641
14.3431 26645
14.3462 26649
14.3494 26653
14.3526 26657
14.3557 26661
14.3589 26665
14.362 26669
14.3652 26673
14.3683 26677
14.3715 26681
14.3746 26685
14.3778 26689
14.3809 26693
14.3841 26697
14.3872 26701
14.3904 26705
14.3935 26709
14.3967 26713
14.3998 26717
14.403 26721
14.4061 26725
14.4093 26729
14.4124 26733
14.4156 26737
14.4187 26741
14.4219 26745
14.425 26749
14.4282 26753
14.4314 26757
14.4345 26761
14.4377 26765
14.4408 26769
14.444 26773
14.4471 26777
14.4503 26781
14.4534 26785
14.4566 26789
14.4597 26793
14.4629 26797
14.466 26801
14.4692 26805
14.4723 26809
14.4755 26813
14.4786 26817
14.4818 26821
14.4849 26825
14.4881 26829
14.4912 26833
14.4944 26837
14.4975 26841
14.5007 26845
14.5038 26849
14.507 26853
14.5102 26857
14.5133 26861
14.5165 26865
14.5196 26869
14.5228 26873
14.5259 26877
14.5291 26881
14.5322 26885
14.5354 26889
14.5385 26893
14.5417 26897
14.5448 26901
14.548 26905
14.5511 26909
14.5543 26913
14.5574 26917
14.5606 26921
14.5637 26925
14.5669 26929
14.57 26933
14.5732 26937
14.5763 26941
14.5795 26945
14.5826 26949
14.5858 26953
14.589 26957
14.5921 26961
14.5953 26965
14.5984 26969
14.6016 26973
14.6047 26977
14.6079 26981
14.611 26985
14.6142 26989
14.6173 26993
14.6205 26997
14.6236 27001
14.6268 27005
14.6299 27009
14.6331 27013
14.6362 27017
14.6394 27021
14.6425 27025
14.6457 27029
14.6488 27033
14.652 27037
14.6551 27041
14.6583 27045
14.6614 27049
14.6646 27053
14.6678 27057
14.6709 27061
14.6741 27065
14.6772 27069
14.6804 27073
14.6835 27077
14.6867 27081
14.6898 27085
14.693 27089
14.6961 27093
14.6993 27097
14.7024 27101
14.7056 27105
14.7087 27109
14.7119 27113
14.715 27117
14.7182 27121
14.7213 27125
14.7245 27129
14.7276 27133
14.7308 27137
14.7339 27141
14.7371 27145
14.7402 27149
14.7434 27153
14.7466 27157
14.7497 27161
14.7529 27165
14.756 27169
14.7592 27173
14.7623 27177
14.7655 27181
14.7686 27185
14.7718 27189
14.7749 27193
14.7781 27197
14.7812 27201
14.7844 27205
14.7875 27209
14.7907 27213
14.7938 27217
14.797 27221
14.8001 27225
14.8033 27229
14.8064 27233
14.8096 27237
14.8127 27241
14.8159 27245
14.819 27249
14.8222 27253
14.8254 27257
14.8285 27261
14.8317 27265
14.8348 27269
14.838 27273
14.8411 27277
14.8443 27281
14.8474 27285
14.8506 27289
14.8537 27293
14.8569 27297
14.86 27301
14.8632 27305
14.8663 27309
14.8695 27313
14.8726 27317
14.8758 27321
14.8789 27325
14.8821 27329
14.8852 27333
14.8884 27337
14.8915 27341
14.8947 27345
14.8978 27349
14.901 27353
14.9042 27357
14.9073 27361
14.9105 27365
14.9136 27369
14.9168 27373
14.9199 27377
14.9231 27381
14.9262 27385
14.9294 27389
14.9325 27393
14.9357 27397
14.9388 27401
14.942 27405
14.9451 27409
14.9483 27413
14.9514 27417
14.9546 27421
14.9577 27425
14.9609 27429
14.964 27433
14.9672 27437
14.9703 27441
14.9735 27445
14.9766 27449
14.9798 27453
14.983 27457
14.9861 27461
14.9893 27465
14.9924 27469
14.9956 27473
14.9987 27477
15.0019 27481
15.005 27485
15.0082 27489
15.0113 27493
15.0145 27497
15.0176 27501
15.0208 27505
15.0239 27509
15.0271 27513
15.0302 27517
15.0334 27521
15.0365 27525
15.0397 27529
15.0428 27533
15.046 27537
15.0491 27541
15.0523 27545
15.0554 27549
15.0586 27553
15.0618 27557
15.0649 27561
15.0681 27565
15.0712 27569
15.0744 27573
15.0775 27577
15.0807 27581
15.0838 27585
15.087 27589
15.0901 27593
15.0933 27597
15.0964 27601
15.0996 27605
15.1027 27609
15.1059 27613
15.109 27617
15.1122 27621
15.1153 27625
15.1185 27629
15.1216 27633
15.1248 27637
15.1279 27641
15.1311 27645
15.1342 27649
15.1374 27653
15.1406 27657
15.1437 27661
15.1469 27665
15.15 27669
15.1532 27673
15.1563 27677
15.1595 27681
15.1626 27685
15.1658 27689
15.1689 27693
15.1721 27697
15.1752 27701
15.1784 27705
15.1815 27709
15.1847 27713
15.1878 27717
15.191 27721
15.1941 27725
15.1973 27729
15.2004 27733
15.2036 27737
15.2067 27741
15.2099 27745
15.213 27749
15.2162 27753
15.2194 27757
15.2225 27761
15.2257 27765
15.2288 27769
15.232 27773
15.2351 27777
15.2383 27781
15.2414 27785
15.2446 27789
15.2477 27793
15.2509 27797
15.254 27801
15.2572 27805
15.2603 27809
15.2635 27813
15.2666 27817
15.2698 27821
15.2729 27825
15.2761 27829
15.2792 27833
15.2824 27837
15.2855 27841
15.2887 27845
15.2918 27849
15.295 27853
15.2982 27857
15.3013 27861
15.3045 27865
15.3076 27869
15.3108 27873
15.3139 27877
15.3171 27881
15.3202 27885
15.3234 27889
15.3265 27893
15.3297 27897
15.3328 27901
15.336 27905
15.3391 27909
15.3423 27913
15.3454 27917
15.3486 27921
15.3517 27925
15.3549 27929
15.358 27933
15.3612 27937
15.3643 27941
15.3675 27945
15.3706 27949
15.3738 27953
15.377 27957
15.3801 27961
15.3833 27965
15.3864 27969
15.3896 27973
15.3927 27977
15.3959 27981
15.399 27985
15.4022 27989
15.4053 27993
15.4085 27997
15.4116 28001
15.4148 28005
15.4179 28009
15.4211 28013
15.4242 28017
15.4274 28021
15.4305 28025
15.4337 28029
15.4368 28033
15.44 28037
15.4431 28041
15.4463 28045
15.4494 28049
15.4526 28053
15.4558 28057
15.4589 28061
15.4621 28065
15.4652 28069
15.4684 28073
15.4715 28077
15.4747 28081
15.4778 28085
15.481 28089
15.4841 28093
15.4873 28097
15.4904 28101
15.4936 28105
15.4967 28109
15.4999 28113
15.503 28117
15.5062 28121
15.5093 28125
15.5125 28129
15.5156 28133
15.5188 28137
15.5219 28141
15.5251 28145
15.5282 28149
15.5314 28153
15.5346 28157
15.5377 28161
15.5409 28165
15.544 28169
15.5472 28173
15.5503 28177
15.5535 28181
15.5566 28185
15.5598 28189
15.5629 28193
15.5661 28197
15.5692 28201
15.5724 28205
15.5755 28209
15.5787 28213
15.5818 28217
15.585 28221
15.5881 28225
15.5913 28229
15.5944 28233
15.5976 28237
15.6007 28241
15.6039 28245
15.607 28249
15.6102 28253
15.6134 28257
15.6165 28261
15.6197 28265
15.6228 28269
15.626 28273
15.6291 28277
15.6323 28281
15.6354 28285
15.6386 28289
15.6417 28293
15.6449 28297
15.648 28301
15.6512 28305
15.6543 28309
15.6575 28313
15.6606 28317
15.6638 28321
15.6669 28325
15.6701 28329
15.6732 28333
15.6764 28337
15.6795 28341
15.6827 28345
15.6858 28349
15.689 28353
15.6922 28357
15.6953 28361
15.6985 28365
15.7016 28369
15.7048 28373
15.7079 28377
15.7111 28381
15.7142 28385
15.7174 28389
15.7205 28393
15.7237 28397
15.7268 28401
15.73 28405
15.7331 28409
15.7363 28413
15.7394 28417
15.7426 28421
15.7457 28425
15.7489 28429
15.752 28433
15.7552 28437
15.7583 28441
15.7615 28445
15.7646 28449
15.7678 28453
15.771 28457
15.7741 28461
15.7773 28465
15.7804 28469
15.7836 28473
15.7867 28477
15.7899 28481
15.793 28485
15.7962 28489
15.7993 28493
15.8025 28497
15.8056 28501
15.8088 28505
15.8119 28509
15.8151 28513
15.8182 28517
15.8214 28521
15.8245 28525
15.8277 28529
15.8308 28533
15.834 28537
15.8371 28541
15.8403 28545
15.8434 28549
15.8466 28553
15.8498 28557
15.8529 28561
15.8561 28565
15.8592 28569
15.8624 28573
15.8655 28577
15.8687 28581
15.8718 28585
15.875 28589
15.8781 28593
15.8813 28597
15.8844 28601
15.8876 28605
15.8907 28609
15.8939 28613
15.897 28617
15.9002 28621
15.9033 28625
15.9065 28629
15.9096 28633
15.9128 28637
15.9159 28641
15.9191 28645
15.9222 28649
15.9254 28653
15.9286 28657
15.9317 28661
15.9349 28665
15.938 28669
15.9412 28673
15.9443 28677
15.9475 28681
15.9506 28685
15.9538 28689
15.9569 28693
15.9601 28697
15.9632 28701
15.9664 28705
15.9695 28709
15.9727 28713
15.9758 28717
15.979 28721
15.9821 28725
15.9853 28729
15.9884 28733
15.9916 28737
15.9947 28741
15.9979 28745
16.001 28749
16.0042 28753
16.0074 28757
16.0105 28761
16.0137 28765
16.0168 28769
16.02 28773
16.0231 28777
16.0263 28781
16.0294 28785
16.0326 28789
16.0357 28793
16.0389 28797
16.042 28801
16.0452 28805
16.0483 28809
16.0515 28813
16.0546 28817
16.0578 28821
16.0609 28825
16.0641 28829
16.0672 28833
16.0704 28837
16.0735 28841
16.0767 28845
16.0798 28849
16.083 28853
16.0862 28857
16.0893 28861
16.0925 28865
16.0956 28869
16.0988 28873
16.1019 28877
16.1051 28881
16.1082 28885
16.1114 28889
16.1145 28893
16.1177 28897
16.1208 28901
16.124 28904
16.1271 28907
16.1303 28910
16.1334 28913
16.1366 28916
16.1397 28919
16.1429 28922
16.146 28925
16.1492 28928
16.1523 28931
16.1555 28934
16.1586 28937
16.1618 28940
16.165 28943
16.1681 28946
16.1713 28949
16.1744 28952
16.1776 28955
16.1807 28958
16.1839 28961
16.187 28964
16.1902 28967
16.1933 28970
16.1965 28973
16.1996 28976
16.2028 28979
16.2059 28982
16.2091 28985
16.2122 28988
16.2154 28991
16.2185 28994
16.2217 28997
16.2248 29000
16.228 29003
16.2311 29006
16.2343 29009
16.2374 29012
16.2406 29015
16.2438 29018
16.2469 29021
16.2501 29024
16.2532 29027
16.2564 29030
16.2595 29033
16.2627 29036
16.2658 29039
16.269 29042
16.2721 29045
16.2753 29048
16.2784 29051
16.2816 29054
16.2847 29057
16.2879 29060
16.291 29063
16.2942 29066
16.2973 29069
16.3005 29072
16.3036 29075
16.3068 29078
16.3099 29081
16.3131 29084
16.3162 29087
16.3194 29090
16.3226 29093
16.3257 29096
16.3289 29099
16.332 29102
16.3352 29105
16.3383 29108
16.3415 29111
16.3446 29114
16.3478 29117
16.3509 29120
16.3541 29123
16.3572 29126
16.3604 29129
16.3635 29132
16.3667 29135
16.3698 29138
16.373 29141
16.3761 29144
16.3793 29147
16.3824 29150
16.3856 29153
16.3887 29156
16.3919 29159
16.395 29162
16.3982 29165
16.4014 29168
16.4045 29171
16.4077 29174
16.4108 29177
16.414 29180
16.4171 29183
16.4203 29186
16.4234 29189
16.4266 29192
16.4297 29195
16.4329 29198
16.436 29201
16.4392 29204
16.4423 29207
16.4455 29210
16.4486 29213
16.4518 29216
16.4549 29219
16.4581 29222
16.4612 29225
16.4644 29228
16.4675 29231
16.4707 29234
16.4738 29237
16.477 29240
16.4802 29243
16.4833 29246
16.4865 29249
16.4896 29252
16.4928 29255
16.4959 29258
16.4991 29261
16.5022 29264
16.5054 29267
16.5085 29270
16.5117 29273
16.5148 29276
16.518 29279
16.5211 29282
16.5243 29285
16.5274 29288
16.5306 29291
16.5337 29294
16.5369 29297
16.54 29300
16.5432 29303
16.5463 29306
16.5495 29309
16.5526 29312
16.5558 29315
16.559 29318
16.5621 29321
16.5653 29324
16.5684 29327
16.5716 29330
16.5747 29333
16.5779 29336
16.581 29339
16.5842 29342
16.5873 29345
16.5905 29348
16.5936 29351
16.5968 29354
16.5999 29357
16.6031 29360
16.6062 29363
16.6094 29366
16.6125 29369
16.6157 29372
16.6188 29375
16.622 29378
16.6251 29381
16.6283 29384
16.6314 29387
16.6346 29390
16.6378 29393
16.6409 29396
16.6441 29399
16.6472 29402
16.6504 29405
16.6535 29408
16.6567 29411
16.6598 29414
16.663 29417
16.6661 29420
16.6693 29423
16.6724 29426
16.6756 29429
16.6787 29432
16.6819 29435
16.685 29438
16.6882 29441
16.6913 29444
16.6945 29447
16.6976 29450
16.7008 29453
16.7039 29456
16.7071 29459
16.7102 29462
16.7134 29465
16.7166 29468
16.7197 29471
16.7229 29474
16.726 29477
16.7292 29480
16.7323 29483
16.7355 29486
16.7386 29489
16.7418 29492
16.7449 29495
16.7481 29498
16.7512 29501
16.7544 29504
16.7575 29507
16.7607 29510
16.7638 29513
16.767 29516
16.7701 29519
16.7733 29522
16.7764 29525
16.7796 29528
16.7827 29531
16.7859 29534
16.789 29537
16.7922 29540
16.7954 29543
16.7985 29546
16.8017 29549
16.8048 29552
16.808 29555
16.8111 29558
16.8143 29561
16.8174 29564
16.8206 29567
16.8237 29570
16.8269 29573
16.83 29576
16.8332 29579
16.8363 29582
16.8395 29585
16.8426 29588
16.8458 29591
16.8489 29594
16.8521 29597
16.8552 29600
16.8584 29603
16.8615 29606
16.8647 29609
16.8678 29612
16.871 29615
16.8742 29618
16.8773 29621
16.8805 29624
16.8836 29627
16.8868 29630
16.8899 29633
16.8931 29636
16.8962 29639
16.8994 29642
16.9025 29645
16.9057 29648
16.9088 29651
16.912 29654
16.9151 29657
16.9183 29660
16.9214 29663
16.9246 29666
16.9277 29669
16.9309 29672
16.934 29675
16.9372 29678
16.9403 29681
16.9435 29684
16.9466 29687
16.9498 29690
16.953 29693
16.9561 29696
16.9593 29699
16.9624 29702
16.9656 29705
16.9687 29708
16.9719 29711
16.975 29714
16.9782 29717
16.9813 29720
16.9845 29723
16.9876 29726
16.9908 29729
16.9939 29732
16.9971 29735
17.0002 29738
17.0034 29741
17.0065 29744
17.0097 29747
17.0128 29750
17.016 29753
17.0191 29756
17.0223 29759
17.0254 29762
17.0286 29765
17.0318 29768
17.0349 29771
17.0381 29774
17.0412 29777
17.0444 29780
17.0475 29783
17.0507 29786
17.0538 29789
17.057 29792
17.0601 29795
17.0633 29798
17.0664 29801
17.0696 29804
17.0727 29807
17.0759 29810
17.079 29813
17.0822 29816
17.0853 29819
17.0885 29822
17.0916 29825
17.0948 29828
17.0979 29831
17.1011 29834
17.1042 29837
17.1074 29840
17.1106 29843
17.1137 29846
17.1169 29849
17.12 29852
17.1232 29855
17.1263 29858
17.1295 29861
17.1326 29864
17.1358 29867
17.1389 29870
17.1421 29873
17.1452 29876
17.1484 29879
17.1515 29882
17.1547 29885
17.1578 29888
17.161 29891
17.1641 29894
17.1673 29897
17.1704 29900
17.1736 29903
17.1767 29906
17.1799 29909
17.183 29912
17.1862 29915
17.1894 29918
17.1925 29921
17.1957 29924
17.1988 29927
17.202 29930
17.2051 29933
17.2083 29936
17.2114 29939
17.2146 29942
17.2177 29945
17.2209 29948
17.224 29951
17.2272 29954
17.2303 29957
17.2335 29960
17.2366 29963
17.2398 29966
17.2429 29969
17.2461 29972
17.2492 29975
17.2524 29978
17.2555 29981
17.2587 29984
17.2618 29987
17.265 29990
17.2682 29993
17.2713 29996
17.2745 29999
17.2776 30002
17.2808 30005
17.2839 30008
17.2871 30011
17.2902 30014
17.2934 30017
17.2965 30020
17.2997 30023
17.3028 30026
17.306 30029
17.3091 30032
17.3123 30035
17.3154 30038
17.3186 30041
17.3217 30044
17.3249 30047
17.328 30050
17.3312 30053
17.3343 30056
17.3375 30059
17.3406 30062
17.3438 30065
17.347 30068
17.3501 30071
17.3533 30074
17.3564 30077
17.3596 30080
17.3627 30083
17.3659 30086
17.369 30089
17.3722 30092
17.3753 30095
17.3785 30098
17.3816 30101
17.3848 30104
17.3879 30107
17.3911 30110
17.3942 30113
17.3974 30116
17.4005 30119
17.4037 30122
17.4068 30125
17.41 30128
17.4131 30131
17.4163 30134
17.4194 30137
17.4226 30140
17.4258 30143
17.4289 30146
17.4321 30149
17.4352 30152
17.4384 30155
17.4415 30158
17.4447 30161
17.4478 30164
17.451 30167
17.4541 30170
17.4573 30173
17.4604 30176
17.4636 30179
17.4667 30182
17.4699 30185
17.473 30188
17.4762 30191
17.4793 30194
17.4825 30197
17.4856 30200
17.4888 30203
17.4919 30206
17.4951 30209
17.4982 30212
17.5014 30215
17.5046 30218
17.5077 30221
17.5109 30224
17.514 30227
17.5172 30230
17.5203 30233
17.5235 30236
17.5266 30239
17.5298 30242
17.5329 30245
17.5361 30248
17.5392 30251
17.5424 30254
17.5455 30257
17.5487 30260
17.5518 30263
17.555 30266
17.5581 30269
17.5613 30272
17.5644 30275
17.5676 30278
17.5707 30281
17.5739 30284
17.577 30287
17.5802 30290
17.5834 30293
17.5865 30296
17.5897 30299
17.5928 30302
17.596 30305
17.5991 30308
17.6023 30311
17.6054 30314
17.6086 30317
17.6117 30320
17.6149 30323
17.618 30326
17.6212 30329
17.6243 30332
17.6275 30335
17.6306 30338
17.6338 30341
17.6369 30344
17.6401 30347
17.6432 30350
17.6464 30353
17.6495 30356
17.6527 30359
17.6558 30362
17.659 30365
17.6622 30368
17.6653 30371
17.6685 30374
17.6716 30377
17.6748 30380
17.6779 30383
17.6811 30386
17.6842 30389
17.6874 30392
17.6905 30395
17.6937 30398
17.6968 30401
17.7 30404
17.7031 30407
17.7063 30410
17.7094 30413
17.7126 30416
17.7157 30419
17.7189 30422
17.722 30425
17.7252 30428
17.7283 30431
17.7315 30434
17.7346 30437
17.7378 30440
17.741 30443
17.7441 30446
17.7473 30449
17.7504 30452
17.7536 30455
17.7567 30458
17.7599 30461
17.763 30464
17.7662 30467
17.7693 30470
17.7725 30473
17.7756 30476
17.7788 30479
17.7819 30482
17.7851 30485
17.7882 30488
17.7914 30491
17.7945 30494
17.7977 30497
17.8008 30500
17.804 30503
17.8071 30506
17.8103 30509
17.8134 30512
17.8166 30515
17.8198 30518
17.8229 30521
17.8261 30524
17.8292 30527
17.8324 30530
17.8355 30533
17.8387 30536
17.8418 30539
17.845 30542
17.8481 30545
17.8513 30548
17.8544 30551
17.8576 30554
17.8607 30557
17.8639 30560
17.867 30563
17.8702 30566
17.8733 30569
17.8765 30572
17.8796 30575
17.8828 30578
17.8859 30581
17.8891 30584
17.8922 30587
17.8954 30590
17.8986 30593
17.9017 30596
17.9049 30599
17.908 30602
17.9112 30605
17.9143 30608
17.9175 30611
17.9206 30614
17.9238 30617
17.9269 30620
17.9301 30623
17.9332 30626
17.9364 30629
17.9395 30632
17.9427 30635
17.9458 30638
17.949 30641
17.9521 30644
17.9553 30647
17.9584 30650
17.9616 30653
17.9647 30656
17.9679 30659
17.971 30662
17.9742 30665
17.9774 30668
17.9805 30671
17.9837 30674
17.9868 30677
17.99 30680
17.9931 30683
17.9963 30686
17.9994 30689
18.0026 30692
18.0057 30695
18.0089 30698
18.012 30701
18.0152 30704
18.0183 30707
18.0215 30710
18.0246 30713
18.0278 30716
18.0309 30719
18.0341 30722
18.0372 30725
18.0404 30728
18.0435 30731
18.0467 30734
18.0498 30737
18.053 30740
18.0562 30743
18.0593 30746
18.0625 30749
18.0656 30752
18.0688 30755
18.0719 30758
18.0751 30761
18.0782 30764
18.0814 30767
18.0845 30770
18.0877 30773
18.0908 30776
18.094 30779
18.0971 30782
18.1003 30785
18.1034 30788
18.1066 30791
18.1097 30794
18.1129 30797
18.116 30800
18.1192 30803
18.1223 30806
18.1255 30809
18.1286 30812
18.1318 30815
18.135 30818
18.1381 30821
18.1413 30824
18.1444 30827
18.1476 30830
18.1507 30833
18.1539 30836
18.157 30839
18.1602 30842
18.1633 30845
18.1665 30848
18.1696 30851
18.1728 30854
18.1759 30857
18.1791 30860
18.1822 30863
18.1854 30866
18.1885 30869
18.1917 30872
18.1948 30875
18.198 30878
18.2011 30881
18.2043 30884
18.2074 30887
18.2106 30890
18.2138 30893
18.2169 30896
18.2201 30899
18.2232 30902
18.2264 30905
18.2295 30908
18.2327 30911
18.2358 30914
18.239 30917
18.2421 30920
18.2453 30923
18.2484 30926
18.2516 30929
18.2547 30932
18.2579 30935
18.261 30938
18.2642 30941
18.2673 30944
18.2705 30947
18.2736 30950
18.2768 30953
18.2799 30956
18.2831 30959
18.2862 30962
18.2894 30965
18.2926 30968
18.2957 30971
18.2989 30974
18.302 30977
18.3052 30980
18.3083 30983
18.3115 30986
18.3146 30989
18.3178 30992
18.3209 30995
18.3241 30998
18.3272 31001
18.3304 31004
18.3335 31007
18.3367 31010
18.3398 31013
18.343 31016
18.3461 31019
18.3493 31022
18.3524 31025
18.3556 31028
18.3587 31031
18.3619 31034
18.365 31037
18.3682 31040
18.3714 31043
18.3745 31046
18.3777 31049
18.3808 31052
18.384 31055
18.3871 31058
18.3903 31061
18.3934 31064
18.3966 31067
18.3997 31070
18.4029 31073
18.406 31076
18.4092 31079
18.4123 31082
18.4155 31085
18.4186 31088
18.4218 31091
18.4249 31094
18.4281 31097
18.4312 31100
18.4344 31103
18.4375 31106
18.4407 31109
18.4438 31112
18.447 31115
18.4502 31118
18.4533 31121
18.4565 31124
18.4596 31127
18.4628 31130
18.4659 31133
18.4691 31136
18.4722 31139
18.4754 31142
18.4785 31145
18.4817 31148
18.4848 31151
18.488 31154
18.4911 31157
18.4943 31160
18.4974 31163
18.5006 31166
18.5037 31169
18.5069 31172
18.51 31175
18.5132 31178
18.5163 31181
18.5195 31184
18.5226 31187
18.5258 31190
18.529 31193
18.5321 31196
18.5353 31199
18.5384 31202
18.5416 31205
18.5447 31208
18.5479 31211
18.551 31214
18.5542 31217
18.5573 31220
18.5605 31223
18.5636 31226
18.5668 31229
18.5699 31232
18.5731 31235
18.5762 31238
18.5794 31241
18.5825 31244
18.5857 31247
18.5888 31250
18.592 31253
18.5951 31256
18.5983 31259
18.6014 31262
18.6046 31265
18.6078 31268
18.6109 31271
18.6141 31274
18.6172 31277
18.6204 31280
18.6235 31283
18.6267 31286
18.6298 31289
18.633 31292
18.6361 31295
18.6393 31298
18.6424 31301
18.6456 31304
18.6487 31307
18.6519 31310
18.655 31313
18.6582 31316
18.6613 31319
18.6645 31322
18.6676 31325
18.6708 31328
18.6739 31331
18.6771 31334
18.6802 31337
18.6834 31340
18.6866 31343
18.6897 31346
18.6929 31349
18.696 31352
18.6992 31355
18.7023 31358
18.7055 31361
18.7086 31364
18.7118 31367
18.7149 31370
18.7181 31373
18.7212 31376
18.7244 31379
18.7275 31382
18.7307 31385
18.7338 31388
18.737 31391
18.7401 31394
18.7433 31397
18.7464 31400
18.7496 31403
18.7527 31406
18.7559 31409
18.759 31412
18.7622 31415
18.7654 31418
18.7685 31421
18.7717 31424
18.7748 31427
18.778 31430
18.7811 31433
18.7843 31436
18.7874 31439
18.7906 31442
18.7937 31445
18.7969 31448
18.8 31451
18.8032 31454
18.8063 31457
18.8095 31460
18.8126 31463
18.8158 31466
18.8189 31469
18.8221 31472
18.8252 31475
18.8284 31478
18.8315 31481
18.8347 31484
18.8378 31487
18.841 31490
18.8442 31493
18.8473 31496
18.8505 31499
18.8536 31502
18.8568 31505
18.8599 31508
18.8631 31511
18.8662 31514
18.8694 31517
18.8725 31520
18.8757 31523
18.8788 31526
18.882 31529
18.8851 31532
18.8883 31535
18.8914 31538
18.8946 31541
18.8977 31544
18.9009 31547
18.904 31550
18.9072 31553
18.9103 31556
18.9135 31559
18.9166 31562
18.9198 31565
18.923 31568
18.9261 31571
18.9293 31574
18.9324 31577
18.9356 31580
18.9387 31583
18.9419 31586
18.945 31589
18.9482 31592
18.9513 31595
18.9545 31598
18.9576 31601
18.9608 31604
18.9639 31607
18.9671 31610
18.9702 31613
18.9734 31616
18.9765 31619
18.9797 31622
18.9828 31625
18.986 31628
18.9891 31631
18.9923 31634
18.9954 31637
18.9986 31640
19.0018 31643
19.0049 31646
19.0081 31649
19.0112 31652
19.0144 31655
19.0175 31658
19.0207 31661
19.0238 31664
19.027 31667
19.0301 31670
19.0333 31673
19.0364 31676
19.0396 31679
19.0427 31682
19.0459 31685
19.049 31688
19.0522 31691
19.0553 31694
19.0585 31697
19.0616 31700
19.0648 31703
19.0679 31706
19.0711 31709
19.0742 31712
19.0774 31715
19.0805 31718
19.0837 31721
19.0869 31724
19.09 31727
19.0932 31730
19.0963 31733
19.0995 31736
19.1026 31739
19.1058 31742
19.1089 31745
19.1121 31748
19.1152 31751
19.1184 31754
19.1215 31757
19.1247 31760
19.1278 31763
19.131 31766
19.1341 31769
19.1373 31772
19.1404 31775
19.1436 31778
19.1467 31781
19.1499 31784
19.153 31787
19.1562 31790
19.1593 31793
19.1625 31796
19.1657 31799
19.1688 31802
19.172 31805
19.1751 31808
19.1783 31811
19.1814 31814
19.1846 31817
19.1877 31820
19.1909 31823
19.194 31826
19.1972 31829
19.2003 31832
19.2035 31835
19.2066 31838
19.2098 31841
19.2129 31844
19.2161 31847
19.2192 31850
19.2224 31853
19.2255 31856
19.2287 31859
19.2318 31862
19.235 31865
19.2381 31868
19.2413 31871
19.2445 31874
19.2476 31877
19.2508 31880
19.2539 31883
19.2571 31886
19.2602 31889
19.2634 31892
19.2665 31895
19.2697 31898
19.2728 31901
19.276 31904
19.2791 31907
19.2823 31910
19.2854 31913
19.2886 31916
19.2917 31919
19.2949 31922
19.298 31925
19.3012 31928
19.3043 31931
19.3075 31934
19.3106 31937
19.3138 31940
19.3169 31943
19.3201 31946
19.3233 31949
19.3264 31952
19.3296 31955
19.3327 31958
19.3359 31961
19.339 31964
19.3422 31967
19.3453 31970
19.3485 31973
19.3516 31976
19.3548 31979
19.3579 31982
19.3611 31985
19.3642 31988
19.3674 31991
19.3705 31994
19.3737 31997
19.3768 32000
19.38 32003
19.3831 32006
19.3863 32009
19.3894 32012
19.3926 32015
19.3957 32018
19.3989 32021
19.4021 32024
19.4052 32027
19.4084 32030
19.4115 32033
19.4147 32036
19.4178 32039
19.421 32042
19.4241 32045
19.4273 32048
19.4304 32051
19.4336 32054
19.4367 32057
19.4399 32060
19.443 32063
19.4462 32066
19.4493 32069
19.4525 32072
19.4556 32075
19.4588 32078
19.4619 32081
19.4651 32084
19.4682 32087
19.4714 32090
19.4745 32093
19.4777 32096
19.4809 32099
19.484 32102
19.4872 32105
19.4903 32108
19.4935 32111
19.4966 32114
19.4998 32117
19.5029 32120
19.5061 32123
19.5092 32126
19.5124 32129
19.5155 32132
19.5187 32135
19.5218 32138
19.525 32141
19.5281 32144
19.5313 32147
19.5344 32150
19.5376 32153
19.5407 32156
19.5439 32159
19.547 32162
19.5502 32165
19.5533 32168
19.5565 32171
19.5597 32174
19.5628 32177
19.566 32180
19.5691 32183
19.5723 32186
19.5754 32189
19.5786 32192
19.5817 32195
19.5849 32198
19.588 32201
19.5912 32204
19.5943 32207
19.5975 32210
19.6006 32213
19.6038 32216
19.6069 32219
19.6101 32222
19.6132 32225
19.6164 32228
19.6195 32231
19.6227 32234
19.6258 32237
19.629 32240
19.6321 32243
19.6353 32246
19.6385 32249
19.6416 32252
19.6448 32255
19.6479 32258
19.6511 32261
19.6542 32264
19.6574 32267
19.6605 32270
19.6637 32273
19.6668 32276
19.67 32279
19.6731 32282
19.6763 32285
19.6794 32288
19.6826 32291
19.6857 32294
19.6889 32297
19.692 32300
19.6952 32303
19.6983 32306
19.7015 32309
19.7046 32312
19.7078 32315
19.7109 32318
19.7141 32321
19.7173 32324
19.7204 32327
19.7236 32330
19.7267 32333
19.7299 32336
19.733 32339
19.7362 32342
19.7393 32345
19.7425 32348
19.7456 32351
19.7488 32354
19.7519 32357
19.7551 32360
19.7582 32363
19.7614 32366
19.7645 32369
19.7677 32372
19.7708 32375
19.774 32378
19.7771 32381
19.7803 32384
19.7834 32387
19.7866 32390
19.7897 32393
19.7929 32396
19.7961 32399
19.7992 32402
19.8024 32405
19.8055 32408
19.8087 32411
19.8118 32414
19.815 32417
19.8181 32420
19.8213 32423
19.8244 32426
19.8276 32429
19.8307 32432
19.8339 32435
19.837 32438
19.8402 32441
19.8433 32444
19.8465 32447
19.8496 32450
19.8528 32453
19.8559 32456
19.8591 32459
19.8622 32462
19.8654 32465
19.8685 32468
19.8717 32471
19.8749 32474
19.878 32477
19.8812 32480
19.8843 32483
19.8875 32486
19.8906 32489
19.8938 32492
19.8969 32495
19.9001 32498
19.9032 32501
19.9064 32504
19.9095 32507
19.9127 32510
19.9158 32513
19.919 32516
19.9221 32519
19.9253 32522
19.9284 32525
19.9316 32528
19.9347 32531
19.9379 32534
19.941 32537
19.9442 32540
19.9473 32543
19.9505 32546
19.9537 32549
19.9568 32552
19.96 32555
19.9631 32558
19.9663 32561
19.9694 32564
19.9726 32567
19.9757 32570
19.9789 32573
19.982 32576
19.9852 32579
19.9883 32582
19.9915 32585
19.9946 32588
19.9978 32591
20.0009 32594
20.0041 32597
20.0072 32600
20.0104 32603
20.0135 32606
20.0167 32609
20.0198 32612
20.023 32615
20.0261 32618
20.0293 32621
20.0325 32624
20.0356 32627
20.0388 32630
20.0419 32633
20.0451 32636
20.0482 32639
20.0514 32642
20.0545 32645
20.0577 32648
20.0608 32651
20.064 32654
20.0671 32657
20.0703 32660
20.0734 32663
20.0766 32666
20.0797 32669
20.0829 32672
20.086 32675
20.0892 32678
20.0923 32681
20.0955 32684
20.0986 32687
