0.0905768 1
0.18279 341
0.276537 1021
0.370283 1701
0.462454 2381
0.465606 3061
0.5562 3741
0.559352 4421
0.562504 5101
0.649946 5781
0.653098 6461
0.65625 7141
0.659402 7821
0.742117 8501
0.745269 9181
0.748421 9861
0.751573 10541
0.754725 11221
0.757877 11901
0.834287 12581
0.837439 13261
0.840591 13941
0.843743 14621
0.846895 15301
0.850047 15981
0.853199 16661
0.856351 17341
0.859503 18021
0.926458 18701
0.92961 19381
0.932762 20061
0.935914 20741
0.939066 21421
0.942218 22101
0.94537 22781
0.948522 23461
0.951674 24141
0.954826 24821
0.957978 25501
0.96113 26181
0.964282 26861
0.967434 27541
1.0202 28221
1.02336 28901
1.02651 29581
1.02966 30261
1.03281 30941
1.03596 31621
1.03912 32301
1.04227 32981
1.04542 33661
1.04857 34341
1.05172 35021
1.05488 35701
1.05803 36381
1.06118 37061
1.06433 37741
1.06748 38421
1.07064 39101
1.07379 39781
1.07694 40461
1.08009 41141
1.08324 41821
1.11395 42501
1.1171 43181
1.12025 43861
1.12341 44541
1.12656 45221
1.12971 45901
1.13286 46581
1.13601 47261
1.13917 47941
1.14232 48621
1.14547 49301
1.14862 49981
1.15177 50661
1.15493 51341
1.15808 52021
1.16123 52701
1.16438 53381
1.16753 54061
1.17069 54741
1.17384 55421
1.17699 56101
1.18014 56781
1.18329 57461
1.18645 58141
1.1896 58821
1.19275 59501
1.1959 60181
1.19905 60861
1.20221 61541
1.20536 62221
1.20851 62901
1.21166 63581
1.21481 64261
1.21797 64941
1.22112 65621
1.22427 66301
1.22742 66981
1.23057 67661
1.23373 68341
1.23688 69021
1.24003 69701
1.24318 70381
1.24633 71061
1.24949 71741
1.25264 72421
1.25579 73101
1.25894 73781
1.26209 74461
1.26525 75141
1.2684 75821
1.27155 76501
1.2747 77181
1.27785 77861
1.28101 78541
1.28416 79221
1.28731 79901
1.29046 80581
1.29361 81261
1.29677 81941
1.29992 82621
1.30307 83301
1.30622 83981
1.30937 84661
1.31253 85341
1.31568 86021
1.31883 86701
1.32198 87381
1.32513 88061
1.32829 88741
1.33144 89421
1.33459 90101
1.33774 90781
1.34089 91461
1.34405 92141
1.3472 92821
1.35035 93501
1.3535 94181
1.35665 94861
1.35981 95541
1.36296 96221
1.36611 96901
1.36926 97581
1.37241 98261
1.37557 98941
1.37872 99621
1.38187 100301
1.38502 100981
1.38817 101661
1.39133 102341
1.39448 103021
1.39763 103701
1.40078 104381
1.40393 105061
1.40709 105741
1.41024 106421
1.41339 107101
1.41654 107781
1.41969 108461
1.42285 109141
1.426 109821
1.42915 110501
1.4323 111181
1.43545 111861
1.43861 112541
1.44176 113221
1.44491 113901
1.44806 114581
1.45121 115261
1.45437 115941
1.45752 116621
1.46067 117301
1.46382 117981
1.46697 118661
1.47013 119341
1.47328 120021
1.47643 120701
1.47958 121381
1.48273 122061
1.48589 122741
1.48904 123421
1.49219 124101
1.49534 124781
1.49849 125461
1.50165 126141
1.5048 126821
1.50795 127501
1.5111 128181
1.51425 128861
1.51741 129541
1.52056 130221
1.52371 130901
1.52686 131581
1.53001 132261
1.53317 132941
1.53632 133621
1.53947 134301
1.54262 134981
1.54577 135661
1.54893 136341
1.55208 137021
1.55523 137701
1.55838 138381
1.56153 139061
1.56469 139741
1.56784 140421
1.57099 141101
1.57414 141781
1.57729 142461
1.58045 143141
1.5836 143821
1.58675 144501
1.5899 145181
1.59305 145861
1.59621 146541
1.59936 147221
1.60251 147901
1.60566 148581
1.60881 149261
1.61197 149941
1.61512 150621
1.61827 151301
1.62142 151981
1.62457 152661
1.62773 153341
1.63088 154021
1.63403 154701
1.63718 155381
1.64033 156061
1.64349 156741
1.64664 157421
1.64979 158101
1.65294 158781
1.65609 159461
1.65925 160141
1.6624 160821
1.66555 161501
1.6687 162181
1.67185 162861
1.67501 163541
1.67816 164221
1.68131 164901
1.68446 165581
1.68761 166261
1.69077 166941
1.69392 167621
1.69707 168301
1.70022 168981
1.70337 169661
1.70653 170341
1.70968 171021
1.71283 171701
1.71598 172381
1.71913 173061
1.72229 173741
1.72544 174421
1.72859 175101
1.73174 175781
1.73489 176461
1.73805 177141
1.7412 177821
1.74435 178501
1.7475 179181
1.75065 179861
1.75381 180541
1.75696 181221
1.76011 181901
1.76326 182581
1.76641 183261
1.76957 183941
1.77272 184621
1.77587 185301
1.77902 185981
1.78217 186661
1.78533 187341
1.78848 188021
1.79163 188701
1.79478 189381
1.79793 190061
1.80109 190741
1.80424 191421
1.80739 192101
1.81054 192781
1.81369 193461
1.81685 194141
1.82 194821
1.82315 195501
1.8263 196181
1.82945 196861
1.83261 197541
1.83576 198221
1.83891 198901
1.84206 199581
1.84521 200261
1.84837 200941
1.85152 201621
1.85467 202301
1.85782 202981
1.86097 203661
1.86413 204341
1.86728 205021
1.87043 205701
1.87358 206381
1.87673 207061
1.87989 207741
1.88304 208421
1.88619 209101
1.88934 209781
1.89249 210461
1.89565 211141
1.8988 211821
1.90195 212501
1.9051 213181
1.90825 213861
1.91141 214541
1.91456 215221
1.91771 215901
1.92086 216581
1.92401 217261
1.92717 217941
2.26927 218961
2.33634 219981
2.33792 221001
2.33949 222021
2.34107 223041
2.34265 224061
2.34422 225081
2.3458 226101
2.34737 227121
2.34895 228141
2.35053 229161
2.3521 230181
2.35368 231201
2.35525 232221
2.35683 233241
2.35841 234261
2.35998 235281
2.36156 236301
2.36313 237321
2.36471 238341
2.36629 239361
2.36786 240381
2.36944 241401
2.37101 242421
2.37417 243441
2.4302 244461
2.43336 245481
2.43651 246501
2.43966 247521
2.44281 248541
2.44596 249561
2.44912 250581
2.45227 251601
2.45542 252621
2.45857 253641
2.46172 254661
2.46488 255681
2.46803 256701
2.47118 257721
2.47433 258741
2.47748 259761
2.48064 260781
2.48379 261801
2.48694 262821
2.49009 263841
2.49324 264861
2.4964 265881
2.49955 266901
2.5027 267921
2.52407 268941
2.52722 269961
2.53037 270981
2.53352 272001
2.53667 273021
2.53983 274041
2.54298 275061
2.54613 276081
2.54928 277101
2.55243 278121
2.55559 279141
2.55874 280161
2.56189 281181
2.56504 282201
2.56819 283221
2.57135 284241
2.5745 285261
2.57765 286281
2.5808 287301
2.58395 288321
2.58711 289341
2.59026 290361
2.59341 291381
2.59656 292401
2.61793 293421
2.62108 294441
2.62423 295461
2.62738 296481
2.63054 297501
2.63369 298521
2.63684 299541
2.63999 300561
2.64314 301581
2.6463 302601
2.64945 303621
2.6526 304641
2.65575 305661
2.6589 306681
2.66206 307701
2.66521 308721
2.66836 309741
2.67151 310761
2.67466 311781
2.67782 312801
2.68097 313821
2.68412 314841
2.68727 315861
2.69042 316881
2.71179 317901
2.71494 318921
2.71809 319941
2.72124 320961
2.7244 321981
2.72755 323001
2.7307 324021
2.73385 325041
2.73697 326061
2.74008 327081
2.8354 336261
2.83855 336941
2.84486 337621
2.85116 338301
2.85747 338981
2.86377 339661
2.87007 340341
2.87638 341021
2.9009 341701
2.9072 342381
2.9135 343061
2.91981 343741
2.92454 344421
2.93072 345101
2.93703 345781
2.94333 346461
2.94964 347141
2.95279 347821
2.95752 348501
2.96382 349181
2.97012 349861
2.99464 350541
3.00095 351221
3.00725 351901
3.01355 352581
3.01828 353261
3.02447 353941
3.03078 354621
3.03708 355301
3.04338 355981
3.04654 356661
3.05126 357341
3.05757 358021
3.06387 358701
3.08839 359381
3.09469 360061
3.101 360741
3.1073 361421
3.11203 362101
3.11822 362781
3.12452 363461
3.13083 364141
3.13713 364821
3.14028 365501
3.14501 366181
3.15131 366861
3.15604 367541
3.18056 368221
3.18686 368901
3.19317 369581
3.19947 370261
3.2042 370941
3.21039 371621
3.21669 372301
3.223 372981
3.2293 373661
3.23245 374341
3.23718 375021
3.24348 375701
3.24821 376381
3.27273 377061
3.27903 377741
3.28534 378421
3.29164 379101
3.29637 379781
3.30256 380461
3.30886 381141
3.31517 381821
3.32147 382501
3.32462 383181
3.32935 383861
3.33565 384541
3.34038 385221
3.3649 385901
3.36805 386581
3.37278 387261
3.37908 387941
3.38539 388621
3.39012 389301
3.3963 389981
3.40261 390661
3.40891 391341
3.41522 392021
3.41837 392701
3.4231 393381
3.4294 394061
3.43413 394741
3.45865 395421
3.4618 396101
3.46653 396781
3.47283 397461
3.47913 398141
3.48386 398821
3.49005 399501
3.49636 400181
3.50266 400861
3.50896 401541
3.51212 402221
3.51684 402901
3.52315 403581
3.52788 404261
3.55239 404941
3.55554 405621
3.56027 406301
3.56658 406981
3.5713 407661
3.57603 408341
3.58222 409021
3.58853 409701
3.59483 410381
3.60113 411061
3.60429 411741
3.60901 412421
3.61532 413101
3.62005 413781
3.64456 414461
3.64772 415141
3.65244 415821
3.65875 416501
3.66348 417181
3.6682 417861
3.67439 418541
3.6807 419221
3.687 419901
3.6933 420581
3.69646 421261
3.70118 421941
3.70749 422621
3.71222 423301
3.73673 423981
3.73989 424661
3.74461 425341
3.75092 426021
3.75565 426701
3.76037 427381
3.76656 428061
3.76971 428741
3.77444 429421
3.78075 430101
3.78705 430781
3.7902 431461
3.79493 432141
3.80123 432821
3.80596 433501
3.83048 434181
3.83363 434861
3.83836 435541
3.84466 436221
3.84939 436901
3.85412 437581
3.86031 438261
3.86346 438941
3.86819 439621
3.87449 440301
3.8808 440981
3.88395 441661
3.88868 442341
3.89498 443021
3.89971 443701
3.92423 444381
3.92738 445061
3.93211 445741
3.93841 446421
3.94314 447101
3.94787 447781
3.95406 448461
3.95721 449141
3.96194 449821
3.96666 450501
3.97297 451181
3.97612 451861
3.98085 452541
3.98715 453221
3.99188 453901
4.0164 454581
4.01955 455261
4.02428 455941
4.03058 456621
4.03531 457301
4.04004 457981
4.04623 458661
4.04938 459341
4.05411 460021
4.05883 460701
4.06514 461381
4.06829 462061
4.07302 462741
4.07932 463421
4.08405 464101
4.10857 464781
4.11172 465461
4.11645 466141
4.12275 466821
4.12748 467501
4.13221 468181
4.1384 468861
4.14155 469541
4.14628 470221
4.151 470901
4.15731 471581
4.16046 472261
4.16519 472941
4.16834 473621
4.17307 474301
4.1778 474981
4.20231 475661
4.20547 476341
4.21019 477021
4.2165 477701
4.22123 478381
4.22595 479061
4.23214 479741
4.23529 480421
4.24002 481101
4.24475 481781
4.25105 482461
4.25421 483141
4.25893 483821
4.26209 484501
4.26681 485181
4.27154 485861
4.29606 486541
4.29921 487221
4.30394 487901
4.31024 488581
4.31497 489261
4.3197 489941
4.32589 490621
4.32904 491301
4.33377 491981
4.3385 492661
4.3448 493341
4.34795 494021
4.35268 494701
4.35583 495381
4.36056 496061
4.36529 496741
4.38823 497421
4.39138 498101
4.39611 498781
4.40241 499461
4.40714 500141
4.41187 500821
4.41806 501501
4.42121 502181
4.42594 502861
4.43067 503541
4.43697 504221
4.44012 504901
4.44485 505581
4.448 506261
4.45273 506941
4.45746 507621
4.4804 508301
4.48355 508981
4.48828 509661
4.49458 510341
4.49931 511021
4.50404 511701
4.51023 512381
4.51338 513061
4.51811 513741
4.52284 514421
4.52914 515101
4.53229 515781
4.53702 516461
4.54017 517141
4.5449 517821
4.54963 518501
4.57257 519181
4.57572 519861
4.57888 520541
4.58203 521221
4.58833 521901
4.59306 522581
4.59779 523261
4.60398 523941
4.60713 524621
4.61186 525301
4.61658 525981
4.62289 526661
4.62604 527341
4.63077 528021
4.63392 528701
4.63865 529381
4.64338 530061
4.66632 530741
4.66947 531421
4.67262 532101
4.67577 532781
4.68208 533461
4.68681 534141
4.69153 534821
4.69772 535501
4.70087 536181
4.7056 536861
4.71033 537541
4.71663 538221
4.71979 538901
4.72451 539581
4.72767 540261
4.73239 540941
4.73712 541621
4.76006 542301
4.76322 542981
4.76637 543661
4.76952 544341
4.77582 545021
4.78055 545701
4.78528 546381
4.78989 547061
4.79304 547741
4.79777 548421
4.8025 549101
4.8088 549781
4.81196 550461
4.81668 551141
4.81984 551821
4.82456 552501
4.82929 553181
4.85223 553861
4.85539 554541
4.85854 555221
4.86169 555901
4.86799 556581
4.87272 557261
4.87745 557941
4.88206 558621
4.88522 559301
4.88994 559981
4.89467 560661
4.90098 561341
4.90413 562021
4.90886 562701
4.91201 563381
4.91674 564061
4.92146 564741
4.9444 565421
4.94756 566101
4.95071 566781
4.95386 567461
4.96016 568141
4.96489 568821
4.96962 569501
4.97423 570181
4.97739 570861
4.98211 571541
4.98527 572221
4.98842 572901
4.99472 573581
4.99787 574261
5.0026 574941
5.00575 575621
5.01048 576301
5.01521 576981
5.03815 577661
5.0413 578341
5.04446 579021
5.04761 579701
5.05391 580381
5.05864 581061
5.06337 581741
5.06798 582421
5.07113 583101
5.07586 583781
5.07901 584461
5.08216 585141
5.08847 585821
5.09162 586501
5.09635 587181
5.0995 587861
5.10423 588541
5.10896 589221
5.1319 589901
5.13505 590581
5.1382 591261
5.14135 591941
5.14766 592621
5.15239 593301
5.15711 593981
5.16173 594661
5.16488 595341
5.16961 596021
5.17276 596701
5.17591 597381
5.18221 598061
5.18537 598741
5.18852 599421
5.19167 600101
5.1964 600781
5.20113 601461
5.22407 602141
5.22722 602821
5.23037 603501
5.23352 604181
5.23983 604861
5.24456 605541
5.24928 606221
5.2539 606901
5.25705 607581
5.26178 608261
5.26493 608941
5.26808 609621
5.27438 610301
5.27754 610981
5.28069 611661
5.28384 612341
5.28857 613021
5.2933 613701
5.31624 614381
5.31939 615061
5.32254 615741
5.32569 616421
5.332 617101
5.33673 617781
5.34145 618461
5.34607 619141
5.34922 619821
5.35395 620501
5.3571 621181
5.36025 621861
5.36656 622541
5.36971 623221
5.37286 623901
5.37601 624581
5.37916 625261
5.38232 625941
5.38704 626621
5.40998 627301
5.41314 627981
5.41629 628661
5.41944 629341
5.42574 630021
5.43047 630701
5.4352 631381
5.43981 632061
5.44297 632741
5.44769 633421
5.45085 634101
5.454 634781
5.4603 635461
5.46345 636141
5.46661 636821
5.46976 637501
5.47291 638181
5.47606 638861
5.48079 639541
5.50373 640221
5.50688 640901
5.51004 641581
5.51319 642261
5.51949 642941
5.52422 643621
5.52895 644301
5.53356 644981
5.53671 645661
5.54144 646341
5.54459 647021
5.54774 647701
5.55405 648381
5.5572 649061
5.56035 649741
5.5635 650421
5.56666 651101
5.56981 651781
5.57454 652461
5.59748 653141
5.60063 653821
5.60378 654501
5.60693 655181
5.61166 655861
5.61639 656541
5.62112 657221
5.62573 657901
5.62888 658581
5.63361 659261
5.63676 659941
5.63991 660621
5.64622 661301
5.64937 661981
5.65252 662661
5.65567 663341
5.65883 664021
5.66198 664701
5.66671 665381
5.68965 666061
5.6928 666741
5.69595 667421
5.6991 668101
5.70383 668781
5.70856 669461
5.71329 670141
5.7179 670821
5.72105 671501
5.72578 672181
5.72893 672861
5.73208 673541
5.73839 674221
5.74154 674901
5.74469 675581
5.74784 676261
5.751 676941
5.75415 677621
5.75888 678301
5.78182 678981
5.78497 679661
5.78812 680341
5.79127 681021
5.796 681701
5.80073 682381
5.80546 683061
5.80861 683741
5.81176 684421
5.81491 685101
5.81953 685781
5.82268 686461
5.82583 687141
5.83214 687821
5.83529 688501
5.83844 689181
5.84159 689861
5.84474 690541
5.8479 691221
5.85262 691901
5.87556 692581
5.87872 693261
5.88187 693941
5.88502 694621
5.88975 695301
5.89448 695981
5.8992 696661
5.90236 697341
5.90551 698021
5.90866 698701
5.91327 699381
5.91643 700061
5.91958 700741
5.92588 701421
5.92903 702101
5.93219 702781
5.93534 703461
5.93849 704141
5.94164 704821
5.94637 705501
5.96931 706181
5.97246 706861
5.97562 707541
5.97877 708221
5.9835 708901
5.98822 709581
5.99295 710261
5.9961 710941
5.99926 711621
6.00241 712301
6.00556 712981
6.00871 713661
6.01186 714341
6.01805 715021
6.0212 715701
6.02436 716381
6.02751 717061
6.03066 717741
6.03381 718421
6.03854 719101
6.06148 719781
6.06463 720461
6.06779 721141
6.07094 721821
6.07567 722501
6.08039 723181
6.08512 723861
6.08827 724541
6.09143 725221
6.09458 725901
6.09773 726581
6.10088 727261
6.10403 727941
6.11022 728621
6.11337 729301
6.11653 729981
6.11968 730661
6.12283 731341
6.12598 732021
6.13071 732701
6.15365 733381
6.1568 734061
6.15996 734741
6.16311 735421
6.16784 736101
6.17256 736781
6.17729 737461
6.18044 738141
6.1836 738821
6.18675 739501
6.1899 740181
6.19305 740861
6.1962 741541
6.19936 742221
6.20397 742901
6.20712 743581
6.21027 744261
6.21342 744941
6.21658 745621
6.21973 746301
6.22446 746981
6.2474 747661
6.25055 748341
6.2537 749021
6.25685 749701
6.26158 750381
6.26631 751061
6.27104 751741
6.27419 752421
6.27734 753101
6.28049 753781
6.28365 754461
6.2868 755141
6.28995 755821
6.2931 756501
6.29772 757181
6.30087 757861
6.30402 758541
6.30717 759221
6.31032 759901
6.31348 760581
6.3182 761261
6.34114 761941
6.3443 762621
6.34745 763301
6.3506 763981
6.35533 764661
6.36006 765341
6.36478 766021
6.36794 766701
6.37109 767381
6.37424 768061
6.37739 768741
6.38054 769421
6.3837 770101
6.38685 770781
6.39146 771461
6.39461 772141
6.39777 772821
6.40092 773501
6.40407 774181
6.40722 774861
6.41037 775541
6.43332 776221
6.43647 776901
6.43962 777581
6.44277 778261
6.4475 778941
6.45223 779621
6.45696 780301
6.46011 780981
6.46326 781661
6.46641 782341
6.46956 783021
6.47272 783701
6.47587 784381
6.47902 785061
6.48363 785741
6.48678 786421
6.48994 787101
6.49309 787781
6.49624 788461
6.49939 789141
6.50254 789821
6.52549 790501
6.52864 791181
6.53179 791861
6.53494 792541
6.53967 793221
6.5444 793901
6.54913 794581
6.55228 795261
6.55543 795941
6.55858 796621
6.56173 797301
6.56489 797981
6.56804 798661
6.57119 799341
6.5758 800021
6.57895 800701
6.58211 801381
6.58526 802061
6.58841 802741
6.59156 803421
6.59471 804101
6.61766 804781
6.62081 805461
6.62396 806141
6.62711 806821
6.63026 807501
6.63342 808181
6.63814 808861
6.64287 809541
6.64602 810221
6.64918 810901
6.65233 811581
6.65548 812261
6.65863 812941
6.66178 813621
6.66494 814301
6.66955 814981
6.6727 815661
6.67585 816341
6.679 817021
6.68216 817701
6.68531 818381
6.68846 819061
6.7114 819741
6.71455 820421
6.71771 821101
6.72086 821781
6.72401 822461
6.72716 823141
6.73189 823821
6.73662 824501
6.73977 825181
6.74292 825861
6.74607 826541
6.74923 827221
6.75238 827901
6.75553 828581
6.75868 829261
6.7633 829941
6.76645 830621
6.7696 831301
6.77275 831981
6.7759 832661
6.77906 833341
6.78221 834021
6.80515 834701
6.8083 835381
6.81145 836061
6.8146 836741
6.81776 837421
6.82091 838101
6.82564 838781
6.83036 839461
6.83352 840141
6.83667 840821
6.83982 841501
6.84297 842181
6.84612 842861
6.84928 843541
6.85243 844221
6.85558 844901
6.85873 845581
6.86188 846261
6.86504 846941
6.86819 847621
6.87134 848301
6.87449 848981
6.89732 849661
6.90047 850341
6.90362 851021
6.90678 851701
6.90993 852381
6.91308 853061
6.91781 853741
6.92254 854421
6.92569 855101
6.92884 855781
6.93199 856461
6.93514 857141
6.9383 857821
6.94145 858501
6.9446 859181
6.94775 859861
6.9509 860541
6.95406 861221
6.95721 861901
6.96036 862581
6.96351 863261
6.96666 863941
6.98949 864621
6.99264 865301
6.99579 865981
6.99895 866661
7.0021 867341
7.00525 868021
7.00998 868701
7.01471 869381
7.01786 870061
7.02101 870741
7.02416 871421
7.02731 872101
7.03047 872781
7.03362 873461
7.03677 874141
7.03992 874821
7.04307 875501
7.04623 876181
7.04938 876861
7.05253 877541
7.05568 878221
7.05883 878901
7.06199 879581
7.08324 880261
7.08639 880941
7.08954 881621
7.09269 882301
7.09584 882981
7.099 883661
7.10372 884341
7.10845 885021
7.1116 885701
7.11476 886381
7.11791 887061
7.12106 887741
7.12421 888421
7.12736 889101
7.13052 889781
7.13367 890461
7.13682 891141
7.13997 891821
7.14312 892501
7.14628 893181
7.14943 893861
7.15258 894541
7.15573 895221
7.17698 895901
7.18013 896581
7.18329 897261
7.18644 897941
7.18959 898621
7.19274 899301
7.19747 899981
7.2022 900661
7.20535 901341
7.2085 902021
7.21165 902701
7.21481 903381
7.21796 904061
7.22111 904741
7.22426 905421
7.22741 906101
7.23057 906781
7.23372 907461
7.23687 908141
7.24002 908821
7.24317 909501
7.24633 910181
7.24948 910861
7.26915 911541
7.2723 912221
7.27546 912901
7.27861 913581
7.28176 914261
7.28491 914941
7.28964 915621
7.29437 916301
7.29752 916981
7.30067 917661
7.30382 918341
7.30698 919021
7.31013 919701
7.31328 920381
7.31643 921061
7.31958 921741
7.32274 922421
7.32589 923101
7.32904 923781
7.33219 924461
7.33534 925141
7.3385 925821
7.34165 926501
7.36132 927181
7.36448 927861
7.36763 928541
7.37078 929221
7.37393 929901
7.37708 930581
7.38181 931261
7.38654 931941
7.38969 932621
7.39284 933301
7.396 933981
7.39915 934661
7.4023 935341
7.40545 936021
7.4086 936701
7.41176 937381
7.41491 938061
7.41806 938741
7.42121 939421
7.42436 940101
7.42752 940781
7.43067 941461
7.43382 942141
7.43697 942821
7.45507 943501
7.45822 944181
7.46137 944861
7.46453 945541
7.46768 946221
7.47083 946901
7.47556 947581
7.48029 948261
7.48344 948941
7.48659 949621
7.48974 950301
7.49289 950981
7.49605 951661
7.4992 952341
7.50235 953021
7.5055 953701
7.50865 954381
7.51181 955061
7.51496 955741
7.51811 956421
7.52126 957101
7.52441 957781
7.52757 958461
7.53072 959141
7.54882 959821
7.55197 960501
7.55512 961181
7.55827 961861
7.56142 962541
7.56458 963221
7.5693 963901
7.57403 964581
7.57718 965261
7.58034 965941
7.58349 966621
7.58664 967301
7.58979 967981
7.59294 968661
7.5961 969341
7.59925 970021
7.6024 970701
7.60555 971381
7.6087 972061
7.61186 972741
7.61501 973421
7.61816 974101
7.62131 974781
7.62446 975461
7.64099 976141
7.64414 976821
7.64729 977501
7.65044 978181
7.65359 978861
7.65675 979541
7.66147 980221
7.6662 980901
7.66935 981581
7.67251 982261
7.67566 982941
7.67881 983621
7.68196 984301
7.68511 984981
7.68827 985661
7.69142 986341
7.69457 987021
7.69772 987701
7.70087 988381
7.70403 989061
7.70718 989741
7.71033 990421
7.71348 991101
7.71663 991781
7.73316 992461
7.73631 993141
7.73946 993821
7.74261 994501
7.74576 995181
7.74892 995861
7.75364 996541
7.75837 997221
7.76152 997901
7.76468 998581
7.76783 999261
7.77098 999941
7.77413 1000621
7.77728 1001301
7.78044 1001981
7.78359 1002661
7.78674 1003341
7.78989 1004021
7.79304 1004701
7.7962 1005381
7.79935 1006061
7.8025 1006741
7.80565 1007421
7.8088 1008101
7.82533 1008781
7.82848 1009461
7.83163 1010141
7.83478 1010821
7.83794 1011501
7.84109 1012181
7.84582 1012861
7.85054 1013541
7.8537 1014221
7.85685 1014901
7.86 1015581
7.86315 1016261
7.8663 1016941
7.86946 1017621
7.87261 1018301
7.87576 1018981
7.87891 1019661
7.88206 1020341
7.88522 1021021
7.88837 1021701
7.89152 1022381
7.89467 1023061
7.89782 1023741
7.90098 1024421
7.90413 1025101
7.91907 1025781
7.92223 1026461
7.92538 1027141
7.92853 1027821
7.93168 1028501
7.93483 1029181
7.93956 1029861
7.94429 1030541
7.94744 1031221
7.95059 1031901
7.95375 1032581
7.9569 1033261
7.96005 1033941
7.9632 1034621
7.96635 1035301
7.96951 1035981
7.97266 1036661
7.97581 1037341
7.97896 1038021
7.98211 1038701
7.98527 1039381
7.98842 1040061
7.99157 1040741
7.99472 1041421
7.99787 1042101
8.01282 1042781
8.01597 1043461
8.01912 1044141
8.02228 1044821
8.02543 1045501
8.02858 1046181
8.03331 1046861
8.03804 1047541
8.04119 1048221
8.04434 1048901
8.04749 1049581
8.05064 1050261
8.0538 1050941
8.05695 1051621
8.0601 1052301
8.06325 1052981
8.0664 1053661
8.06956 1054341
8.07271 1055021
8.07586 1055701
8.07901 1056381
8.08216 1057061
8.08532 1057741
8.08847 1058421
8.09162 1059101
8.10499 1059781
8.10814 1060461
8.11129 1061141
8.11445 1061821
8.1176 1062501
8.12075 1063181
8.12548 1063861
8.13021 1064541
8.13336 1065221
8.13651 1065901
8.13966 1066581
8.14281 1067261
8.14597 1067941
8.14912 1068621
8.15227 1069301
8.15542 1069981
8.15857 1070661
8.16173 1071341
8.16488 1072021
8.16803 1072701
8.17118 1073381
8.17433 1074061
8.17749 1074741
8.18064 1075421
8.18379 1076101
8.19716 1076781
8.20031 1077461
8.20346 1078141
8.20662 1078821
8.20977 1079501
8.21292 1080181
8.21765 1080861
8.22238 1081541
8.22553 1082221
8.22868 1082901
8.23183 1083581
8.23498 1084261
8.23814 1084941
8.24129 1085621
8.24444 1086301
8.24759 1086981
8.25074 1087661
8.2539 1088341
8.25705 1089021
8.2602 1089701
8.26335 1090381
8.2665 1091061
8.26966 1091741
8.27281 1092421
8.27596 1093101
8.27911 1093781
8.29091 1094461
8.29406 1095141
8.29721 1095821
8.30036 1096501
8.30352 1097181
8.30667 1097861
8.3114 1098541
8.31612 1099221
8.31928 1099901
8.32243 1100581
8.32558 1101261
8.32873 1101941
8.33188 1102621
8.33504 1103301
8.33819 1103981
8.34134 1104661
8.34449 1105341
8.34764 1106021
8.3508 1106701
8.35395 1107381
8.3571 1108061
8.36025 1108741
8.3634 1109421
8.36656 1110101
8.36971 1110781
8.37286 1111461
8.38465 1112141
8.38781 1112821
8.39096 1113501
8.39411 1114181
8.39726 1114861
8.40041 1115541
8.40514 1116221
8.40987 1116901
8.41302 1117581
8.41617 1118261
8.41933 1118941
8.42248 1119621
8.42563 1120301
8.42878 1120981
8.43193 1121661
8.43509 1122341
8.43824 1123021
8.44139 1123701
8.44454 1124381
8.44769 1125061
8.45085 1125741
8.454 1126421
8.45715 1127101
8.4603 1127781
8.46345 1128461
8.46661 1129141
8.4784 1129821
8.48155 1130501
8.4847 1131181
8.48786 1131861
8.49101 1132541
8.49416 1133221
8.49731 1133901
8.50204 1134581
8.50519 1135261
8.50834 1135941
8.5115 1136621
8.51465 1137301
8.5178 1137981
8.52095 1138661
8.5241 1139341
8.52726 1140021
8.53041 1140701
8.53356 1141381
8.53671 1142061
8.53986 1142741
8.54302 1143421
8.54617 1144101
8.54932 1144781
8.55247 1145461
8.55562 1146141
8.55878 1146821
8.57057 1147501
8.57372 1148181
8.57687 1148861
8.58003 1149541
8.58318 1150221
8.58633 1150901
8.58948 1151581
8.59421 1152261
8.59736 1152941
8.60051 1153621
8.60367 1154301
8.60682 1154981
8.60997 1155661
8.61312 1156341
8.61627 1157021
8.61943 1157701
8.62258 1158381
8.62573 1159061
8.62888 1159741
8.63203 1160421
8.63519 1161101
8.63834 1161781
8.64149 1162461
8.64464 1163141
8.64779 1163821
8.65095 1164501
8.66274 1165181
8.66589 1165861
8.66904 1166541
8.6722 1167221
8.67535 1167901
8.6785 1168581
8.68165 1169261
8.68638 1169941
8.68953 1170621
8.69268 1171301
8.69584 1171981
8.69899 1172661
8.70214 1173341
8.70529 1174021
8.70844 1174701
8.7116 1175381
8.71475 1176061
8.7179 1176741
8.72105 1177421
8.7242 1178101
8.72736 1178781
8.73051 1179461
8.73366 1180141
8.73681 1180821
8.73996 1181501
8.74312 1182181
8.74627 1182861
8.75649 1183541
8.75964 1184221
8.76279 1184901
8.76594 1185581
8.7691 1186261
8.77225 1186941
8.7754 1187621
8.78013 1188301
8.78328 1188981
8.78643 1189661
8.78958 1190341
8.79274 1191021
8.79589 1191701
8.79904 1192381
8.80219 1193061
8.80534 1193741
8.8085 1194421
8.81165 1195101
8.8148 1195781
8.81795 1196461
8.8211 1197141
8.82426 1197821
8.82741 1198501
8.83056 1199181
8.83371 1199861
8.83686 1200541
8.84002 1201221
8.85023 1201901
8.85339 1202581
8.85654 1203261
8.85969 1203941
8.86284 1204621
8.86599 1205301
8.86915 1205981
8.87387 1206661
8.87703 1207341
8.88018 1208021
8.88333 1208701
8.88648 1209381
8.88963 1210061
8.89279 1210741
8.89594 1211421
8.89909 1212101
8.90224 1212781
8.90539 1213461
8.90855 1214141
8.9117 1214821
8.91485 1215501
8.918 1216181
8.92115 1216861
8.92431 1217541
8.92746 1218221
8.93061 1218901
8.93376 1219581
8.9424 1220261
8.94556 1220941
8.94871 1221621
8.95186 1222301
8.95501 1222981
8.95816 1223661
8.96132 1224341
8.96604 1225021
8.9692 1225701
8.97235 1226381
8.9755 1227061
8.97865 1227741
8.9818 1228421
8.98496 1229101
8.98811 1229781
8.99126 1230461
8.99441 1231141
8.99756 1231821
9.00072 1232501
9.00387 1233181
9.00702 1233861
9.01017 1234541
9.01332 1235221
9.01648 1235901
9.01963 1236581
9.02278 1237261
9.02593 1237941
9.03457 1238621
9.03773 1239301
9.04088 1239981
9.04403 1240661
9.04718 1241341
9.05033 1242021
9.05349 1242701
9.05821 1243381
9.06137 1244061
9.06452 1244741
9.06767 1245421
9.07082 1246101
9.07397 1246781
9.07713 1247461
9.08028 1248141
9.08343 1248821
9.08658 1249501
9.08973 1250181
9.09289 1250861
9.09604 1251541
9.09919 1252221
9.10234 1252901
9.10549 1253581
9.10865 1254261
9.1118 1254941
9.11495 1255621
9.1181 1256301
9.12125 1256981
9.12832 1257661
9.13147 1258341
9.13462 1259021
9.13778 1259701
9.14093 1260381
9.14408 1261061
9.14723 1261741
9.15196 1262421
9.15511 1263101
9.15826 1263781
9.16142 1264461
9.16457 1265141
9.16772 1265821
9.17087 1266501
9.17402 1267181
9.17718 1267861
9.18033 1268541
9.18348 1269221
9.18663 1269901
9.18978 1270581
9.19294 1271261
9.19609 1271941
9.19924 1272621
9.20239 1273301
9.20554 1273981
9.2087 1274661
9.21185 1275341
9.215 1276021
9.22207 1276701
9.22522 1277381
9.22837 1278061
9.23152 1278741
9.23468 1279421
9.23783 1280101
9.24098 1280781
9.24571 1281461
9.24886 1282141
9.25201 1282821
9.25516 1283501
9.25832 1284181
9.26147 1284861
9.26462 1285541
9.26777 1286221
9.27092 1286901
9.27408 1287581
9.27723 1288261
9.28038 1288941
9.28353 1289621
9.28668 1290301
9.28984 1290981
9.29299 1291661
9.29614 1292341
9.29929 1293021
9.30244 1293701
9.3056 1294381
9.30875 1295061
9.31424 1295741
9.31739 1296421
9.32054 1297101
9.32369 1297781
9.32685 1298461
9.33 1299141
9.33315 1299821
9.33788 1300501
9.34103 1301181
9.34418 1301861
9.34733 1302541
9.35049 1303221
9.35364 1303901
9.35679 1304581
9.35994 1305261
9.36309 1305941
9.36625 1306621
9.3694 1307301
9.37255 1307981
9.3757 1308661
9.37885 1309341
9.38201 1310021
9.38516 1310701
9.38831 1311381
9.39146 1312061
9.39461 1312741
9.39777 1313421
9.40092 1314101
9.40641 1314781
9.40956 1315461
9.41271 1316141
9.41586 1316821
9.41902 1317501
9.42217 1318181
9.42532 1318861
9.43005 1319541
9.4332 1320221
9.43635 1320901
9.4395 1321581
9.44266 1322261
9.44581 1322941
9.44896 1323621
9.45211 1324301
9.45526 1324981
9.45842 1325661
9.46157 1326341
9.46472 1327021
9.46787 1327701
9.47102 1328381
9.47418 1329061
9.47733 1329741
9.48048 1330421
9.48363 1331101
9.48678 1331781
9.48994 1332461
9.49309 1333141
9.49858 1333821
9.50173 1334501
9.50488 1335181
9.50803 1335861
9.51119 1336541
9.51434 1337221
9.51749 1337901
9.52064 1338581
9.52379 1339261
9.52695 1339941
9.5301 1340621
9.53325 1341301
9.5364 1341981
9.53955 1342661
9.54271 1343341
9.54586 1344021
9.54901 1344701
9.55216 1345381
9.55531 1346061
9.55847 1346741
9.56162 1347421
9.56477 1348101
9.56792 1348781
9.57107 1349461
9.57423 1350141
9.57738 1350821
9.58053 1351501
9.58368 1352181
9.58683 1352861
9.59232 1353541
9.59548 1354221
9.59863 1354901
9.60178 1355581
9.60493 1356261
9.60808 1356941
9.61124 1357621
9.61439 1358301
9.61754 1358981
9.62069 1359661
9.62384 1360341
9.627 1361021
9.63015 1361701
9.6333 1362381
9.63645 1363061
9.6396 1363741
9.64276 1364421
9.64591 1365101
9.64906 1365781
9.65221 1366461
9.65536 1367141
9.65852 1367821
9.66167 1368501
9.66482 1369181
9.66797 1369861
9.67112 1370541
9.67428 1371221
9.67743 1371901
9.68058 1372581
9.68607 1373261
9.68922 1373941
9.69238 1374621
9.69553 1375301
9.69868 1375981
9.70183 1376661
9.70498 1377341
9.70814 1378021
9.71129 1378701
9.71444 1379381
9.71759 1380061
9.72074 1380741
9.7239 1381421
9.72705 1382101
9.7302 1382781
9.73335 1383461
9.7365 1384141
9.73966 1384821
9.74281 1385501
9.74596 1386181
9.74911 1386861
9.75226 1387541
9.75542 1388221
9.75857 1388901
9.76172 1389581
9.76487 1390261
9.76802 1390941
9.77117 1391621
9.77433 1392301
9.77824 1392981
9.78139 1393661
9.78455 1394341
9.7877 1395021
9.79085 1395701
9.794 1396381
9.79715 1397061
9.80031 1397741
9.80346 1398421
9.80661 1399101
9.80976 1399781
9.81291 1400461
9.81607 1401141
9.81922 1401821
9.82237 1402501
9.82552 1403181
9.82867 1403861
9.83183 1404541
9.83498 1405221
9.83813 1405901
9.84128 1406581
9.84443 1407261
9.84759 1407941
9.85074 1408621
9.85389 1409301
9.85704 1409981
9.86019 1410661
9.86335 1411341
9.8665 1412021
9.87041 1412701
9.87356 1413381
9.87672 1414061
9.87987 1414741
9.88302 1415421
9.88617 1416101
9.88932 1416781
9.89248 1417461
9.89563 1418141
9.89878 1418821
9.90193 1419501
9.90508 1420181
9.90824 1420861
9.91139 1421541
9.91454 1422221
9.91769 1422901
9.92084 1423581
9.924 1424261
9.92715 1424941
9.9303 1425621
9.93345 1426301
9.9366 1426981
9.93976 1427661
9.94291 1428341
9.94606 1429021
9.94921 1429701
9.95236 1430381
9.95552 1431061
9.95867 1431741
9.96182 1432421
9.96497 1433101
9.96812 1433781
9.97128 1434461
9.97443 1435141
9.97758 1435821
9.98073 1436501
9.98388 1437181
9.98704 1437861
9.99019 1438541
9.99334 1439221
9.99649 1439901
9.99964 1440581
10.0028 1441261
10.0059 1441941
10.0091 1442621
10.0123 1443301
10.0154 1443981
10.0186 1444661
10.0217 1445341
10.0249 1446021
10.028 1446701
10.0312 1447381
10.0343 1448061
10.0375 1448741
10.0406 1449421
10.0438 1450101
10.0469 1450781
10.0501 1451461
10.0532 1452141
10.0564 1452821
10.0595 1453501
10.0627 1454181
10.0658 1454861
10.069 1455541
10.0721 1456221
10.0753 1456901
10.0784 1457581
10.0816 1458261
10.0847 1458941
10.0879 1459621
10.0911 1460301
10.0942 1460981
10.0974 1461661
10.1005 1462341
10.1037 1463021
10.1068 1463701
10.11 1464381
10.1131 1465061
10.1163 1465741
10.1194 1466421
10.1226 1467101
10.1257 1467781
10.1289 1468461
10.132 1469141
10.1352 1469821
10.1383 1470501
10.1415 1471181
10.1446 1471861
10.1478 1472541
10.1509 1473221
10.1541 1473901
10.1572 1474581
10.1604 1475261
10.1635 1475941
10.1667 1476621
10.1699 1477301
10.173 1477981
10.1762 1478661
10.1793 1479341
10.1825 1480021
10.1856 1480701
10.1888 1481381
10.1919 1482061
10.1951 1482741
10.1982 1483421
10.2014 1484101
10.2045 1484781
10.2077 1485461
10.2108 1486141
10.214 1486821
10.2171 1487501
10.2203 1488181
10.2234 1488861
10.2266 1489541
10.2297 1490221
10.2329 1490901
10.236 1491581
10.2392 1492261
10.2423 1492941
10.2455 1493621
10.2487 1494301
10.2518 1494981
10.255 1495661
10.2581 1496341
10.2613 1497021
10.2644 1497701
10.2676 1498381
10.2707 1499061
10.2739 1499741
10.277 1500421
10.2802 1501101
10.2833 1501781
10.2865 1502461
10.2896 1503141
10.2928 1503821
10.2959 1504501
10.2991 1505181
10.3022 1505861
10.3054 1506541
10.3085 1507221
10.3117 1507901
10.3148 1508581
10.318 1509261
10.3211 1509941
10.3243 1510621
10.3275 1511301
10.3306 1511981
10.3338 1512661
10.3369 1513341
10.3401 1514021
10.3432 1514701
10.3464 1515381
10.3495 1516061
10.3527 1516741
10.3558 1517421
10.359 1518101
10.3621 1518781
10.3653 1519461
10.3684 1520141
10.3716 1520821
10.3747 1521501
10.3779 1522181
10.381 1522861
10.3842 1523541
10.3873 1524221
10.3905 1524901
10.3936 1525581
10.3968 1526261
10.3999 1526941
10.4031 1527621
10.4063 1528301
10.4094 1528981
10.4126 1529661
10.4157 1530341
10.4189 1531021
10.422 1531701
10.4252 1532381
10.4283 1533061
10.4315 1533741
10.4346 1534421
10.4378 1535101
10.4409 1535781
10.4441 1536461
10.4472 1537141
10.4504 1537821
10.4535 1538501
10.4567 1539181
10.4598 1539861
10.463 1540541
10.4661 1541221
10.4693 1541901
10.4724 1542581
10.4756 1543261
10.4787 1543941
10.4819 1544621
10.4851 1545301
10.4882 1545981
10.4914 1546661
10.4945 1547341
10.4977 1548021
10.5008 1548701
10.504 1549381
10.5071 1550061
10.5103 1550741
10.5134 1551421
10.5166 1552101
10.5197 1552781
10.5229 1553461
10.526 1554141
10.5292 1554821
10.5323 1555501
10.5355 1556181
10.5386 1556861
10.5418 1557541
10.5449 1558221
10.5481 1558901
10.5512 1559581
10.5544 1560261
10.5575 1560941
10.5607 1561621
10.5639 1562301
10.567 1562981
10.5702 1563661
10.5733 1564341
10.5765 1565021
10.5796 1565701
10.5828 1566381
10.5859 1567061
10.5891 1567741
10.5922 1568421
10.5954 1569101
10.5985 1569781
10.6017 1570461
10.6048 1571141
10.608 1571821
10.6111 1572501
10.6143 1573181
10.6174 1573861
10.6206 1574541
10.6237 1575221
10.6269 1575901
10.63 1576581
10.6332 1577261
10.6363 1577941
10.6395 1578621
10.6427 1579301
10.6458 1579981
10.649 1580661
10.6521 1581341
10.6553 1582021
10.6584 1582701
10.6616 1583381
10.6647 1584061
10.6679 1584741
10.671 1585421
10.6742 1586101
10.6773 1586781
10.6805 1587461
10.6836 1588141
10.6868 1588821
10.6899 1589501
10.6931 1590181
10.6962 1590861
10.6994 1591541
10.7025 1592221
10.7057 1592901
10.7088 1593581
10.712 1594261
10.7151 1594941
10.7183 1595621
10.7215 1596301
10.7246 1596981
10.7278 1597661
10.7309 1598341
10.7341 1599021
10.7372 1599701
10.7404 1600381
10.7435 1601061
10.7467 1601741
10.7498 1602421
10.753 1603101
10.7561 1603781
10.7593 1604461
10.7624 1605141
10.7656 1605821
10.7687 1606501
10.7719 1607181
10.775 1607861
10.7782 1608541
10.7813 1609221
10.7845 1609901
10.7876 1610581
10.7908 1611261
10.7939 1611941
10.7971 1612621
10.8003 1613301
10.8034 1613981
10.8066 1614661
10.8097 1615341
10.8129 1616021
10.816 1616701
10.8192 1617381
10.8223 1618061
10.8255 1618741
10.8286 1619421
10.8318 1620101
10.8349 1620781
10.8381 1621461
10.8412 1622141
10.8444 1622821
10.8475 1623501
10.8507 1624181
10.8538 1624861
10.857 1625541
10.8601 1626221
10.8633 1626901
10.8664 1627581
10.8696 1628261
10.8727 1628941
10.8759 1629621
10.8791 1630301
10.8822 1630981
10.8854 1631661
10.8885 1632341
10.8917 1633021
10.8948 1633701
10.898 1634381
10.9011 1635061
10.9043 1635741
10.9074 1636421
10.9106 1637101
10.9137 1637781
10.9169 1638461
10.92 1639141
10.9232 1639821
10.9263 1640501
10.9295 1641181
10.9326 1641861
10.9358 1642541
10.9389 1643221
10.9421 1643901
10.9452 1644581
10.9484 1645261
10.9515 1645941
10.9547 1646621
10.9579 1647301
10.961 1647981
10.9642 1648661
10.9673 1649341
10.9705 1650021
10.9736 1650701
10.9768 1651381
10.9799 1652061
10.9831 1652741
10.9862 1653421
10.9894 1654101
10.9925 1654781
10.9957 1655461
10.9988 1656141
11.002 1656821
11.0051 1657501
11.0083 1658181
11.0114 1658861
11.0146 1659541
11.0177 1660221
11.0209 1660901
11.024 1661581
11.0272 1662261
11.0303 1662941
11.0335 1663621
11.0367 1664301
11.0398 1664981
11.043 1665661
11.0461 1666341
11.0493 1667021
11.0524 1667701
11.0556 1668381
11.0587 1669061
11.0619 1669741
11.065 1670421
11.0682 1671101
11.0713 1671781
11.0745 1672461
11.0776 1673141
11.0808 1673821
11.0839 1674501
11.0871 1675181
11.0902 1675861
11.0934 1676541
11.0965 1677221
11.0997 1677901
11.1028 1678581
11.106 1679261
11.1091 1679941
11.1123 1680621
11.1155 1681301
11.1186 1681981
11.1218 1682661
11.1249 1683341
11.1281 1684021
11.1312 1684701
11.1344 1685381
11.1375 1686061
11.1407 1686741
11.1438 1687421
11.147 1688101
11.1501 1688781
11.1533 1689461
11.1564 1690141
11.1596 1690821
11.1627 1691501
11.1659 1692181
11.169 1692861
11.1722 1693541
11.1753 1694221
11.1785 1694901
11.1816 1695581
11.1848 1696261
11.1879 1696941
11.1911 1697621
11.1943 1698301
11.1974 1698981
11.2006 1699661
11.2037 1700341
11.2069 1701021
11.21 1701701
11.2132 1702381
11.2163 1703061
11.2195 1703741
11.2226 1704421
11.2258 1705101
11.2289 1705781
11.2321 1706461
11.2352 1707141
11.2384 1707821
11.2415 1708501
11.2447 1709181
11.2478 1709861
11.251 1710541
11.2541 1711221
11.2573 1711901
11.2604 1712581
11.2636 1713261
11.2667 1713941
11.2699 1714621
11.2731 1715301
11.2762 1715981
11.2794 1716661
11.2825 1717341
11.2857 1718021
11.2888 1718701
11.292 1719381
11.2951 1720061
11.2983 1720741
11.3014 1721421
11.3046 1722101
11.3077 1722781
11.3109 1723461
11.314 1724141
11.3172 1724821
11.3203 1725501
11.3235 1726181
11.3266 1726861
11.3298 1727541
11.3329 1728221
11.3361 1728901
11.3392 1729581
11.3424 1730261
11.3455 1730941
11.3487 1731621
11.3519 1732301
11.355 1732981
11.3582 1733661
11.3613 1734341
11.3645 1735021
11.3676 1735701
11.3708 1736381
11.3739 1737061
11.3771 1737741
11.3802 1738421
11.3834 1739101
11.3865 1739781
11.3897 1740461
11.3928 1741141
11.396 1741821
11.3991 1742501
11.4023 1743181
11.4054 1743861
11.4086 1744541
11.4117 1745221
11.4149 1745901
11.418 1746581
11.4212 1747261
11.4243 1747941
11.4275 1748621
11.4307 1749301
11.4338 1749981
11.437 1750661
11.4401 1751341
11.4433 1752021
11.4464 1752701
11.4496 1753381
11.4527 1754061
11.4559 1754741
11.459 1755421
11.4622 1756101
11.4653 1756781
11.4685 1757461
11.4716 1758141
11.4748 1758821
11.4779 1759501
11.4811 1760181
11.4842 1760861
11.4874 1761541
11.4905 1762221
11.4937 1762901
11.4968 1763581
11.5 1764261
11.5031 1764941
11.5063 1765621
11.5095 1766301
11.5126 1766981
11.5158 1767661
11.5189 1768341
11.5221 1769021
11.5252 1769701
11.5284 1770381
11.5315 1771061
11.5347 1771741
11.5378 1772421
11.541 1773101
11.5441 1773781
11.5473 1774461
11.5504 1775141
11.5536 1775821
11.5567 1776501
11.5599 1777181
11.563 1777861
11.5662 1778541
11.5693 1779221
11.5725 1779901
11.5756 1780581
11.5788 1781261
11.5819 1781941
11.5851 1782621
11.5883 1783301
11.5914 1783981
11.5946 1784661
11.5977 1785341
11.6009 1786021
11.604 1786701
11.6072 1787381
11.6103 1788061
11.6135 1788741
11.6166 1789421
11.6198 1790101
11.6229 1790781
11.6261 1791461
11.6292 1792141
11.6324 1792821
11.6355 1793501
11.6387 1794181
11.6418 1794861
11.645 1795541
11.6481 1796221
11.6513 1796901
11.6544 1797581
11.6576 1798261
11.6607 1798941
11.6639 1799621
11.6671 1800301
11.6702 1800981
11.6734 1801661
11.6765 1802341
11.6797 1803021
11.6828 1803701
11.686 1804381
11.6891 1805061
11.6923 1805741
11.6954 1806421
11.6986 1807101
11.7017 1807781
11.7049 1808461
11.708 1809141
11.7112 1809821
11.7143 1810501
11.7175 1811181
11.7206 1811861
11.7238 1812541
11.7269 1813221
11.7301 1813901
11.7332 1814581
11.7364 1815261
11.7395 1815941
11.7427 1816621
11.7459 1817301
11.749 1817981
11.7522 1818661
11.7553 1819341
11.7585 1820021
11.7616 1820701
11.7648 1821381
11.7679 1822061
11.7711 1822741
11.7742 1823421
11.7774 1824101
11.7805 1824781
11.7837 1825461
11.7868 1826141
11.79 1826821
11.7931 1827501
11.7963 1828181
11.7994 1828861
11.8026 1829541
11.8057 1830221
11.8089 1830901
11.812 1831581
11.8152 1832261
11.8183 1832941
11.8215 1833621
11.8247 1834301
11.8278 1834981
11.831 1835661
11.8341 1836341
11.8373 1837021
11.8404 1837701
11.8436 1838381
11.8467 1839061
11.8499 1839741
11.853 1840421
11.8562 1841101
11.8593 1841781
11.8625 1842461
11.8656 1843141
11.8688 1843821
11.8719 1844501
11.8751 1845181
11.8782 1845861
11.8814 1846541
11.8845 1847221
11.8877 1847901
11.8908 1848581
11.894 1849261
11.8971 1849941
11.9003 1850621
11.9035 1851301
11.9066 1851981
11.9098 1852661
11.9129 1853341
11.9161 1854021
11.9192 1854701
11.9224 1855381
11.9255 1856061
11.9287 1856741
11.9318 1857421
11.935 1858101
11.9381 1858781
11.9413 1859461
11.9444 1860141
11.9476 1860821
11.9507 1861501
11.9539 1862181
11.957 1862861
11.9602 1863541
11.9633 1864221
11.9665 1864901
11.9696 1865581
11.9728 1866261
11.9759 1866941
11.9791 1867621
11.9823 1868301
11.9854 1868981
11.9886 1869661
11.9917 1870341
11.9949 1871021
11.998 1871701
12.0012 1872381
12.0043 1873061
12.0075 1873741
12.0106 1874421
12.0138 1875101
12.0169 1875781
12.0201 1876461
12.0232 1877141
12.0264 1877821
12.0295 1878501
12.0327 1879181
12.0358 1879861
12.039 1880541
12.0421 1881221
12.0453 1881901
12.0484 1882581
12.0516 1883261
12.0547 1883941
12.0579 1884621
12.0611 1885301
12.0642 1885981
12.0674 1886661
12.0705 1887341
12.0737 1888021
12.0768 1888701
12.08 1889381
12.0831 1890061
12.0863 1890741
12.0894 1891421
12.0926 1892101
12.0957 1892781
12.0989 1893461
12.102 1894141
12.1052 1894821
12.1083 1895501
12.1115 1896181
12.1146 1896861
12.1178 1897541
12.1209 1898221
12.1241 1898901
12.1272 1899581
12.1304 1900261
12.1335 1900941
12.1367 1901621
12.1399 1902301
12.143 1902981
12.1462 1903661
12.1493 1904341
12.1525 1905021
12.1556 1905701
12.1588 1906381
12.1619 1907061
12.1651 1907741
12.1682 1908421
12.1714 1909101
12.1745 1909781
12.1777 1910461
12.1808 1911141
12.184 1911821
12.1871 1912501
12.1903 1913181
12.1934 1913861
12.1966 1914541
12.1997 1915221
12.2029 1915901
12.206 1916581
12.2092 1917261
12.2123 1917941
12.2155 1918621
12.2187 1919301
12.2218 1919981
12.225 1920661
12.2281 1921341
12.2313 1922021
12.2344 1922701
12.2376 1923381
12.2407 1924061
12.2439 1924741
12.247 1925421
12.2502 1926101
12.2533 1926781
12.2565 1927461
12.2596 1928141
12.2628 1928821
12.2659 1929501
12.2691 1930181
12.2722 1930861
12.2754 1931541
12.2785 1932221
12.2817 1932901
12.2848 1933581
12.288 1934261
12.2911 1934941
12.2943 1935621
12.2975 1936301
12.3006 1936981
12.3038 1937661
12.3069 1938341
12.3101 1939021
12.3132 1939701
12.3164 1940381
12.3195 1941061
12.3227 1941741
12.3258 1942421
12.329 1943101
12.3321 1943781
12.3353 1944461
12.3384 1945141
12.3416 1945821
12.3447 1946501
12.3479 1947181
12.351 1947861
12.3542 1948541
12.3573 1949221
12.3605 1949901
12.3636 1950581
12.3668 1951261
12.3699 1951941
12.3731 1952621
12.3763 1953301
12.3794 1953981
12.3826 1954661
12.3857 1955341
12.3889 1956021
12.392 1956701
12.3952 1957381
12.3983 1958061
12.4015 1958741
12.4046 1959421
12.4078 1960101
12.4109 1960781
12.4141 1961461
12.4172 1962141
12.4204 1962821
12.4235 1963501
12.4267 1964181
12.4298 1964861
12.433 1965541
12.4361 1966221
12.4393 1966901
12.4424 1967581
12.4456 1968261
12.4487 1968941
12.4519 1969621
12.4551 1970301
12.4582 1970981
12.4614 1971661
12.4645 1972341
12.4677 1973021
12.4708 1973701
12.474 1974381
12.4771 1975061
12.4803 1975741
12.4834 1976421
12.4866 1977101
12.4897 1977781
12.4929 1978461
12.496 1979141
12.4992 1979821
12.5023 1980501
12.5055 1981181
12.5086 1981861
12.5118 1982541
12.5149 1983221
12.5181 1983901
12.5212 1984581
12.5244 1985261
12.5275 1985941
12.5307 1986621
12.5339 1987301
12.537 1987981
12.5402 1988661
12.5433 1989341
12.5465 1990021
12.5496 1990701
12.5528 1991381
12.5559 1992061
12.5591 1992741
12.5622 1993421
12.5654 1994101
12.5685 1994781
12.5717 1995461
12.5748 1996141
12.578 1996821
12.5811 1997501
12.5843 1998181
12.5874 1998861
12.5906 1999541
12.5937 2000221
12.5969 2000901
12.6 2001581
12.6032 2002261
12.6063 2002941
12.6095 2003621
12.6127 2004301
12.6158 2004981
12.619 2005661
12.6221 2006341
12.6253 2007021
12.6284 2007701
12.6316 2008381
12.6347 2009061
12.6379 2009741
12.641 2010421
12.6442 2011101
12.6473 2011781
12.6505 2012461
12.6536 2013141
12.6568 2013821
12.6599 2014501
12.6631 2015181
12.6662 2015861
12.6694 2016541
12.6725 2017221
12.6757 2017901
12.6788 2018581
12.682 2019261
12.6851 2019941
12.6883 2020621
12.6915 2021301
12.6946 2021981
12.6978 2022661
12.7009 2023341
12.7041 2024021
12.7072 2024701
12.7104 2025381
12.7135 2026061
12.7167 2026741
12.7198 2027421
12.723 2028101
12.7261 2028781
12.7293 2029461
12.7324 2030141
12.7356 2030821
12.7387 2031501
12.7419 2032181
12.745 2032861
12.7482 2033541
12.7513 2034221
12.7545 2034901
12.7576 2035581
12.7608 2036261
12.7639 2036941
12.7671 2037621
12.7703 2038301
12.7734 2038981
12.7766 2039661
12.7797 2040341
12.7829 2041021
12.786 2041701
12.7892 2042381
12.7923 2043061
12.7955 2043741
12.7986 2044421
12.8018 2045101
12.8049 2045781
12.8081 2046461
12.8112 2047141
12.8144 2047821
12.8175 2048501
12.8207 2049181
12.8238 2049861
12.827 2050541
12.8301 2051221
12.8333 2051901
12.8364 2052581
12.8396 2053261
12.8427 2053941
12.8459 2054621
12.849 2055301
12.8522 2055981
12.8554 2056661
12.8585 2057341
12.8617 2058021
12.8648 2058701
12.868 2059381
12.8711 2060061
12.8743 2060741
12.8774 2061421
12.8806 2062101
12.8837 2062781
12.8869 2063461
12.89 2064141
12.8932 2064821
12.8963 2065501
12.8995 2066181
12.9026 2066861
12.9058 2067541
12.9089 2068221
12.9121 2068901
12.9152 2069581
12.9184 2070261
12.9215 2070941
12.9247 2071621
12.9278 2072301
12.931 2072981
12.9342 2073661
12.9373 2074341
12.9405 2075021
12.9436 2075701
12.9468 2076381
12.9499 2077061
12.9531 2077741
12.9562 2078421
12.9594 2079101
12.9625 2079781
12.9657 2080461
12.9688 2081141
12.972 2081821
12.9751 2082501
12.9783 2083181
12.9814 2083861
12.9846 2084541
12.9877 2085221
12.9909 2085901
12.994 2086581
12.9972 2087261
13.0003 2087941
13.0035 2088621
13.0066 2089301
13.0098 2089981
13.013 2090661
13.0161 2091341
13.0193 2092021
13.0224 2092701
13.0256 2093381
13.0287 2094061
13.0319 2094741
13.035 2095421
13.0382 2096101
13.0413 2096781
13.0445 2097461
13.0476 2098141
13.0508 2098821
13.0539 2099501
13.0571 2100181
13.0602 2100861
13.0634 2101541
13.0665 2102221
13.0697 2102901
13.0728 2103581
13.076 2104261
13.0791 2104941
13.0823 2105621
13.0854 2106301
13.0886 2106981
13.0918 2107661
13.0949 2108341
13.0981 2109021
13.1012 2109701
13.1044 2110381
13.1075 2111061
13.1107 2111741
13.1138 2112421
13.117 2113101
13.1201 2113781
13.1233 2114461
13.1264 2115141
13.1296 2115821
13.1327 2116501
13.1359 2117181
13.139 2117861
13.1422 2118541
13.1453 2119221
13.1485 2119901
13.1516 2120581
13.1548 2121261
13.1579 2121941
13.1611 2122621
13.1642 2123301
13.1674 2123981
13.1706 2124661
13.1737 2125341
13.1769 2126021
13.18 2126701
13.1832 2127381
13.1863 2128061
13.1895 2128741
13.1926 2129421
13.1958 2130101
13.1989 2130781
13.2021 2131461
13.2052 2132141
13.2084 2132821
13.2115 2133501
13.2147 2134181
13.2178 2134861
13.221 2135541
13.2241 2136221
13.2273 2136901
13.2304 2137581
13.2336 2138261
13.2367 2138941
13.2399 2139621
13.243 2140301
13.2462 2140981
13.2494 2141661
13.2525 2142341
13.2557 2143021
13.2588 2143701
13.262 2144381
13.2651 2145061
13.2683 2145741
13.2714 2146421
13.2746 2147101
13.2777 2147781
13.2809 2148461
13.284 2149141
13.2872 2149821
13.2903 2150501
13.2935 2151181
13.2966 2151861
13.2998 2152541
13.3029 2153221
13.3061 2153901
13.3092 2154581
13.3124 2155261
13.3155 2155941
13.3187 2156621
13.3218 2157301
13.325 2157981
13.3282 2158661
13.3313 2159341
13.3345 2160021
13.3376 2160701
13.3408 2161381
13.3439 2162061
13.3471 2162741
13.3502 2163421
13.3534 2164101
13.3565 2164781
13.3597 2165461
13.3628 2166141
13.366 2166821
13.3691 2167501
13.3723 2168181
13.3754 2168861
13.3786 2169541
13.3817 2170221
13.3849 2170901
13.388 2171581
13.3912 2172261
13.3943 2172941
13.3975 2173621
13.4006 2174301
13.4038 2174981
13.407 2175661
13.4101 2176341
13.4133 2177021
13.4164 2177701
13.4196 2178381
13.4227 2179061
13.4259 2179741
13.429 2180421
13.4322 2181101
13.4353 2181781
13.4385 2182461
13.4416 2183141
13.4448 2183821
13.4479 2184501
13.4511 2185181
13.4542 2185861
13.4574 2186541
13.4605 2187221
13.4637 2187901
13.4668 2188581
13.47 2189261
13.4731 2189941
13.4763 2190621
13.4794 2191301
13.4826 2191981
13.4858 2192661
13.4889 2193341
13.4921 2194021
13.4952 2194701
13.4984 2195381
13.5015 2196061
13.5047 2196741
13.5078 2197421
13.511 2198101
13.5141 2198781
13.5173 2199461
13.5204 2200141
13.5236 2200821
13.5267 2201501
13.5299 2202181
13.533 2202861
13.5362 2203541
13.5393 2204221
13.5425 2204901
13.5456 2205581
13.5488 2206261
13.5519 2206941
13.5551 2207621
13.5582 2208301
13.5614 2208981
13.5646 2209661
13.5677 2210341
13.5709 2211021
13.574 2211701
13.5772 2212381
13.5803 2213061
13.5835 2213741
13.5866 2214421
13.5898 2215101
13.5929 2215781
13.5961 2216461
13.5992 2217141
13.6024 2217821
13.6055 2218501
13.6087 2219181
13.6118 2219861
13.615 2220541
13.6181 2221221
13.6213 2221901
13.6244 2222581
13.6276 2223261
13.6307 2223941
13.6339 2224621
13.637 2225301
13.6402 2225981
13.6434 2226661
13.6465 2227341
13.6497 2228021
13.6528 2228701
13.656 2229381
13.6591 2230061
13.6623 2230741
13.6654 2231421
13.6686 2232101
13.6717 2232781
13.6749 2233461
13.678 2234141
13.6812 2234821
13.6843 2235501
13.6875 2236181
13.6906 2236861
13.6938 2237541
13.6969 2238221
13.7001 2238901
13.7032 2239581
13.7064 2240261
13.7095 2240941
13.7127 2241621
13.7158 2242301
13.719 2242981
13.7222 2243661
13.7253 2244341
13.7285 2245021
13.7316 2245701
13.7348 2246381
13.7379 2247061
13.7411 2247741
13.7442 2248421
13.7474 2249101
13.7505 2249781
13.7537 2250461
13.7568 2251141
13.76 2251821
13.7631 2252501
13.7663 2253181
13.7694 2253861
13.7726 2254541
13.7757 2255221
13.7789 2255901
13.782 2256581
13.7852 2257261
13.7883 2257941
13.7915 2258621
13.7946 2259301
13.7978 2259981
13.801 2260661
13.8041 2261341
13.8073 2262021
13.8104 2262701
13.8136 2263381
13.8167 2264061
13.8199 2264741
13.823 2265421
13.8262 2266101
13.8293 2266781
13.8325 2267461
13.8356 2268141
13.8388 2268821
13.8419 2269501
13.8451 2270181
13.8482 2270861
13.8514 2271541
13.8545 2272221
13.8577 2272901
13.8608 2273581
13.864 2274261
13.8671 2274941
13.8703 2275621
13.8734 2276301
13.8766 2276981
13.8798 2277661
13.8829 2278341
13.8861 2279021
13.8892 2279701
13.8924 2280381
13.8955 2281061
13.8987 2281741
13.9018 2282421
13.905 2283101
13.9081 2283781
13.9113 2284461
13.9144 2285141
13.9176 2285821
13.9207 2286501
13.9239 2287181
13.927 2287861
13.9302 2288541
13.9333 2289221
13.9365 2289901
13.9396 2290581
13.9428 2291261
13.9459 2291941
13.9491 2292621
13.9522 2293301
13.9554 2293981
13.9586 2294661
13.9617 2295341
13.9649 2296021
13.968 2296701
13.9712 2297381
13.9743 2298061
13.9775 2298741
13.9806 2299421
13.9838 2300101
13.9869 2300781
13.9901 2301461
13.9932 2302141
13.9964 2302821
13.9995 2303501
14.0027 2304181
14.0058 2304861
14.009 2305541
14.0121 2306221
14.0153 2306901
14.0184 2307581
14.0216 2308261
14.0247 2308941
14.0279 2309621
14.031 2310301
14.0342 2310981
14.0374 2311661
14.0405 2312341
14.0437 2313021
14.0468 2313701
14.05 2314381
14.0531 2315061
14.0563 2315741
14.0594 2316421
14.0626 2317101
14.0657 2317781
14.0689 2318461
14.072 2319141
14.0752 2319821
14.0783 2320501
14.0815 2321181
14.0846 2321861
14.0878 2322541
14.0909 2323221
14.0941 2323901
14.0972 2324581
14.1004 2325261
14.1035 2325941
14.1067 2326621
14.1098 2327301
14.113 2327981
14.1162 2328661
14.1193 2329341
14.1225 2330021
14.1256 2330701
14.1288 2331381
14.1319 2332061
14.1351 2332741
14.1382 2333421
14.1414 2334101
14.1445 2334781
14.1477 2335461
14.1508 2336141
14.154 2336821
14.1571 2337501
14.1603 2338181
14.1634 2338861
14.1666 2339541
14.1697 2340221
14.1729 2340901
14.176 2341581
14.1792 2342261
14.1823 2342941
14.1855 2343621
14.1886 2344301
14.1918 2344981
14.195 2345661
14.1981 2346341
14.2013 2347021
14.2044 2347701
14.2076 2348381
14.2107 2349061
14.2139 2349741
14.217 2350421
14.2202 2351101
14.2233 2351781
14.2265 2352461
14.2296 2353141
14.2328 2353821
14.2359 2354501
14.2391 2355181
14.2422 2355861
14.2454 2356541
14.2485 2357221
14.2517 2357901
14.2548 2358581
14.258 2359261
14.2611 2359941
14.2643 2360621
14.2674 2361301
14.2706 2361981
14.2738 2362661
14.2769 2363341
14.2801 2364021
14.2832 2364701
14.2864 2365381
14.2895 2366061
14.2927 2366741
14.2958 2367421
14.299 2368101
14.3021 2368781
14.3053 2369461
14.3084 2370141
14.3116 2370821
14.3147 2371501
14.3179 2372181
14.321 2372861
14.3242 2373541
14.3273 2374221
14.3305 2374901
14.3336 2375581
14.3368 2376261
14.3399 2376941
14.3431 2377621
14.3462 2378301
14.3494 2378981
14.3526 2379661
14.3557 2380341
14.3589 2381021
14.362 2381701
14.3652 2382381
14.3683 2383061
14.3715 2383741
14.3746 2384421
14.3778 2385101
14.3809 2385781
14.3841 2386461
14.3872 2387141
14.3904 2387821
14.3935 2388501
14.3967 2389181
14.3998 2389861
14.403 2390541
14.4061 2391221
14.4093 2391901
14.4124 2392581
14.4156 2393261
14.4187 2393941
14.4219 2394621
14.425 2395301
14.4282 2395981
14.4314 2396661
14.4345 2397341
14.4377 2398021
14.4408 2398701
14.444 2399381
14.4471 2400061
14.4503 2400741
14.4534 2401421
14.4566 2402101
14.4597 2402781
14.4629 2403461
14.466 2404141
14.4692 2404821
14.4723 2405501
14.4755 2406181
14.4786 2406861
14.4818 2407541
14.4849 2408221
14.4881 2408901
14.4912 2409581
14.4944 2410261
14.4975 2410941
14.5007 2411621
14.5038 2412301
14.507 2412981
14.5102 2413661
14.5133 2414341
14.5165 2415021
14.5196 2415701
14.5228 2416381
14.5259 2417061
14.5291 2417741
14.5322 2418421
14.5354 2419101
14.5385 2419781
14.5417 2420461
14.5448 2421141
14.548 2421821
14.5511 2422501
14.5543 2423181
14.5574 2423861
14.5606 2424541
14.5637 2425221
14.5669 2425901
14.57 2426581
14.5732 2427261
14.5763 2427941
14.5795 2428621
14.5826 2429301
14.5858 2429981
14.589 2430661
14.5921 2431341
14.5953 2432021
14.5984 2432701
14.6016 2433381
14.6047 2434061
14.6079 2434741
14.611 2435421
14.6142 2436101
14.6173 2436781
14.6205 2437461
14.6236 2438141
14.6268 2438821
14.6299 2439501
14.6331 2440181
14.6362 2440861
14.6394 2441541
14.6425 2442221
14.6457 2442901
14.6488 2443581
14.652 2444261
14.6551 2444941
14.6583 2445621
14.6614 2446301
14.6646 2446981
14.6678 2447661
14.6709 2448341
14.6741 2449021
14.6772 2449701
14.6804 2450381
14.6835 2451061
14.6867 2451741
14.6898 2452421
14.693 2453101
14.6961 2453781
14.6993 2454461
14.7024 2455141
14.7056 2455821
14.7087 2456501
14.7119 2457181
14.715 2457861
14.7182 2458541
14.7213 2459221
14.7245 2459901
14.7276 2460581
14.7308 2461261
14.7339 2461941
14.7371 2462621
14.7402 2463301
14.7434 2463981
14.7466 2464661
14.7497 2465341
14.7529 2466021
14.756 2466701
14.7592 2467381
14.7623 2468061
14.7655 2468741
14.7686 2469421
14.7718 2470101
14.7749 2470781
14.7781 2471461
14.7812 2472141
14.7844 2472821
14.7875 2473501
14.7907 2474181
14.7938 2474861
14.797 2475541
14.8001 2476221
14.8033 2476901
14.8064 2477581
14.8096 2478261
14.8127 2478941
14.8159 2479621
14.819 2480301
14.8222 2480981
14.8254 2481661
14.8285 2482341
14.8317 2483021
14.8348 2483701
14.838 2484381
14.8411 2485061
14.8443 2485741
14.8474 2486421
14.8506 2487101
14.8537 2487781
14.8569 2488461
14.86 2489141
14.8632 2489821
14.8663 2490501
14.8695 2491181
14.8726 2491861
14.8758 2492541
14.8789 2493221
14.8821 2493901
14.8852 2494581
14.8884 2495261
14.8915 2495941
14.8947 2496621
14.8978 2497301
14.901 2497981
14.9042 2498661
14.9073 2499341
14.9105 2500021
14.9136 2500701
14.9168 2501381
14.9199 2502061
14.9231 2502741
14.9262 2503421
14.9294 2504101
14.9325 2504781
14.9357 2505461
14.9388 2506141
14.942 2506821
14.9451 2507501
14.9483 2508181
14.9514 2508861
14.9546 2509541
14.9577 2510221
14.9609 2510901
14.964 2511581
14.9672 2512261
14.9703 2512941
14.9735 2513621
14.9766 2514301
14.9798 2514981
14.983 2515661
14.9861 2516341
14.9893 2517021
14.9924 2517701
14.9956 2518381
14.9987 2519061
15.0019 2519741
15.005 2520421
15.0082 2521101
15.0113 2521781
15.0145 2522461
15.0176 2523141
15.0208 2523821
15.0239 2524501
15.0271 2525181
15.0302 2525861
15.0334 2526541
15.0365 2527221
15.0397 2527901
15.0428 2528581
15.046 2529261
15.0491 2529941
15.0523 2530621
15.0554 2531301
15.0586 2531981
15.0618 2532661
15.0649 2533341
15.0681 2534021
15.0712 2534701
15.0744 2535381
15.0775 2536061
15.0807 2536741
15.0838 2537421
15.087 2538101
15.0901 2538781
15.0933 2539461
15.0964 2540141
15.0996 2540821
15.1027 2541501
15.1059 2542181
15.109 2542861
15.1122 2543541
15.1153 2544221
15.1185 2544901
15.1216 2545581
15.1248 2546261
15.1279 2546941
15.1311 2547621
15.1342 2548301
15.1374 2548981
15.1406 2549661
15.1437 2550341
15.1469 2551021
15.15 2551701
15.1532 2552381
15.1563 2553061
15.1595 2553741
15.1626 2554421
15.1658 2555101
15.1689 2555781
15.1721 2556461
15.1752 2557141
15.1784 2557821
15.1815 2558501
15.1847 2559181
15.1878 2559861
15.191 2560541
15.1941 2561221
15.1973 2561901
15.2004 2562581
15.2036 2563261
15.2067 2563941
15.2099 2564621
15.213 2565301
15.2162 2565981
15.2194 2566661
15.2225 2567341
15.2257 2568021
15.2288 2568701
15.232 2569381
15.2351 2570061
15.2383 2570741
15.2414 2571421
15.2446 2572101
15.2477 2572781
15.2509 2573461
15.254 2574141
15.2572 2574821
15.2603 2575501
15.2635 2576181
15.2666 2576861
15.2698 2577541
15.2729 2578221
15.2761 2578901
15.2792 2579581
15.2824 2580261
15.2855 2580941
15.2887 2581621
15.2918 2582301
15.295 2582981
15.2982 2583661
15.3013 2584341
15.3045 2585021
15.3076 2585701
15.3108 2586381
15.3139 2587061
15.3171 2587741
15.3202 2588421
15.3234 2589101
15.3265 2589781
15.3297 2590461
15.3328 2591141
15.336 2591821
15.3391 2592501
15.3423 2593181
15.3454 2593861
15.3486 2594541
15.3517 2595221
15.3549 2595901
15.358 2596581
15.3612 2597261
15.3643 2597941
15.3675 2598621
15.3706 2599301
15.3738 2599981
15.377 2600661
15.3801 2601341
15.3833 2602021
15.3864 2602701
15.3896 2603381
15.3927 2604061
15.3959 2604741
15.399 2605421
15.4022 2606101
15.4053 2606781
15.4085 2607461
15.4116 2608141
15.4148 2608821
15.4179 2609501
15.4211 2610181
15.4242 2610861
15.4274 2611541
15.4305 2612221
15.4337 2612901
15.4368 2613581
15.44 2614261
15.4431 2614941
15.4463 2615621
15.4494 2616301
15.4526 2616981
15.4558 2617661
15.4589 2618341
15.4621 2619021
15.4652 2619701
15.4684 2620381
15.4715 2621061
15.4747 2621741
15.4778 2622421
15.481 2623101
15.4841 2623781
15.4873 2624461
15.4904 2625141
15.4936 2625821
15.4967 2626501
15.4999 2627181
15.503 2627861
15.5062 2628541
15.5093 2629221
15.5125 2629901
15.5156 2630581
15.5188 2631261
15.5219 2631941
15.5251 2632621
15.5282 2633301
15.5314 2633981
15.5346 2634661
15.5377 2635341
15.5409 2636021
15.544 2636701
15.5472 2637381
15.5503 2638061
15.5535 2638741
15.5566 2639421
15.5598 2640101
15.5629 2640781
15.5661 2641461
15.5692 2642141
15.5724 2642821
15.5755 2643501
15.5787 2644181
15.5818 2644861
15.585 2645541
15.5881 2646221
15.5913 2646901
15.5944 2647581
15.5976 2648261
15.6007 2648941
15.6039 2649621
15.607 2650301
15.6102 2650981
15.6134 2651661
15.6165 2652341
15.6197 2653021
15.6228 2653701
15.626 2654381
15.6291 2655061
15.6323 2655741
15.6354 2656421
15.6386 2657101
15.6417 2657781
15.6449 2658461
15.648 2659141
15.6512 2659821
15.6543 2660501
15.6575 2661181
15.6606 2661861
15.6638 2662541
15.6669 2663221
15.6701 2663901
15.6732 2664581
15.6764 2665261
15.6795 2665941
15.6827 2666621
15.6858 2667301
15.689 2667981
15.6922 2668661
15.6953 2669341
15.6985 2670021
15.7016 2670701
15.7048 2671381
15.7079 2672061
15.7111 2672741
15.7142 2673421
15.7174 2674101
15.7205 2674781
15.7237 2675461
15.7268 2676141
15.73 2676821
15.7331 2677501
15.7363 2678181
15.7394 2678861
15.7426 2679541
15.7457 2680221
15.7489 2680901
15.752 2681581
15.7552 2682261
15.7583 2682941
15.7615 2683621
15.7646 2684301
15.7678 2684981
15.771 2685661
15.7741 2686341
15.7773 2687021
15.7804 2687701
15.7836 2688381
15.7867 2689061
15.7899 2689741
15.793 2690421
15.7962 2691101
15.7993 2691781
15.8025 2692461
15.8056 2693141
15.8088 2693821
15.8119 2694501
15.8151 2695181
15.8182 2695861
15.8214 2696541
15.8245 2697221
15.8277 2697901
15.8308 2698581
15.834 2699261
15.8371 2699941
15.8403 2700621
15.8434 2701301
15.8466 2701981
15.8498 2702661
15.8529 2703341
15.8561 2704021
15.8592 2704701
15.8624 2705381
15.8655 2706061
15.8687 2706741
15.8718 2707421
15.875 2708101
15.8781 2708781
15.8813 2709461
15.8844 2710141
15.8876 2710821
15.8907 2711501
15.8939 2712181
15.897 2712861
15.9002 2713541
15.9033 2714221
15.9065 2714901
15.9096 2715581
15.9128 2716261
15.9159 2716941
15.9191 2717621
15.9222 2718301
15.9254 2718981
15.9286 2719661
15.9317 2720341
15.9349 2721021
15.938 2721701
15.9412 2722381
15.9443 2723061
15.9475 2723741
15.9506 2724421
15.9538 2725101
15.9569 2725781
15.9601 2726461
15.9632 2727141
15.9664 2727821
15.9695 2728501
15.9727 2729181
15.9758 2729861
15.979 2730541
15.9821 2731221
15.9853 2731901
15.9884 2732581
15.9916 2733261
15.9947 2733941
15.9979 2734621
16.001 2735301
16.0042 2735981
16.0074 2736661
16.0105 2737341
16.0137 2738021
16.0168 2738701
16.02 2739381
16.0231 2740061
16.0263 2740741
16.0294 2741421
16.0326 2742101
16.0357 2742781
16.0389 2743461
16.042 2744141
16.0452 2744821
16.0483 2745501
16.0515 2746181
16.0546 2746861
16.0578 2747541
16.0609 2748221
16.0641 2748901
16.0672 2749581
16.0704 2750261
16.0735 2750941
16.0767 2751621
16.0798 2752301
16.083 2752981
16.0862 2753661
16.0893 2754341
16.0925 2755021
16.0956 2755701
16.0988 2756381
16.1019 2757061
16.1051 2757741
16.1082 2758421
16.1114 2759101
16.1145 2759781
16.1177 2760461
16.1208 2761141
16.124 2761821
16.1271 2762501
16.1303 2763181
16.1334 2763861
16.1366 2764541
16.1397 2765221
16.1429 2765901
16.146 2766581
16.1492 2767261
16.1523 2767941
16.1555 2768621
16.1586 2769301
16.1618 2769981
16.165 2770661
16.1681 2771341
16.1713 2772021
16.1744 2772701
16.1776 2773381
16.1807 2774061
16.1839 2774741
16.187 2775421
16.1902 2776101
16.1933 2776781
16.1965 2777461
16.1996 2778141
16.2028 2778821
16.2059 2779501
16.2091 2780181
16.2122 2780861
16.2154 2781541
16.2185 2782221
16.2217 2782901
16.2248 2783581
16.228 2784261
16.2311 2784941
16.2343 2785621
16.2374 2786301
16.2406 2786981
16.2438 2787661
16.2469 2788341
16.2501 2789021
16.2532 2789701
16.2564 2790381
16.2595 2791061
16.2627 2791741
16.2658 2792421
16.269 2793101
16.2721 2793781
16.2753 2794461
16.2784 2795141
16.2816 2795821
16.2847 2796501
16.2879 2797181
16.291 2797861
16.2942 2798541
16.2973 2799221
16.3005 2799901
16.3036 2800581
16.3068 2801261
16.3099 2801941
16.3131 2802621
16.3162 2803301
16.3194 2803981
16.3226 2804661
16.3257 2805341
16.3289 2806021
16.332 2806701
16.3352 2807381
16.3383 2808061
16.3415 2808741
16.3446 2809421
16.3478 2810101
16.3509 2810781
16.3541 2811461
16.3572 2812141
16.3604 2812821
16.3635 2813501
16.3667 2814181
16.3698 2814861
16.373 2815541
16.3761 2816221
16.3793 2816901
16.3824 2817581
16.3856 2818261
16.3887 2818941
16.3919 2819621
16.395 2820301
16.3982 2820981
16.4014 2821661
16.4045 2822341
16.4077 2823021
16.4108 2823701
16.414 2824381
16.4171 2825061
16.4203 2825741
16.4234 2826421
16.4266 2827101
16.4297 2827781
16.4329 2828461
16.436 2829141
16.4392 2829821
16.4423 2830501
16.4455 2831181
16.4486 2831861
16.4518 2832541
16.4549 2833221
16.4581 2833901
16.4612 2834581
16.4644 2835261
16.4675 2835941
16.4707 2836621
16.4738 2837301
16.477 2837981
16.4802 2838661
16.4833 2839341
16.4865 2840021
16.4896 2840701
16.4928 2841381
16.4959 2842061
16.4991 2842741
16.5022 2843421
16.5054 2844101
16.5085 2844781
16.5117 2845461
16.5148 2846141
16.518 2846821
16.5211 2847501
16.5243 2848181
16.5274 2848861
16.5306 2849541
16.5337 2850221
16.5369 2850901
16.54 2851581
16.5432 2852261
16.5463 2852941
16.5495 2853621
16.5526 2854301
16.5558 2854981
16.559 2855661
16.5621 2856341
16.5653 2857021
16.5684 2857701
16.5716 2858381
16.5747 2859061
16.5779 2859741
16.581 2860421
16.5842 2861101
16.5873 2861781
16.5905 2862461
16.5936 2863141
16.5968 2863821
16.5999 2864501
16.6031 2865181
16.6062 2865861
16.6094 2866541
16.6125 2867221
16.6157 2867901
16.6188 2868581
16.622 2869261
16.6251 2869941
16.6283 2870621
16.6314 2871301
16.6346 2871981
16.6378 2872661
16.6409 2873341
16.6441 2874021
16.6472 2874701
16.6504 2875381
16.6535 2876061
16.6567 2876741
16.6598 2877421
16.663 2878101
16.6661 2878781
16.6693 2879461
16.6724 2880141
16.6756 2880821
16.6787 2881501
16.6819 2882181
16.685 2882861
16.6882 2883541
16.6913 2884221
16.6945 2884901
16.6976 2885581
16.7008 2886261
16.7039 2886941
16.7071 2887621
16.7102 2888301
16.7134 2888981
16.7166 2889661
16.7197 2890341
16.7229 2891021
16.726 2891701
16.7292 2892381
16.7323 2893061
16.7355 2893741
16.7386 2894421
16.7418 2895101
16.7449 2895781
16.7481 2896461
16.7512 2897141
16.7544 2897821
16.7575 2898501
16.7607 2899181
16.7638 2899861
16.767 2900541
16.7701 2901221
16.7733 2901901
16.7764 2902581
16.7796 2903261
16.7827 2903941
16.7859 2904621
16.789 2905301
16.7922 2905981
16.7954 2906661
16.7985 2907341
16.8017 2908021
16.8048 2908701
16.808 2909381
16.8111 2910061
16.8143 2910741
16.8174 2911421
16.8206 2912101
16.8237 2912781
16.8269 2913461
16.83 2914141
16.8332 2914821
16.8363 2915501
16.8395 2916181
16.8426 2916861
16.8458 2917541
16.8489 2918221
16.8521 2918901
16.8552 2919581
16.8584 2920261
16.8615 2920941
16.8647 2921621
16.8678 2922301
16.871 2922981
16.8742 2923661
16.8773 2924341
16.8805 2925021
16.8836 2925701
16.8868 2926381
16.8899 2927061
16.8931 2927741
16.8962 2928421
16.8994 2929101
16.9025 2929781
16.9057 2930461
16.9088 2931141
16.912 2931821
16.9151 2932501
16.9183 2933181
16.9214 2933861
16.9246 2934541
16.9277 2935221
16.9309 2935901
16.934 2936581
16.9372 2937261
16.9403 2937941
16.9435 2938621
16.9466 2939301
16.9498 2939981
16.953 2940661
16.9561 2941341
16.9593 2942021
16.9624 2942701
16.9656 2943381
16.9687 2944061
16.9719 2944741
16.975 2945421
16.9782 2946101
16.9813 2946781
16.9845 2947461
16.9876 2948141
16.9908 2948821
16.9939 2949501
16.9971 2950181
17.0002 2950861
17.0034 2951541
17.0065 2952221
17.0097 2952901
17.0128 2953581
17.016 2954261
17.0191 2954941
17.0223 2955621
17.0254 2956301
17.0286 2956981
17.0318 2957661
17.0349 2958341
17.0381 2959021
17.0412 2959701
17.0444 2960381
17.0475 2961061
17.0507 2961741
17.0538 2962421
17.057 2963101
17.0601 2963781
17.0633 2964461
17.0664 2965141
17.0696 2965821
17.0727 2966501
17.0759 2967181
17.079 2967861
17.0822 2968541
17.0853 2969221
17.0885 2969901
17.0916 2970581
17.0948 2971261
17.0979 2971941
17.1011 2972621
17.1042 2973301
17.1074 2973981
17.1106 2974661
17.1137 2975341
17.1169 2976021
17.12 2976701
17.1232 2977381
17.1263 2978061
17.1295 2978741
17.1326 2979421
17.1358 2980101
17.1389 2980781
17.1421 2981461
17.1452 2982141
17.1484 2982821
17.1515 2983501
17.1547 2984181
17.1578 2984861
17.161 2985541
17.1641 2986221
17.1673 2986901
17.1704 2987581
17.1736 2988261
17.1767 2988941
17.1799 2989621
17.183 2990301
17.1862 2990981
17.1894 2991661
17.1925 2992341
17.1957 2993021
17.1988 2993701
17.202 2994381
17.2051 2995061
17.2083 2995741
17.2114 2996421
17.2146 2997101
17.2177 2997781
17.2209 2998461
17.224 2999141
17.2272 2999821
17.2303 3000501
17.2335 3001181
17.2366 3001861
17.2398 3002541
17.2429 3003221
17.2461 3003901
17.2492 3004581
17.2524 3005261
17.2555 3005941
17.2587 3006621
17.2618 3007301
17.265 3007981
17.2682 3008661
17.2713 3009341
17.2745 3010021
17.2776 3010701
17.2808 3011381
17.2839 3012061
17.2871 3012741
17.2902 3013421
17.2934 3014101
17.2965 3014781
17.2997 3015461
17.3028 3016141
17.306 3016821
17.3091 3017501
17.3123 3018181
17.3154 3018861
17.3186 3019541
17.3217 3020221
17.3249 3020901
17.328 3021581
17.3312 3022261
17.3343 3022941
17.3375 3023621
17.3406 3024301
17.3438 3024981
17.347 3025661
17.3501 3026341
17.3533 3027021
17.3564 3027701
17.3596 3028381
17.3627 3029061
17.3659 3029741
17.369 3030421
17.3722 3031101
17.3753 3031781
17.3785 3032461
17.3816 3033141
17.3848 3033821
17.3879 3034501
17.3911 3035181
17.3942 3035861
17.3974 3036541
17.4005 3037221
17.4037 3037901
17.4068 3038581
17.41 3039261
17.4131 3039941
17.4163 3040621
17.4194 3041301
17.4226 3041981
17.4258 3042661
17.4289 3043341
17.4321 3044021
17.4352 3044701
17.4384 3045381
17.4415 3046061
17.4447 3046741
17.4478 3047421
17.451 3048101
17.4541 3048781
17.4573 3049461
17.4604 3050141
17.4636 3050821
17.4667 3051501
17.4699 3052181
17.473 3052861
17.4762 3053541
17.4793 3054221
17.4825 3054901
17.4856 3055581
17.4888 3056261
17.4919 3056941
17.4951 3057621
17.4982 3058301
17.5014 3058981
17.5046 3059661
17.5077 3060341
17.5109 3061021
17.514 3061701
17.5172 3062381
17.5203 3063061
17.5235 3063741
17.5266 3064421
17.5298 3065101
17.5329 3065781
17.5361 3066461
17.5392 3067141
17.5424 3067821
17.5455 3068501
17.5487 3069181
17.5518 3069861
17.555 3070541
17.5581 3071221
17.5613 3071901
17.5644 3072581
17.5676 3073261
17.5707 3073941
17.5739 3074621
17.577 3075301
17.5802 3075981
17.5834 3076661
17.5865 3077341
17.5897 3078021
17.5928 3078701
17.596 3079381
17.5991 3080061
17.6023 3080741
17.6054 3081421
17.6086 3082101
17.6117 3082781
17.6149 3083461
17.618 3084141
17.6212 3084821
17.6243 3085501
17.6275 3086181
17.6306 3086861
17.6338 3087541
17.6369 3088221
17.6401 3088901
17.6432 3089581
17.6464 3090261
17.6495 3090941
17.6527 3091621
17.6558 3092301
17.659 3092981
17.6622 3093661
17.6653 3094341
17.6685 3095021
17.6716 3095701
17.6748 3096381
17.6779 3097061
17.6811 3097741
17.6842 3098421
17.6874 3099101
17.6905 3099781
17.6937 3100461
17.6968 3101141
17.7 3101821
17.7031 3102501
17.7063 3103181
17.7094 3103861
17.7126 3104541
17.7157 3105221
17.7189 3105901
17.722 3106581
17.7252 3107261
17.7283 3107941
17.7315 3108621
17.7346 3109301
17.7378 3109981
17.741 3110661
17.7441 3111341
17.7473 3112021
17.7504 3112701
17.7536 3113381
17.7567 3114061
17.7599 3114741
17.763 3115421
17.7662 3116101
17.7693 3116781
17.7725 3117461
17.7756 3118141
17.7788 3118821
17.7819 3119501
17.7851 3120181
17.7882 3120861
17.7914 3121541
17.7945 3122221
17.7977 3122901
17.8008 3123581
17.804 3124261
17.8071 3124941
17.8103 3125621
17.8134 3126301
17.8166 3126981
17.8198 3127661
17.8229 3128341
17.8261 3129021
17.8292 3129701
17.8324 3130381
17.8355 3131061
17.8387 3131741
17.8418 3132421
17.845 3133101
17.8481 3133781
17.8513 3134461
17.8544 3135141
17.8576 3135821
17.8607 3136501
17.8639 3137181
17.867 3137861
17.8702 3138541
17.8733 3139221
17.8765 3139901
17.8796 3140581
17.8828 3141261
17.8859 3141941
17.8891 3142621
17.8922 3143301
17.8954 3143981
17.8986 3144661
17.9017 3145341
17.9049 3146021
17.908 3146701
17.9112 3147381
17.9143 3148061
17.9175 3148741
17.9206 3149421
17.9238 3150101
17.9269 3150781
17.9301 3151461
17.9332 3152141
17.9364 3152821
17.9395 3153501
17.9427 3154181
17.9458 3154861
17.949 3155541
17.9521 3156221
17.9553 3156901
17.9584 3157581
17.9616 3158261
17.9647 3158941
17.9679 3159621
17.971 3160301
17.9742 3160981
17.9774 3161661
17.9805 3162341
17.9837 3163021
17.9868 3163701
17.99 3164381
17.9931 3165061
17.9963 3165741
17.9994 3166421
18.0026 3167101
18.0057 3167781
18.0089 3168461
18.012 3169141
18.0152 3169821
18.0183 3170501
18.0215 3171181
18.0246 3171861
18.0278 3172541
18.0309 3173221
18.0341 3173901
18.0372 3174581
18.0404 3175261
18.0435 3175941
18.0467 3176621
18.0498 3177301
18.053 3177981
18.0562 3178661
18.0593 3179341
18.0625 3180021
18.0656 3180701
18.0688 3181381
18.0719 3182061
18.0751 3182741
18.0782 3183421
18.0814 3184101
18.0845 3184781
18.0877 3185461
18.0908 3186141
18.094 3186821
18.0971 3187501
18.1003 3188181
18.1034 3188861
18.1066 3189541
18.1097 3190221
18.1129 3190901
18.116 3191581
18.1192 3192261
18.1223 3192941
18.1255 3193621
18.1286 3194301
18.1318 3194981
18.135 3195661
18.1381 3196341
18.1413 3197021
18.1444 3197701
18.1476 3198381
18.1507 3199061
18.1539 3199741
18.157 3200421
18.1602 3201101
18.1633 3201781
18.1665 3202461
18.1696 3203141
18.1728 3203821
18.1759 3204501
18.1791 3205181
18.1822 3205861
18.1854 3206541
18.1885 3207221
18.1917 3207901
18.1948 3208581
18.198 3209261
18.2011 3209941
18.2043 3210621
18.2074 3211301
18.2106 3211981
18.2138 3212661
18.2169 3213341
18.2201 3214021
18.2232 3214701
18.2264 3215381
18.2295 3216061
18.2327 3216741
18.2358 3217421
18.239 3218101
18.2421 3218781
18.2453 3219461
18.2484 3220141
18.2516 3220821
18.2547 3221501
18.2579 3222181
18.261 3222861
18.2642 3223541
18.2673 3224221
18.2705 3224901
18.2736 3225581
18.2768 3226261
18.2799 3226941
18.2831 3227621
18.2862 3228301
18.2894 3228981
18.2926 3229661
18.2957 3230341
18.2989 3231021
18.302 3231701
18.3052 3232381
18.3083 3233061
18.3115 3233741
18.3146 3234421
18.3178 3235101
18.3209 3235781
18.3241 3236461
18.3272 3237141
18.3304 3237821
18.3335 3238501
18.3367 3239181
18.3398 3239861
18.343 3240541
18.3461 3241221
18.3493 3241901
18.3524 3242581
18.3556 3243261
18.3587 3243941
18.3619 3244621
18.365 3245301
18.3682 3245981
18.3714 3246661
18.3745 3247341
18.3777 3248021
18.3808 3248701
18.384 3249381
18.3871 3250061
18.3903 3250741
18.3934 3251421
18.3966 3252101
18.3997 3252781
18.4029 3253461
18.406 3254141
18.4092 3254821
18.4123 3255501
18.4155 3256181
18.4186 3256861
18.4218 3257541
18.4249 3258221
18.4281 3258901
18.4312 3259581
18.4344 3260261
18.4375 3260941
18.4407 3261621
18.4438 3262301
18.447 3262981
18.4502 3263661
18.4533 3264341
18.4565 3265021
18.4596 3265701
18.4628 3266381
18.4659 3267061
18.4691 3267741
18.4722 3268421
18.4754 3269101
18.4785 3269781
18.4817 3270461
18.4848 3271141
18.488 3271821
18.4911 3272501
18.4943 3273181
18.4974 3273861
18.5006 3274541
18.5037 3275221
18.5069 3275901
18.51 3276581
18.5132 3277261
18.5163 3277941
18.5195 3278621
18.5226 3279301
18.5258 3279981
18.529 3280661
18.5321 3281341
18.5353 3282021
18.5384 3282701
18.5416 3283381
18.5447 3284061
18.5479 3284741
18.551 3285421
18.5542 3286101
18.5573 3286781
18.5605 3287461
18.5636 3288141
18.5668 3288821
18.5699 3289501
18.5731 3290181
18.5762 3290861
18.5794 3291541
18.5825 3292221
18.5857 3292901
18.5888 3293581
18.592 3294261
18.5951 3294941
18.5983 3295621
18.6014 3296301
18.6046 3296981
18.6078 3297661
18.6109 3298341
18.6141 3299021
18.6172 3299701
18.6204 3300381
18.6235 3301061
18.6267 3301741
18.6298 3302421
18.633 3303101
18.6361 3303781
18.6393 3304461
18.6424 3305141
18.6456 3305821
18.6487 3306501
18.6519 3307181
18.655 3307861
18.6582 3308541
18.6613 3309221
18.6645 3309901
18.6676 3310581
18.6708 3311261
18.6739 3311941
18.6771 3312621
18.6802 3313301
18.6834 3313981
18.6866 3314661
18.6897 3315341
18.6929 3316021
18.696 3316701
18.6992 3317381
18.7023 3318061
18.7055 3318741
18.7086 3319421
18.7118 3320101
18.7149 3320781
18.7181 3321461
18.7212 3322141
18.7244 3322821
18.7275 3323501
18.7307 3324181
18.7338 3324861
18.737 3325541
18.7401 3326221
18.7433 3326901
18.7464 3327581
18.7496 3328261
18.7527 3328941
18.7559 3329621
18.759 3330301
18.7622 3330981
18.7654 3331661
18.7685 3332341
18.7717 3333021
18.7748 3333701
18.778 3334381
18.7811 3335061
18.7843 3335741
18.7874 3336421
18.7906 3337101
18.7937 3337781
18.7969 3338461
18.8 3339141
18.8032 3339821
18.8063 3340501
18.8095 3341181
18.8126 3341861
18.8158 3342541
18.8189 3343221
18.8221 3343901
18.8252 3344581
18.8284 3345261
18.8315 3345941
18.8347 3346621
18.8378 3347301
18.841 3347981
18.8442 3348661
18.8473 3349341
18.8505 3350021
18.8536 3350701
18.8568 3351381
18.8599 3352061
18.8631 3352741
18.8662 3353421
18.8694 3354101
18.8725 3354781
18.8757 3355461
18.8788 3356141
18.882 3356821
18.8851 3357501
18.8883 3358181
18.8914 3358861
18.8946 3359541
18.8977 3360221
18.9009 3360901
18.904 3361581
18.9072 3362261
18.9103 3362941
18.9135 3363621
18.9166 3364301
18.9198 3364981
18.923 3365661
18.9261 3366341
18.9293 3367021
18.9324 3367701
18.9356 3368381
18.9387 3369061
18.9419 3369741
18.945 3370421
18.9482 3371101
18.9513 3371781
18.9545 3372461
18.9576 3373141
18.9608 3373821
18.9639 3374501
18.9671 3375181
18.9702 3375861
18.9734 3376541
18.9765 3377221
18.9797 3377901
18.9828 3378581
18.986 3379261
18.9891 3379941
18.9923 3380621
18.9954 3381301
18.9986 3381981
19.0018 3382661
19.0049 3383341
19.0081 3384021
19.0112 3384701
19.0144 3385381
19.0175 3386061
19.0207 3386741
19.0238 3387421
19.027 3388101
19.0301 3388781
19.0333 3389461
19.0364 3390141
19.0396 3390821
19.0427 3391501
19.0459 3392181
19.049 3392861
19.0522 3393541
19.0553 3394221
19.0585 3394901
19.0616 3395581
19.0648 3396261
19.0679 3396941
19.0711 3397621
19.0742 3398301
19.0774 3398981
19.0805 3399661
19.0837 3400341
19.0869 3401021
19.09 3401701
19.0932 3402381
19.0963 3403061
19.0995 3403741
19.1026 3404421
19.1058 3405101
19.1089 3405781
19.1121 3406461
19.1152 3407141
19.1184 3407821
19.1215 3408501
19.1247 3409181
19.1278 3409861
19.131 3410541
19.1341 3411221
19.1373 3411901
19.1404 3412581
19.1436 3413261
19.1467 3413941
19.1499 3414621
19.153 3415301
19.1562 3415981
19.1593 3416661
19.1625 3417341
19.1657 3418021
19.1688 3418701
19.172 3419381
19.1751 3420061
19.1783 3420741
19.1814 3421421
19.1846 3422101
19.1877 3422781
19.1909 3423461
19.194 3424141
19.1972 3424821
19.2003 3425501
19.2035 3426181
19.2066 3426861
19.2098 3427541
19.2129 3428221
19.2161 3428901
19.2192 3429581
19.2224 3430261
19.2255 3430941
19.2287 3431621
19.2318 3432301
19.235 3432981
19.2381 3433661
19.2413 3434341
19.2445 3435021
19.2476 3435701
19.2508 3436381
19.2539 3437061
19.2571 3437741
19.2602 3438421
19.2634 3439101
19.2665 3439781
19.2697 3440461
19.2728 3441141
19.276 3441821
19.2791 3442501
19.2823 3443181
19.2854 3443861
19.2886 3444541
19.2917 3445221
19.2949 3445901
19.298 3446581
19.3012 3447261
19.3043 3447941
19.3075 3448621
19.3106 3449301
19.3138 3449981
19.3169 3450661
19.3201 3451341
19.3233 3452021
19.3264 3452701
19.3296 3453381
19.3327 3454061
19.3359 3454741
19.339 3455421
19.3422 3456101
19.3453 3456781
19.3485 3457461
19.3516 3458141
19.3548 3458821
19.3579 3459501
19.3611 3460181
19.3642 3460861
19.3674 3461541
19.3705 3462221
19.3737 3462901
19.3768 3463581
19.38 3464261
19.3831 3464941
19.3863 3465621
19.3894 3466301
19.3926 3466981
19.3957 3467661
19.3989 3468341
19.4021 3469021
19.4052 3469701
19.4084 3470381
19.4115 3471061
19.4147 3471741
19.4178 3472421
19.421 3473101
19.4241 3473781
19.4273 3474461
19.4304 3475141
19.4336 3475821
19.4367 3476501
19.4399 3477181
19.443 3477861
19.4462 3478541
19.4493 3479221
19.4525 3479901
19.4556 3480581
19.4588 3481261
19.4619 3481941
19.4651 3482621
19.4682 3483301
19.4714 3483981
19.4745 3484661
19.4777 3485341
19.4809 3486021
19.484 3486701
19.4872 3487381
19.4903 3488061
19.4935 3488741
19.4966 3489421
19.4998 3490101
19.5029 3490781
19.5061 3491461
19.5092 3492141
19.5124 3492821
19.5155 3493501
19.5187 3494181
19.5218 3494861
19.525 3495541
19.5281 3496221
19.5313 3496901
19.5344 3497581
19.5376 3498261
19.5407 3498941
19.5439 3499621
19.547 3500301
19.5502 3500981
19.5533 3501661
19.5565 3502341
19.5597 3503021
19.5628 3503701
19.566 3504381
19.5691 3505061
19.5723 3505741
19.5754 3506421
19.5786 3507101
19.5817 3507781
19.5849 3508461
19.588 3509141
19.5912 3509821
19.5943 3510501
19.5975 3511181
19.6006 3511861
19.6038 3512541
19.6069 3513221
19.6101 3513901
19.6132 3514581
19.6164 3515261
19.6195 3515941
19.6227 3516621
19.6258 3517301
19.629 3517981
19.6321 3518661
19.6353 3519341
19.6385 3520021
19.6416 3520701
19.6448 3521381
19.6479 3522061
19.6511 3522741
19.6542 3523421
19.6574 3524101
19.6605 3524781
19.6637 3525461
19.6668 3526141
19.67 3526821
19.6731 3527501
19.6763 3528181
19.6794 3528861
19.6826 3529541
19.6857 3530221
19.6889 3530901
19.692 3531581
19.6952 3532261
19.6983 3532941
19.7015 3533621
19.7046 3534301
19.7078 3534981
19.7109 3535661
19.7141 3536341
19.7173 3537021
19.7204 3537701
19.7236 3538381
19.7267 3539061
19.7299 3539741
19.733 3540421
19.7362 3541101
19.7393 3541781
19.7425 3542461
19.7456 3543141
19.7488 3543821
19.7519 3544501
19.7551 3545181
19.7582 3545861
19.7614 3546541
19.7645 3547221
19.7677 3547901
19.7708 3548581
19.774 3549261
19.7771 3549941
19.7803 3550621
19.7834 3551301
19.7866 3551981
19.7897 3552661
19.7929 3553341
19.7961 3554021
19.7992 3554701
19.8024 3555381
19.8055 3556061
19.8087 3556741
19.8118 3557421
19.815 3558101
19.8181 3558781
19.8213 3559461
19.8244 3560141
19.8276 3560821
19.8307 3561501
19.8339 3562181
19.837 3562861
19.8402 3563541
19.8433 3564221
19.8465 3564901
19.8496 3565581
19.8528 3566261
19.8559 3566941
19.8591 3567621
19.8622 3568301
19.8654 3568981
19.8685 3569661
19.8717 3570341
19.8749 3571021
19.878 3571701
19.8812 3572381
19.8843 3573061
19.8875 3573741
19.8906 3574421
19.8938 3575101
19.8969 3575781
19.9001 3576461
19.9032 3577141
19.9064 3577821
19.9095 3578501
19.9127 3579181
19.9158 3579861
19.919 3580541
19.9221 3581221
19.9253 3581901
19.9284 3582581
19.9316 3583261
19.9347 3583941
19.9379 3584621
19.941 3585301
19.9442 3585981
19.9473 3586661
19.9505 3587341
19.9537 3588021
19.9568 3588701
19.96 3589381
19.9631 3590061
19.9663 3590741
19.9694 3591421
19.9726 3592101
19.9757 3592781
19.9789 3593461
19.982 3594141
19.9852 3594821
19.9883 3595501
19.9915 3596181
19.9946 3596861
19.9978 3597541
20.0009 3598221
20.0041 3598901
20.0072 3599581
20.0104 3600261
20.0135 3600941
20.0167 3601621
20.0198 3602301
20.023 3602981
20.0261 3603661
20.0293 3604341
20.0325 3605021
20.0356 3605701
20.0388 3606381
20.0419 3607061
20.0451 3607741
20.0482 3608421
20.0514 3609101
20.0545 3609781
20.0577 3610461
20.0608 3611141
20.064 3611821
20.0671 3612501
20.0703 3613181
20.0734 3613861
20.0766 3614541
20.0797 3615221
20.0829 3615901
20.086 3616581
20.0892 3617261
20.0923 3617941
20.0955 3618621
20.0986 3619301
