0.0 0
0.0905768 0.09
0.18279 0.09025
0.276537 0.0907188
0.370283 0.0911289
0.462454 0.102988
0.465606 0.101989
0.5562 0.100991
0.559352 0.100492
0.562504 0.100055
0.649946 0.0991734
0.653098 0.0989017
0.65625 0.098664
0.659402 0.098456
0.742117 0.108649
0.745269 0.107068
0.748421 0.105559
0.751573 0.104614
0.754725 0.103788
0.757877 0.103064
0.834287 0.112056
0.837439 0.109924
0.840591 0.108059
0.843743 0.106801
0.846895 0.105701
0.850047 0.104864
0.853199 0.104506
0.856351 0.104192
0.859503 0.103918
0.926458 0.112054
0.92961 0.109922
0.932762 0.108057
0.935914 0.1068
0.939066 0.105825
0.942218 0.104972
0.94537 0.1046
0.948522 0.104275
0.951674 0.103866
0.954826 0.103882
0.957978 0.103897
0.96113 0.104035
0.964282 0.104531
0.967434 0.104964
1.0202 0.103594
1.02336 0.10277
1.02651 0.102048
1.02966 0.101417
1.03281 0.10124
1.03596 0.101085
1.03912 0.100949
1.04227 0.101206
1.04542 0.10143
1.04857 0.101626
1.05172 0.102173
1.05488 0.102651
1.05803 0.103195
1.06118 0.104046
1.06433 0.10479
1.06748 0.105441
1.07064 0.106386
1.07379 0.107088
1.07694 0.107702
1.08009 0.108739
1.08324 0.109647
1.11395 0.107566
1.1171 0.106245
1.12025 0.105089
1.12341 0.104078
1.12656 0.103569
1.12971 0.103122
1.13286 0.102732
1.13601 0.102891
1.13917 0.103029
1.14232 0.103026
1.14547 0.103397
1.14862 0.103723
1.15177 0.104007
1.15493 0.104631
1.15808 0.105303
1.16123 0.10589
1.16438 0.106779
1.16753 0.107556
1.17069 0.108112
1.17384 0.108973
1.17699 0.109726
1.18014 0.11051
1.18329 0.111572
1.18645 0.1125
1.1896 0.113313
1.19275 0.114399
1.1959 0.115349
1.19905 0.116305
1.20221 0.117517
1.20536 0.118452
1.20851 0.119271
1.21166 0.120362
1.21481 0.117942
1.21797 0.115699
1.22112 0.114237
1.22427 0.112957
1.22742 0.111837
1.23057 0.111233
1.23373 0.110704
1.23688 0.110241
1.24003 0.110336
1.24318 0.110419
1.24633 0.110366
1.24949 0.110696
1.25264 0.110984
1.25579 0.111236
1.25894 0.111831
1.26209 0.112477
1.26525 0.113043
1.2684 0.113912
1.27155 0.114673
1.2747 0.115339
1.27785 0.116297
1.28101 0.117135
1.28416 0.117868
1.28731 0.118884
1.29046 0.119774
1.29361 0.120552
1.29677 0.121608
1.29992 0.122532
1.30307 0.123466
1.30622 0.124657
1.30937 0.1257
1.31253 0.126488
1.31568 0.127552
1.31883 0.128483
1.32198 0.129297
1.32513 0.13051
1.32829 0.131571
1.33144 0.1325
1.33459 0.133688
1.33774 0.134727
1.34089 0.135511
1.34405 0.136697
1.3472 0.137735
1.35035 0.138643
1.3535 0.139813
1.35665 0.140836
1.35981 0.141732
1.36296 0.14289
1.36611 0.144029
1.36926 0.145025
1.37241 0.146272
1.37557 0.147238
1.37872 0.148083
1.38187 0.149198
1.38502 0.150298
1.38817 0.151261
1.39133 0.152478
1.39448 0.153543
1.39763 0.154476
1.40078 0.155666
1.40393 0.156583
1.40709 0.15751
1.41024 0.158696
1.41339 0.159734
1.41654 0.160642
1.41969 0.161812
1.42285 0.162836
1.426 0.163731
1.42915 0.165015
1.4323 0.166138
1.43545 0.166996
1.43861 0.168121
1.44176 0.169106
1.44491 0.169968
1.44806 0.171222
1.45121 0.172319
1.45437 0.173279
1.45752 0.174494
1.46067 0.175558
1.46382 0.176363
1.46697 0.177442
1.47013 0.178512
1.47328 0.179448
1.47643 0.180642
1.47958 0.181687
1.48273 0.182601
1.48589 0.183776
1.48904 0.184929
1.49219 0.185938
1.49534 0.187196
1.49849 0.188171
1.50165 0.189025
1.5048 0.190147
1.50795 0.191128
1.5111 0.192112
1.51425 0.193348
1.51741 0.19443
1.52056 0.195376
1.52371 0.196579
1.52686 0.197632
1.53001 0.198553
1.53317 0.199734
1.53632 0.200767
1.53947 0.201671
1.54262 0.202837
1.54577 0.203858
1.54893 0.20475
1.55208 0.206032
1.55523 0.207153
1.55838 0.208009
1.56153 0.209132
1.56469 0.210116
1.56784 0.210976
1.57099 0.212104
1.57414 0.213216
1.57729 0.214189
1.58045 0.215416
1.5836 0.216489
1.58675 0.217428
1.5899 0.218624
1.59305 0.219671
1.59621 0.220587
1.59936 0.221764
1.60251 0.222793
1.60566 0.223694
1.60881 0.224857
1.61197 0.225875
1.61512 0.226891
1.61827 0.228154
1.62142 0.229135
1.62457 0.229993
1.62773 0.231119
1.63088 0.232104
1.63403 0.233091
1.63718 0.23433
1.64033 0.235414
1.64349 0.236362
1.64664 0.237567
1.64979 0.238621
1.65294 0.239418
1.65609 0.240616
1.65925 0.241664
1.6624 0.242581
1.66555 0.243758
1.6687 0.244789
1.67185 0.24569
1.67501 0.246979
1.67816 0.248106
1.68131 0.249093
1.68446 0.250331
1.68761 0.25129
1.69077 0.252129
1.69392 0.253238
1.69707 0.254333
1.70022 0.255291
1.70337 0.256505
1.70653 0.257567
1.70968 0.258496
1.71283 0.259684
1.71598 0.260598
1.71913 0.261524
1.72229 0.262708
1.72544 0.263745
1.72859 0.264652
1.73174 0.26582
1.73489 0.266843
1.73805 0.267862
1.7412 0.26913
1.74435 0.270238
1.7475 0.271084
1.75065 0.272198
1.75381 0.273173
1.75696 0.274027
1.76011 0.275273
1.76326 0.276364
1.76641 0.277319
1.76957 0.278529
1.77272 0.279588
1.77587 0.280389
1.77902 0.281591
1.78217 0.282642
1.78533 0.283562
1.78848 0.284741
1.79163 0.285774
1.79478 0.286677
1.79793 0.287842
1.80109 0.288987
1.80424 0.289989
1.80739 0.29124
1.81054 0.29221
1.81369 0.293059
1.81685 0.294176
1.82 0.295154
1.82315 0.296135
1.8263 0.297368
1.82945 0.298447
1.83261 0.299391
1.83576 0.300592
1.83891 0.301518
1.84206 0.302454
1.84521 0.303647
1.84837 0.304691
1.85152 0.305605
1.85467 0.306779
1.85782 0.307807
1.86097 0.308706
1.86413 0.309993
1.86728 0.311119
1.87043 0.311979
1.87358 0.313106
1.87673 0.314093
1.87989 0.314956
1.88304 0.316212
1.88619 0.31731
1.88934 0.318272
1.89249 0.319488
1.89565 0.320552
1.8988 0.321483
1.90195 0.322672
1.9051 0.323713
1.90825 0.324624
1.91141 0.325796
1.91456 0.326822
1.91771 0.327719
1.92086 0.328879
1.92401 0.330019
1.92717 0.331017
2.83855 0.301515
2.84486 0.2757
2.85116 0.253238
2.85747 0.233458
2.86377 0.216151
2.87007 0.201132
2.87638 0.187865
2.9009 0.176257
2.9072 0.166225
2.9135 0.157322
2.91981 0.149532
2.92454 0.14259
2.93072 0.136641
2.93703 0.131936
2.94333 0.127819
2.94964 0.124092
2.95279 0.120455
2.95752 0.117148
2.96382 0.11413
2.97012 0.111614
2.99464 0.109412
3.00095 0.10736
3.00725 0.10569
3.01355 0.104229
3.01828 0.10295
3.02447 0.101832
3.03078 0.100728
3.03708 0.0998867
3.04338 0.0991509
3.04654 0.098507
3.05126 0.0979436
3.05757 0.0974507
3.06387 0.0968944
3.08839 0.0965326
3.09469 0.096216
3.101 0.095814
3.1073 0.0955872
3.11203 0.0953888
3.11822 0.0952152
3.12452 0.0950633
3.13083 0.0948054
3.13713 0.0947047
3.14028 0.0946166
3.14501 0.0945396
3.15131 0.0944721
3.15604 0.0950381
3.18056 0.0977833
3.18686 0.0978104
3.19317 0.0979591
3.19947 0.0980892
3.2042 0.0979531
3.21039 0.0979589
3.21669 0.0979641
3.223 0.0979686
3.2293 0.0980975
3.23245 0.0977103
3.23718 0.0976215
3.24348 0.0976688
3.24821 0.0975852
3.27273 0.0998871
3.27903 0.0997762
3.28534 0.0996792
3.29164 0.0994693
3.29637 0.0991606
3.30256 0.0990155
3.30886 0.0988886
3.31517 0.0989025
3.32147 0.0989147
3.32462 0.0984254
3.32935 0.0982472
3.33565 0.0982163
3.34038 0.0980643
3.3649 0.100306
3.36805 0.0997679
3.37278 0.098922
3.37908 0.0983067
3.38539 0.0977684
3.39012 0.0972973
3.3963 0.0968852
3.40261 0.0965245
3.40891 0.0960839
3.41522 0.0958235
3.41837 0.0955955
3.4231 0.0953961
3.4294 0.0952216
3.43413 0.0950689
3.45865 0.0949353
3.4618 0.0946934
3.46653 0.0946067
3.47283 0.0944058
3.47913 0.0943551
3.48386 0.0941857
3.49005 0.0941625
3.49636 0.0941422
3.50266 0.0941244
3.50896 0.0939839
3.51212 0.0939859
3.51684 0.0938626
3.52315 0.0938798
3.52788 0.0937698
3.55239 0.0937986
3.55554 0.0938238
3.56027 0.0938458
3.56658 0.0938651
3.5713 0.0945069
3.57603 0.0948186
3.58222 0.0953413
3.58853 0.0956736
3.59483 0.0959644
3.60113 0.0963438
3.60429 0.0963009
3.60901 0.0963883
3.61532 0.0967147
3.62005 0.0967504
3.64456 0.0992816
3.64772 0.0987464
3.65244 0.0985281
3.65875 0.0984621
3.66348 0.0982793
3.6682 0.0981194
3.67439 0.0981045
3.6807 0.0980914
3.687 0.09808
3.6933 0.098195
3.69646 0.0977956
3.70118 0.0976962
3.70749 0.0977341
3.71222 0.0976424
3.73673 0.0999371
3.73989 0.0993199
3.74461 0.0990299
3.75092 0.0989012
3.75565 0.0986636
3.76037 0.0984556
3.76656 0.0983987
3.76971 0.0979738
3.77444 0.0974771
3.78075 0.0970425
3.78705 0.0966622
3.7902 0.0963294
3.79493 0.0959132
3.80123 0.0956741
3.80596 0.0953398
3.83048 0.0951723
3.83363 0.0950258
3.83836 0.0948976
3.84466 0.0947854
3.84939 0.0946872
3.85412 0.0946013
3.86031 0.0945261
3.86346 0.0944604
3.86819 0.0944028
3.87449 0.0943525
3.8808 0.0941834
3.88395 0.0940355
3.88868 0.094031
3.89498 0.0939022
3.89971 0.0939144
3.92423 0.0939251
3.92738 0.0939345
3.93211 0.0939426
3.93841 0.0939498
3.94314 0.0939561
3.94787 0.0938366
3.95406 0.093857
3.95721 0.0938749
3.96194 0.0937655
3.96666 0.0942948
3.97297 0.094758
3.97612 0.0949132
3.98085 0.0951741
3.98715 0.0956523
3.99188 0.0958208
4.0164 0.0984682
4.01955 0.0980347
4.02428 0.0979053
4.03058 0.0979172
4.03531 0.0978025
4.04004 0.0977022
4.04623 0.0978644
4.04938 0.0975064
4.05411 0.0974431
4.05883 0.0973877
4.06514 0.0975892
4.06829 0.0973906
4.07302 0.0973418
4.07932 0.097549
4.08405 0.0974804
4.10857 0.0999204
4.11172 0.0993053
4.11645 0.0990171
4.12275 0.09889
4.12748 0.0986537
4.13221 0.098447
4.1384 0.0983912
4.14155 0.0979673
4.14628 0.0978463
4.151 0.0977406
4.15731 0.097898
4.16046 0.0975357
4.16519 0.0974688
4.16834 0.0971602
4.17307 0.0967651
4.1778 0.0962945
4.20231 0.0960077
4.20547 0.0957567
4.21019 0.0955371
4.2165 0.095345
4.22123 0.0951769
4.22595 0.0949048
4.23214 0.0947917
4.23529 0.0946927
4.24002 0.0946061
4.24475 0.0944054
4.25105 0.0943547
4.25421 0.0943103
4.25893 0.0941466
4.26209 0.0941282
4.26681 0.0939872
4.27154 0.0939888
4.29606 0.0939902
4.29921 0.0939914
4.30394 0.0938675
4.31024 0.0938841
4.31497 0.0937736
4.3197 0.0938019
4.32589 0.0937016
4.32904 0.0937389
4.33377 0.0936466
4.3385 0.0936907
4.3448 0.0936044
4.34795 0.0935288
4.35268 0.0935877
4.35583 0.0935143
4.36056 0.093575
4.36529 0.0936281
4.38823 0.0965496
4.39138 0.0963559
4.39611 0.0964364
4.40241 0.0967569
4.40714 0.0967872
4.41187 0.0968138
4.41806 0.0970871
4.42121 0.0969512
4.42594 0.0968323
4.43067 0.0968533
4.43697 0.0969966
4.44012 0.096872
4.44485 0.096888
4.448 0.096777
4.45273 0.0968049
4.45746 0.0968293
4.4804 0.0991006
4.48355 0.098588
4.48828 0.0983895
4.49458 0.0983408
4.49931 0.0981732
4.50404 0.0980266
4.51023 0.0981483
4.51338 0.0977547
4.51811 0.0976604
4.52284 0.0975778
4.52914 0.0977556
4.53229 0.0975362
4.53702 0.0974691
4.54017 0.0972855
4.5449 0.0971248
4.54963 0.0971092
4.57257 0.0993456
4.57572 0.0988024
4.57888 0.0983271
4.58203 0.0977862
4.58833 0.0973129
4.59306 0.0968988
4.59779 0.0964114
4.60398 0.095985
4.60713 0.0957369
4.61186 0.0953948
4.61658 0.0952204
4.62289 0.0949429
4.62604 0.094825
4.63077 0.0945969
4.63392 0.0943973
4.63865 0.0943476
4.64338 0.0943042
4.66632 0.0942661
4.66947 0.0942329
4.67262 0.0942038
4.67577 0.0940533
4.68208 0.0940466
4.68681 0.0939158
4.69153 0.0939263
4.69772 0.0939355
4.70087 0.0938186
4.7056 0.0938413
4.71033 0.0938611
4.71663 0.0938785
4.71979 0.0937687
4.72451 0.0937976
4.72767 0.0938229
4.73239 0.093845
4.73712 0.0938644
4.76006 0.0938813
4.76322 0.0938962
4.76637 0.0939092
4.76952 0.0939205
4.77582 0.0938054
4.78055 0.0938298
4.78528 0.093851
4.78989 0.0943697
4.79304 0.0945735
4.79777 0.0948768
4.8025 0.0951422
4.8088 0.0954994
4.81196 0.095437
4.81668 0.0956324
4.81984 0.0955533
4.82456 0.0957341
4.82929 0.0958924
4.85223 0.0982808
4.85539 0.0978707
4.85854 0.0975119
4.86169 0.0971979
4.86799 0.0972982
4.87272 0.0972609
4.87745 0.0972283
4.88206 0.0971997
4.88522 0.0970498
4.88994 0.0969186
4.89467 0.0969287
4.90098 0.0970626
4.90413 0.0969298
4.90886 0.0969386
4.91201 0.0968213
4.91674 0.0968436
4.92146 0.0968632
4.9444 0.0991303
4.94756 0.098614
4.95071 0.0981622
4.95386 0.0977669
4.96016 0.0979211
4.96489 0.0978059
4.96962 0.0977052
4.97423 0.097617
4.97739 0.0972899
4.98211 0.0972537
4.98527 0.097097
4.98842 0.0967098
4.99472 0.0963711
4.99787 0.0959497
5.0026 0.095706
5.00575 0.0953678
5.01048 0.0951968
5.01521 0.0950472
5.03815 0.0949163
5.0413 0.0948018
5.04446 0.0947015
5.04761 0.0946138
5.05391 0.0944121
5.05864 0.0943606
5.06337 0.0943155
5.06798 0.0941511
5.07113 0.0941322
5.07586 0.0939907
5.07901 0.0939918
5.08216 0.0939929
5.08847 0.0939937
5.09162 0.0939945
5.09635 0.0939952
5.0995 0.0939958
5.10423 0.0939963
5.10896 0.0938718
5.1319 0.0937628
5.13505 0.0937925
5.1382 0.0938184
5.14135 0.0938411
5.14766 0.093861
5.15239 0.0938783
5.15711 0.0938936
5.16173 0.0939069
5.16488 0.0937935
5.16961 0.0938193
5.17276 0.0937169
5.17591 0.0936273
5.18221 0.0936739
5.18537 0.0940896
5.18852 0.0944534
5.19167 0.0945218
5.1964 0.0948315
5.20113 0.0951026
5.22407 0.0977148
5.22722 0.0975004
5.23037 0.0971879
5.23352 0.0969144
5.23983 0.0970501
5.24456 0.0970438
5.24928 0.0970383
5.2539 0.0969086
5.25705 0.096795
5.26178 0.0968206
5.26493 0.096593
5.26808 0.0965189
5.27438 0.096829
5.27754 0.0966004
5.28069 0.0964004
5.28384 0.0962253
5.28857 0.0963221
5.2933 0.0964069
5.31624 0.098731
5.31939 0.0982646
5.32254 0.0978566
5.32569 0.0974995
5.332 0.0975621
5.33673 0.0974918
5.34145 0.0974303
5.34607 0.0973765
5.34922 0.0972045
5.35395 0.0970539
5.3571 0.0969222
5.36025 0.0968069
5.36656 0.096956
5.36971 0.0967115
5.37286 0.0964976
5.37601 0.0964354
5.37916 0.096381
5.38232 0.0960833
5.38704 0.0958229
5.40998 0.0954701
5.41314 0.0952863
5.41629 0.0951255
5.41944 0.0949848
5.42574 0.0948617
5.43047 0.094754
5.4352 0.0946598
5.43981 0.0944523
5.44297 0.0942707
5.44769 0.0942369
5.45085 0.0940823
5.454 0.093947
5.4603 0.0939536
5.46345 0.0939594
5.46661 0.0939645
5.46976 0.0938439
5.47291 0.0937384
5.47606 0.0937711
5.48079 0.0936747
5.50373 0.0937154
5.50688 0.093626
5.51004 0.0936727
5.51319 0.0937136
5.51949 0.0937494
5.52422 0.0937808
5.52895 0.0936832
5.53356 0.0937228
5.53671 0.0937574
5.54144 0.0937877
5.54459 0.0938143
5.54774 0.0938375
5.55405 0.0938578
5.5572 0.0938756
5.56035 0.0938911
5.5635 0.0939047
5.56666 0.0939166
5.56981 0.0938021
5.57454 0.0938268
5.59748 0.0938485
5.60063 0.0938674
5.60378 0.094259
5.60693 0.0944766
5.61166 0.094917
5.61639 0.0951774
5.62112 0.0954052
5.62573 0.0956046
5.62888 0.095529
5.63361 0.0957129
5.63676 0.0956238
5.63991 0.0955458
5.64622 0.0959776
5.64937 0.0958554
5.65252 0.0957484
5.65567 0.0956549
5.65883 0.095573
5.66198 0.0955014
5.66671 0.0956887
5.68965 0.0981026
5.6928 0.0977148
5.69595 0.0973755
5.6991 0.0972035
5.70383 0.0971781
5.70856 0.0971558
5.71329 0.0971363
5.7179 0.0969943
5.72105 0.09687
5.72578 0.0968863
5.72893 0.0966505
5.73208 0.0965692
5.73839 0.096873
5.74154 0.0966389
5.74469 0.096434
5.74784 0.0962548
5.751 0.0960979
5.75415 0.0960857
5.75888 0.0962
5.78182 0.09855
5.78497 0.0981062
5.78812 0.097843
5.79127 0.0976126
5.796 0.097536
5.80073 0.097469
5.80546 0.0974104
5.80861 0.0971091
5.81176 0.0967204
5.81491 0.0962554
5.81953 0.0959735
5.82268 0.0957268
5.82583 0.0953859
5.83214 0.0952127
5.83529 0.0950611
5.83844 0.0949285
5.84159 0.0948124
5.84474 0.0947109
5.8479 0.094497
5.85262 0.0944349
5.87556 0.0943805
5.87872 0.0943329
5.88187 0.0941663
5.88502 0.0941455
5.88975 0.0940023
5.89448 0.0940021
5.8992 0.0940018
5.90236 0.0940016
5.90551 0.0940014
5.90866 0.0940012
5.91327 0.0940011
5.91643 0.0940009
5.91958 0.0940008
5.92588 0.0938757
5.92903 0.0938912
5.93219 0.0939048
5.93534 0.0939167
5.93849 0.0939271
5.94164 0.0939362
5.94637 0.0939442
5.96931 0.0939512
5.97246 0.0939573
5.97562 0.0939626
5.97877 0.0938423
5.9835 0.093862
5.98822 0.0938793
5.99295 0.0937693
5.9961 0.0937982
5.99926 0.0938234
6.00241 0.0938455
6.00556 0.0942398
6.00871 0.0943348
6.01186 0.094418
6.01805 0.0949907
6.0212 0.0951169
6.02436 0.0951023
6.02751 0.0950895
6.03066 0.0950783
6.03381 0.0950685
6.03854 0.0953099
6.06148 0.0977712
6.06463 0.0974248
6.06779 0.0971217
6.07094 0.0968565
6.07567 0.0968744
6.08039 0.0968901
6.08512 0.0969039
6.08827 0.0967909
6.09143 0.096567
6.09458 0.0963711
6.09773 0.0961997
6.10088 0.0960498
6.10403 0.0960436
6.11022 0.0964131
6.11337 0.0962365
6.11653 0.0960819
6.11968 0.0959467
6.12283 0.0958283
6.12598 0.0957248
6.13071 0.0958842
6.15365 0.0982737
6.1568 0.0978645
6.15996 0.0975064
6.16311 0.0973181
6.16784 0.0972783
6.17256 0.0972435
6.17729 0.0972131
6.18044 0.0969365
6.1836 0.0966944
6.18675 0.0964826
6.1899 0.0962973
6.19305 0.0962601
6.1962 0.0962276
6.19936 0.0960742
6.20397 0.0956899
6.20712 0.0954786
6.21027 0.0952938
6.21342 0.0951321
6.21658 0.0949906
6.21973 0.0948668
6.22446 0.0947584
6.2474 0.0946636
6.25055 0.0945807
6.2537 0.0945081
6.25685 0.0943196
6.26158 0.0942796
6.26631 0.0942447
6.27104 0.0942141
6.27419 0.0941873
6.27734 0.0941639
6.28049 0.0941434
6.28365 0.0941255
6.2868 0.0939848
6.28995 0.0938617
6.2931 0.093879
6.29772 0.0938941
6.30087 0.0937823
6.30402 0.0938096
6.30717 0.0938334
6.31032 0.0938542
6.31348 0.0938724
6.3182 0.0938884
6.34114 0.0939023
6.3443 0.0939145
6.34745 0.0939252
6.3506 0.0939346
6.35533 0.0939427
6.36006 0.0939499
6.36478 0.0938312
6.36794 0.0937273
6.37109 0.0937614
6.37424 0.0937912
6.37739 0.0938173
6.38054 0.0938401
6.3837 0.0938601
6.38685 0.0937526
6.39146 0.0937835
6.39461 0.0938106
6.39777 0.0937093
6.40092 0.0939956
6.40407 0.0943711
6.40722 0.0946998
6.41037 0.0949873
6.43332 0.0974889
6.43647 0.0971778
6.43962 0.0969055
6.44277 0.0966673
6.4475 0.0967089
6.45223 0.0967453
6.45696 0.0966521
6.46011 0.0965706
6.46326 0.0964993
6.46641 0.0963119
6.46956 0.0961479
6.47272 0.0960044
6.47587 0.0958789
6.47902 0.095894
6.48363 0.0960323
6.48678 0.0959032
6.48994 0.0957903
6.49309 0.0958165
6.49624 0.0958395
6.49939 0.0957345
6.50254 0.0956427
6.52549 0.0980624
6.52864 0.0976796
6.53179 0.0973446
6.53494 0.0970516
6.53967 0.0970451
6.5444 0.0970395
6.54913 0.0970345
6.55228 0.0969052
6.55543 0.0966671
6.55858 0.0964587
6.56173 0.0962763
6.56489 0.0961168
6.56804 0.0961022
6.57119 0.0960894
6.5758 0.0960782
6.57895 0.0959435
6.58211 0.0959505
6.58526 0.0959567
6.58841 0.0958371
6.59156 0.0957325
6.59471 0.0956409
6.61766 0.0980608
6.62081 0.0976782
6.62396 0.0973434
6.62711 0.0971755
6.63026 0.0970286
6.63342 0.09665
6.63814 0.0963187
6.64287 0.0959039
6.64602 0.0956659
6.64918 0.0954577
6.65233 0.0952755
6.65548 0.095116
6.65863 0.0949765
6.66178 0.0947295
6.66494 0.0945133
6.66955 0.0944491
6.6727 0.094393
6.67585 0.0942189
6.679 0.0941915
6.68216 0.0941676
6.68531 0.0941466
6.68846 0.0941283
6.7114 0.0941123
6.71455 0.0940982
6.71771 0.0940859
6.72086 0.0939502
6.72401 0.0939564
6.72716 0.0939619
6.73189 0.0938416
6.73662 0.0938614
6.73977 0.0937538
6.74292 0.0936595
6.74607 0.0937021
6.74923 0.0937393
6.75238 0.0937719
6.75553 0.0938004
6.75868 0.0938254
6.7633 0.0938472
6.76645 0.0938663
6.7696 0.093883
6.77275 0.0937726
6.7759 0.0936761
6.77906 0.0937165
6.78221 0.093752
6.80515 0.093783
6.8083 0.0938101
6.81145 0.0938338
6.8146 0.0938546
6.81776 0.0937478
6.82091 0.0936543
6.82564 0.0936975
6.83036 0.0937353
6.83352 0.0937684
6.83667 0.0941724
6.83982 0.0945258
6.84297 0.0947101
6.84612 0.0949963
6.84928 0.0952468
6.85243 0.0954659
6.85558 0.0956577
6.85873 0.0955755
6.86188 0.0955035
6.86504 0.0955656
6.86819 0.0956199
6.87134 0.0956674
6.87449 0.095584
6.89732 0.098011
6.90047 0.0976346
6.90362 0.0973053
6.90678 0.0970171
6.90993 0.096765
6.91308 0.0966694
6.91781 0.0967107
6.92254 0.0967469
6.92569 0.0965285
6.92884 0.0963374
6.93199 0.0961703
6.93514 0.096149
6.9383 0.0961304
6.94145 0.0959891
6.9446 0.0958654
6.94775 0.0957572
6.9509 0.0956626
6.95406 0.0957048
6.95721 0.0957417
6.96036 0.095649
6.96351 0.0955678
6.96666 0.0954969
6.98949 0.0979348
6.99264 0.0975679
6.99579 0.0972469
6.99895 0.0969661
7.0021 0.0968453
7.00525 0.0967396
7.00998 0.0966472
7.01471 0.0966913
7.01786 0.0964799
7.02101 0.0964199
7.02416 0.0963674
7.02731 0.0963215
7.03047 0.0961563
7.03362 0.0960118
7.03677 0.0958853
7.03992 0.0957746
7.04307 0.0958028
7.04623 0.0958274
7.04938 0.095724
7.05253 0.0956335
7.05568 0.0955543
7.05883 0.095485
7.06199 0.0954244
7.08324 0.0952464
7.08639 0.0950906
7.08954 0.0949542
7.09269 0.094835
7.09584 0.0946056
7.099 0.0944049
7.10372 0.0943543
7.10845 0.09431
7.1116 0.0942712
7.11476 0.0941123
7.11791 0.0939733
7.12106 0.0939766
7.12421 0.0939796
7.12736 0.0939821
7.13052 0.0939843
7.13367 0.0939863
7.13682 0.093863
7.13997 0.0937551
7.14312 0.0937857
7.14628 0.0938125
7.14943 0.093836
7.15258 0.0938565
7.15573 0.0938744
7.17698 0.0937651
7.18013 0.0937945
7.18329 0.0938202
7.18644 0.0938426
7.18959 0.0938623
7.19274 0.0938795
7.19747 0.0938946
7.2022 0.0939078
7.20535 0.0939193
7.2085 0.0939294
7.21165 0.0939382
7.21481 0.0938209
7.21796 0.0937183
7.22111 0.0937535
7.22426 0.0937843
7.22741 0.0938113
7.23057 0.0938349
7.23372 0.0942305
7.23687 0.0945767
7.24002 0.0948796
7.24317 0.0951447
7.24633 0.0953766
7.24948 0.0955795
7.26915 0.0978821
7.2723 0.0976468
7.27546 0.097316
7.27861 0.0970265
7.28176 0.0967732
7.28491 0.0965515
7.28964 0.0966076
7.29437 0.0966566
7.29752 0.0964495
7.30067 0.0962684
7.30382 0.0961098
7.30698 0.0959711
7.31013 0.0959747
7.31328 0.0959779
7.31643 0.0958556
7.31958 0.0957487
7.32274 0.0956551
7.32589 0.0955732
7.32904 0.0956266
7.33219 0.0956732
7.33534 0.0955891
7.3385 0.0955154
7.34165 0.095451
7.36132 0.0975196
7.36448 0.0972047
7.36763 0.0969291
7.37078 0.096688
7.37393 0.096477
7.37708 0.0964173
7.38181 0.0964902
7.38654 0.0965539
7.38969 0.0963597
7.39284 0.0961897
7.396 0.096041
7.39915 0.0960359
7.4023 0.0960314
7.40545 0.0959025
7.4086 0.0957897
7.41176 0.0956909
7.41491 0.0956046
7.41806 0.095654
7.42121 0.0956973
7.42436 0.0956101
7.42752 0.0955338
7.43067 0.0954671
7.43382 0.0954087
7.43697 0.0953576
7.45507 0.0951879
7.45822 0.0950394
7.46137 0.0949095
7.46453 0.0947958
7.46768 0.0946963
7.47083 0.0944843
7.47556 0.0944238
7.48029 0.0943708
7.48344 0.0943244
7.48659 0.0942839
7.48974 0.0942484
7.49289 0.0940923
7.49605 0.0940808
7.4992 0.0940707
7.50235 0.0940619
7.5055 0.0940541
7.50865 0.0940474
7.51181 0.0939164
7.51496 0.0938019
7.51811 0.0938267
7.52126 0.0938483
7.52441 0.0938673
7.52757 0.0938839
7.53072 0.0938984
7.54882 0.0937861
7.55197 0.0936878
7.55512 0.0937268
7.55827 0.093761
7.56142 0.0937909
7.56458 0.093817
7.5693 0.0938399
7.57403 0.0938599
7.57718 0.0938774
7.58034 0.0938927
7.58349 0.0939061
7.58664 0.0939179
7.58979 0.0938031
7.59294 0.0937027
7.5961 0.0937399
7.59925 0.0937724
7.6024 0.0938009
7.60555 0.0938258
7.6087 0.0938475
7.61186 0.0937416
7.61501 0.0937739
7.61816 0.0938022
7.62131 0.0938269
7.62446 0.0938485
7.64099 0.0958675
7.64414 0.095884
7.64729 0.0958985
7.65044 0.0957862
7.65359 0.0956879
7.65675 0.0956019
7.66147 0.0957767
7.6662 0.0959296
7.66935 0.0958134
7.67251 0.0957117
7.67566 0.0956228
7.67881 0.0955449
7.68196 0.0954768
7.68511 0.0955422
7.68827 0.0955994
7.69142 0.0955245
7.69457 0.0954589
7.69772 0.0954016
7.70087 0.0953514
7.70403 0.0954324
7.70718 0.0955034
7.71033 0.0954405
7.71348 0.0953854
7.71663 0.0953372
7.73316 0.0970451
7.73631 0.0969144
7.73946 0.0966751
7.74261 0.0964657
7.74576 0.0962825
7.74892 0.0961222
7.75364 0.0962319
7.75837 0.0963279
7.76152 0.0961619
7.76468 0.0960167
7.76783 0.0958896
7.77098 0.0957784
7.77413 0.0958061
7.77728 0.0958303
7.78044 0.0957266
7.78359 0.0956357
7.78674 0.0955563
7.78989 0.0954867
7.79304 0.0955509
7.7962 0.095607
7.79935 0.0955311
7.8025 0.0954648
7.80565 0.0954067
7.8088 0.0953558
7.82533 0.0970613
7.82848 0.0968037
7.83163 0.0965782
7.83478 0.0963809
7.83794 0.0962083
7.84109 0.0961823
7.84582 0.0962845
7.85054 0.0963739
7.8537 0.0962022
7.85685 0.0960519
7.86 0.0959204
7.86315 0.0959304
7.8663 0.0959391
7.86946 0.0958217
7.87261 0.095719
7.87576 0.0956291
7.87891 0.0955505
7.88206 0.0956067
7.88522 0.0956558
7.88837 0.0955738
7.89152 0.0955021
7.89467 0.0954394
7.89782 0.0953844
7.90098 0.0953364
7.90413 0.0954193
7.91907 0.0952419
7.92223 0.0950867
7.92538 0.0949508
7.92853 0.094832
7.93168 0.094728
7.93483 0.094512
7.93956 0.094448
7.94429 0.094392
7.94744 0.094343
7.95059 0.0943001
7.95375 0.0942626
7.9569 0.0941048
7.96005 0.0940917
7.9632 0.0940802
7.96635 0.0940702
7.96951 0.0940614
7.97266 0.0940537
7.97581 0.093922
7.97896 0.0938068
7.98211 0.0938309
7.98527 0.0938521
7.98842 0.0938705
7.99157 0.0938867
7.99472 0.0939009
7.99787 0.0937883
8.01282 0.0936897
8.01597 0.0936035
8.01912 0.0936531
8.02228 0.0936964
8.02543 0.0937344
8.02858 0.0937676
8.03331 0.0937966
8.03804 0.0938221
8.04119 0.0938443
8.04434 0.0938638
8.04749 0.0938808
8.05064 0.0938957
8.0538 0.0937837
8.05695 0.0936858
8.0601 0.093725
8.06325 0.0937594
8.0664 0.0937895
8.06956 0.0941908
8.07271 0.0945419
8.07586 0.0948492
8.07901 0.0951181
8.08216 0.0953533
8.08532 0.0955591
8.08847 0.0957392
8.09162 0.0958968
8.10499 0.0972847
8.10814 0.0971241
8.11129 0.0969836
8.11445 0.0967357
8.1176 0.0965187
8.12075 0.0963289
8.12548 0.0964128
8.13021 0.0964862
8.13336 0.0963004
8.13651 0.0961378
8.13966 0.0959956
8.14281 0.0958712
8.14597 0.0957623
8.14912 0.095792
8.15227 0.095818
8.15542 0.0957157
8.15857 0.0956263
8.16173 0.095548
8.16488 0.0954795
8.16803 0.0955446
8.17118 0.0956015
8.17433 0.0955263
8.17749 0.0954605
8.18064 0.0954029
8.18379 0.0953526
8.19716 0.0966835
8.20031 0.0965981
8.20346 0.0963983
8.20662 0.0962235
8.20977 0.0960706
8.21292 0.0959368
8.21765 0.0960697
8.22238 0.096186
8.22553 0.0960377
8.22868 0.095908
8.23183 0.0957945
8.23498 0.0956952
8.23814 0.0957333
8.24129 0.0957666
8.24444 0.0956708
8.24759 0.0955869
8.25074 0.0955136
8.2539 0.0954494
8.25705 0.0955182
8.2602 0.0955784
8.26335 0.0955061
8.2665 0.0954429
8.26966 0.0953875
8.27281 0.0953391
8.27596 0.0952967
8.27911 0.0953846
8.29091 0.0950865
8.29406 0.0949507
8.29721 0.0948319
8.30036 0.0947279
8.30352 0.0946369
8.30667 0.0945573
8.3114 0.0944876
8.31612 0.0944267
8.31928 0.0943733
8.32243 0.0943267
8.32558 0.0942858
8.32873 0.0942501
8.33188 0.0940938
8.33504 0.0940821
8.33819 0.0940718
8.34134 0.0940629
8.34449 0.094055
8.34764 0.0940481
8.3508 0.0939171
8.35395 0.0938025
8.3571 0.0938272
8.36025 0.0938488
8.3634 0.0938677
8.36656 0.0938842
8.36971 0.0938987
8.37286 0.0937863
8.38465 0.0938131
8.38781 0.0937114
8.39096 0.0936225
8.39411 0.0936697
8.39726 0.093711
8.40041 0.0937471
8.40514 0.0937787
8.40987 0.0936814
8.41302 0.0937212
8.41617 0.093756
8.41933 0.0937865
8.42248 0.0938132
8.42563 0.0938366
8.42878 0.093732
8.43193 0.0936405
8.43509 0.0936854
8.43824 0.0937248
8.44139 0.0937592
8.44454 0.0937893
8.44769 0.0938156
8.45085 0.0937137
8.454 0.0936244
8.45715 0.0936714
8.4603 0.0937125
8.46345 0.0937484
8.46661 0.0937799
8.4784 0.0938074
8.48155 0.0938315
8.4847 0.0938525
8.48786 0.094246
8.49101 0.0945902
8.49416 0.0948914
8.49731 0.095155
8.50204 0.0953856
8.50519 0.0954624
8.50834 0.0954046
8.5115 0.095354
8.51465 0.0953098
8.5178 0.0952711
8.52095 0.0952372
8.5241 0.0953325
8.52726 0.095416
8.53041 0.095364
8.53356 0.0953185
8.53671 0.0952787
8.53986 0.0952438
8.54302 0.0953384
8.54617 0.0954211
8.54932 0.0954934
8.55247 0.0954317
8.55562 0.0953778
8.55878 0.0953306
8.57057 0.0964142
8.57372 0.0962375
8.57687 0.0960828
8.58003 0.0960724
8.58318 0.0960634
8.58633 0.0959304
8.58948 0.0958141
8.59421 0.0959624
8.59736 0.0958421
8.60051 0.0957368
8.60367 0.0956447
8.60682 0.0955641
8.60997 0.0954936
8.61312 0.0955569
8.61627 0.0956123
8.61943 0.0955358
8.62258 0.0954688
8.62573 0.0954102
8.62888 0.0953589
8.63203 0.095439
8.63519 0.0955092
8.63834 0.0954455
8.64149 0.0953898
8.64464 0.0953411
8.64779 0.0952985
8.65095 0.0952612
8.66274 0.0963535
8.66589 0.0961843
8.66904 0.0961613
8.6722 0.0961411
8.67535 0.0959985
8.6785 0.0958737
8.68165 0.0957645
8.68638 0.0959189
8.68953 0.095804
8.69268 0.0957035
8.69584 0.0956156
8.69899 0.0955386
8.70214 0.0955963
8.70529 0.0956468
8.70844 0.0955659
8.7116 0.0954952
8.71475 0.0954333
8.7179 0.0953791
8.72105 0.0954567
8.7242 0.0955246
8.72736 0.0954591
8.73051 0.0954017
8.73366 0.0953515
8.73681 0.0953075
8.73996 0.0952691
8.74312 0.0953605
8.74627 0.0954404
8.75649 0.0952603
8.75964 0.0951028
8.76279 0.09484
8.76594 0.09461
8.7691 0.0945337
8.77225 0.094467
8.7754 0.0944086
8.78013 0.0943575
8.78328 0.0943129
8.78643 0.0942737
8.78958 0.0942395
8.79274 0.0942096
8.79589 0.0940584
8.79904 0.0940511
8.80219 0.0940447
8.80534 0.0940391
8.8085 0.0940342
8.81165 0.0940299
8.8148 0.0939012
8.81795 0.0937885
8.8211 0.093815
8.82426 0.0938381
8.82741 0.0938583
8.83056 0.0938761
8.83371 0.0938915
8.83686 0.0937801
8.84002 0.0938076
8.85023 0.0938316
8.85339 0.0938527
8.85654 0.0938711
8.85969 0.0938872
8.86284 0.0937763
8.86599 0.0936793
8.86915 0.0937194
8.87387 0.0936294
8.87703 0.0936758
8.88018 0.0937163
8.88333 0.0937518
8.88648 0.0941578
8.88963 0.0945131
8.89279 0.0948239
8.89594 0.0949709
8.89909 0.0952246
8.90224 0.0954465
8.90539 0.0956407
8.90855 0.0958106
8.9117 0.0959593
8.91485 0.0960894
8.918 0.0962032
8.92115 0.0963028
8.92431 0.0963899
8.92746 0.0964662
8.93061 0.0965329
8.93376 0.0965913
8.9424 0.0972674
8.94556 0.096984
8.94871 0.096736
8.95186 0.096519
8.95501 0.0964541
8.95816 0.0963973
8.96132 0.0963477
8.96604 0.0964292
8.9692 0.0963756
8.97235 0.0962036
8.9755 0.0960532
8.97865 0.0959215
8.9818 0.0958063
8.98496 0.0957055
8.98811 0.0957423
8.99126 0.0957746
8.99441 0.0956777
8.99756 0.095593
9.00072 0.0955189
9.00387 0.095454
9.00702 0.0955223
9.01017 0.095582
9.01332 0.0955092
9.01648 0.0954456
9.01963 0.0953899
9.02278 0.0953411
9.02593 0.0952985
9.03457 0.0960112
9.03773 0.0958848
9.04088 0.0957742
9.04403 0.0958024
9.04718 0.0958271
9.05033 0.0957237
9.05349 0.0956333
9.05821 0.0958041
9.06137 0.0957036
9.06452 0.0956156
9.06767 0.0955387
9.07082 0.0954713
9.07397 0.0954124
9.07713 0.0954859
9.08028 0.0955501
9.08343 0.0954814
9.08658 0.0954212
9.08973 0.0953685
9.09289 0.0953225
9.09604 0.0954072
9.09919 0.0954813
9.10234 0.0954211
9.10549 0.0953685
9.10865 0.0953224
9.1118 0.0952821
9.11495 0.0952468
9.1181 0.095341
9.12125 0.0954234
9.12832 0.0952454
9.13147 0.0950898
9.13462 0.0949535
9.13778 0.0947094
9.14093 0.0944957
9.14408 0.0944337
9.14723 0.0943795
9.15196 0.0942071
9.15511 0.0941812
9.15826 0.0941585
9.16142 0.0941387
9.16457 0.0941214
9.16772 0.0941062
9.17087 0.0939679
9.17402 0.0939719
9.17718 0.0939754
9.18033 0.0939785
9.18348 0.0939812
9.18663 0.0939835
9.18978 0.0938606
9.19294 0.093753
9.19609 0.0937839
9.19924 0.0938109
9.20239 0.0938345
9.20554 0.0938552
9.2087 0.0938733
9.21185 0.0937642
9.215 0.0937936
9.22207 0.0938194
9.22522 0.093842
9.22837 0.0938618
9.23152 0.093879
9.23468 0.0938942
9.23783 0.0937824
9.24098 0.0936846
9.24571 0.093724
9.24886 0.0936335
9.25201 0.0936793
9.25516 0.0937194
9.25832 0.0937545
9.26147 0.0937852
9.26462 0.093812
9.26777 0.0937105
9.27092 0.0936217
9.27408 0.093669
9.27723 0.0937104
9.28038 0.0937466
9.28353 0.0941532
9.28668 0.0945091
9.28984 0.0948205
9.29299 0.0949679
9.29614 0.0952219
9.29929 0.0954442
9.30244 0.0956386
9.3056 0.0958088
9.30875 0.0959577
9.31424 0.096338
9.31739 0.0961707
9.32054 0.0960244
9.32369 0.0958964
9.32685 0.0957843
9.33 0.0956863
9.33315 0.0957255
9.33788 0.0958848
9.34103 0.0958992
9.34418 0.0959118
9.34733 0.0957978
9.35049 0.0956981
9.35364 0.0956108
9.35679 0.0955345
9.35994 0.0954677
9.36309 0.0955342
9.36625 0.0955924
9.3694 0.0955184
9.37255 0.0954536
9.3757 0.0953969
9.37885 0.0953473
9.38201 0.0954289
9.38516 0.0955003
9.38831 0.0955627
9.39146 0.0954924
9.39461 0.0954308
9.39777 0.095377
9.40092 0.0953299
9.40641 0.0956636
9.40956 0.0955807
9.41271 0.0955081
9.41586 0.0954446
9.41902 0.095514
9.42217 0.0955748
9.42532 0.0956279
9.43005 0.0957994
9.4332 0.0958245
9.43635 0.0957214
9.4395 0.0956313
9.44266 0.0955523
9.44581 0.0954833
9.44896 0.0954229
9.45211 0.095495
9.45526 0.0955581
9.45842 0.0954884
9.46157 0.0954273
9.46472 0.0953739
9.46787 0.0953272
9.47102 0.0954113
9.47418 0.0954849
9.47733 0.0954243
9.48048 0.0953712
9.48363 0.0953248
9.48678 0.0952842
9.48994 0.0952487
9.49309 0.0953426
9.49858 0.0956748
9.50173 0.0955904
9.50488 0.0955166
9.50803 0.095577
9.51119 0.0956299
9.51434 0.0955512
9.51749 0.0954823
9.52064 0.095422
9.52379 0.0951192
9.52695 0.0948543
9.5301 0.0947475
9.53325 0.0946541
9.5364 0.0945723
9.53955 0.0945008
9.54271 0.0944382
9.54586 0.0942584
9.54901 0.0942261
9.55216 0.0941979
9.55531 0.0941731
9.55847 0.0941515
9.56162 0.0941325
9.56477 0.093991
9.56792 0.0938671
9.57107 0.0938837
9.57423 0.0938983
9.57738 0.093911
9.58053 0.0939221
9.58368 0.0939318
9.58683 0.0938154
9.59232 0.0938384
9.59548 0.0938586
9.59863 0.0938763
9.60178 0.0937668
9.60493 0.0936709
9.60808 0.0937121
9.61124 0.093748
9.61439 0.0937795
9.61754 0.0938071
9.62069 0.0938312
9.62384 0.0937273
9.627 0.0936364
9.63015 0.0936818
9.6333 0.0937216
9.63645 0.0937564
9.6396 0.0937869
9.64276 0.0936885
9.64591 0.0936024
9.64906 0.0936521
9.65221 0.0936956
9.65536 0.0937337
9.65852 0.093767
9.66167 0.0937961
9.66482 0.0936966
9.66797 0.0936095
9.67112 0.0936583
9.67428 0.093701
9.67743 0.0937384
9.68058 0.0937711
9.68607 0.0937997
9.68922 0.0938247
9.69238 0.0938467
9.69553 0.0938658
9.69868 0.0938826
9.70183 0.0937723
9.70498 0.0936757
9.70814 0.0937163
9.71129 0.0937517
9.71444 0.0937828
9.71759 0.0938099
9.72074 0.0938337
9.7239 0.0937295
9.72705 0.0937633
9.7302 0.0941679
9.73335 0.0945219
9.7365 0.0948317
9.73966 0.0951027
9.74281 0.0953399
9.74596 0.0954224
9.74911 0.0956196
9.75226 0.0957921
9.75542 0.0959431
9.75857 0.0960752
9.76172 0.0961908
9.76487 0.096292
9.76802 0.0963805
9.77117 0.0964579
9.77433 0.0965257
9.77824 0.09671
9.78139 0.0964962
9.78455 0.0963092
9.7877 0.0961455
9.79085 0.0960023
9.794 0.0960021
9.79715 0.0960018
9.80031 0.0960016
9.80346 0.0958764
9.80661 0.0957668
9.80976 0.095671
9.81291 0.0955871
9.81607 0.0956387
9.81922 0.0956839
9.82237 0.0955984
9.82552 0.0955236
9.82867 0.0954581
9.83183 0.0954009
9.83498 0.0953508
9.83813 0.0954319
9.84128 0.0955029
9.84443 0.0954401
9.84759 0.0953851
9.85074 0.0953369
9.85389 0.0952948
9.85704 0.095383
9.86019 0.0954601
9.86335 0.0954026
9.8665 0.0953523
9.87041 0.0954332
9.87356 0.0953791
9.87672 0.0953317
9.87987 0.0952902
9.88302 0.0953789
9.88617 0.0954566
9.88932 0.0953995
9.89248 0.0953496
9.89563 0.0953059
9.89878 0.0952676
9.90193 0.0952342
9.90508 0.0953299
9.90824 0.0954137
9.91139 0.095362
9.91454 0.0953167
9.91769 0.0952771
9.92084 0.0952425
9.924 0.0952122
9.92715 0.0953106
9.9303 0.0953968
9.93345 0.0953472
9.9366 0.0953038
9.93976 0.0952658
9.94291 0.0952326
9.94606 0.0953285
9.94921 0.0954125
9.95236 0.0953609
9.95552 0.0953158
9.95867 0.0952763
9.96182 0.0952418
9.96497 0.0950866
9.96812 0.0950757
9.97128 0.0950663
9.97443 0.095058
9.97758 0.0949257
9.98073 0.09481
9.98388 0.0947088
9.98704 0.0947452
9.99019 0.094777
9.99334 0.0948049
9.99649 0.0948293
9.99964 0.0947256
10.0028 0.0946349
10.0059 0.0945556
10.0091 0.0946111
10.0123 0.0946597
10.0154 0.0947023
10.0186 0.0947395
10.0217 0.094647
10.0249 0.0945662
10.028 0.0946204
10.0312 0.0946678
10.0343 0.0947094
10.0375 0.0947457
10.0406 0.0946525
10.0438 0.0945709
10.0469 0.0944996
10.0501 0.0945621
10.0532 0.0946168
10.0564 0.0946647
10.0595 0.0947066
10.0627 0.0946183
10.0658 0.094541
10.069 0.0944734
10.0721 0.0945392
10.0753 0.0945968
10.0784 0.0946472
10.0816 0.0945663
10.0847 0.0944955
10.0879 0.0944336
10.0911 0.0945044
10.0942 0.0945663
10.0974 0.0946205
10.1005 0.094668
10.1037 0.0945845
10.1068 0.0945114
10.11 0.0944475
10.1131 0.0945166
10.1163 0.094577
10.1194 0.0946299
10.1226 0.0945511
10.1257 0.0944822
10.1289 0.094422
10.132 0.0944942
10.1352 0.0945574
10.1383 0.0946128
10.1415 0.0946612
10.1446 0.0945785
10.1478 0.0945062
10.1509 0.0944429
10.1541 0.0945126
10.1572 0.0945735
10.1604 0.0946268
10.1635 0.0950485
10.1667 0.0954174
10.1699 0.0956152
10.173 0.0959133
10.1762 0.0961742
10.1793 0.0964024
10.1825 0.0966021
10.1856 0.0967768
10.1888 0.0968047
10.1919 0.0968291
10.1951 0.0969755
10.1982 0.0971036
10.2014 0.0972156
10.2045 0.0973137
10.2077 0.0973994
10.2108 0.0973495
10.214 0.0973058
10.2171 0.0973926
10.2203 0.0974685
10.2234 0.097535
10.2266 0.0975931
10.2297 0.097519
10.2329 0.0974541
10.236 0.0975223
10.2392 0.097582
10.2423 0.0976343
10.2455 0.09768
10.2487 0.09772
10.2518 0.09763
10.255 0.0975512
10.2581 0.0976073
10.2613 0.0976564
10.2644 0.0976994
10.2676 0.0977369
10.2707 0.0976448
10.2739 0.0975642
10.277 0.0976187
10.2802 0.0976664
10.2833 0.0977081
10.2865 0.0977446
10.2896 0.0977765
10.2928 0.0976794
10.2959 0.0975945
10.2991 0.0976452
10.3022 0.0976895
10.3054 0.0977283
10.3085 0.0977623
10.3117 0.097792
10.3148 0.097693
10.318 0.0976064
10.3211 0.0976556
10.3243 0.0976986
10.3275 0.0977363
10.3306 0.0977693
10.3338 0.0976731
10.3369 0.097589
10.3401 0.0976403
10.3432 0.0976853
10.3464 0.0977246
10.3495 0.0977591
10.3527 0.0977892
10.3558 0.0976905
10.359 0.0976042
10.3621 0.0976537
10.3653 0.097697
10.3684 0.0977349
10.3716 0.097768
10.3747 0.097672
10.3779 0.097588
10.381 0.0976395
10.3842 0.0976846
10.3873 0.097724
10.3905 0.0977585
10.3936 0.0977887
10.3968 0.0976901
10.3999 0.0976038
10.4031 0.0976534
10.4063 0.0976967
10.4094 0.0977346
10.4126 0.0977678
10.4157 0.0977968
10.4189 0.0976972
10.422 0.097735
10.4252 0.0977682
10.4283 0.0977971
10.4315 0.0978225
10.4346 0.0978447
10.4378 0.0977391
10.4409 0.0976467
10.4441 0.0976909
10.4472 0.0977295
10.4504 0.0977633
10.4535 0.0977929
10.4567 0.0978188
10.4598 0.0977164
10.463 0.0976269
10.4661 0.0976735
10.4693 0.0977143
10.4724 0.09775
10.4756 0.0977813
10.4787 0.0976836
10.4819 0.0975982
10.4851 0.0976484
10.4882 0.0976923
10.4914 0.0977308
10.4945 0.0977645
10.4977 0.0977939
10.5008 0.0976947
10.504 0.0976078
10.5071 0.0976568
10.5103 0.0976997
10.5134 0.0977373
10.5166 0.0977701
10.5197 0.0976738
10.5229 0.0975896
10.526 0.0976409
10.5292 0.0976858
10.5323 0.0977251
10.5355 0.0977594
10.5386 0.0977895
10.5418 0.0976908
10.5449 0.0976045
10.5481 0.0976539
10.5512 0.0976972
10.5544 0.097735
10.5575 0.0977681
10.5607 0.0977971
10.5639 0.0976975
10.567 0.0977353
10.5702 0.0977684
10.5733 0.0977973
10.5765 0.0978227
10.5796 0.0978448
10.5828 0.0977392
10.5859 0.0976468
10.5891 0.097691
10.5922 0.0977296
10.5954 0.0981384
10.5985 0.0984961
10.6017 0.0988091
10.6048 0.099083
10.608 0.0991976
10.6111 0.0994229
10.6143 0.09962
10.6174 0.0997925
10.6206 0.0999435
10.6237 0.100076
10.6269 0.100066
10.63 0.100183
10.6332 0.100285
10.6363 0.100374
10.6395 0.100453
10.6427 0.100521
10.6458 0.100581
10.649 0.100508
10.6521 0.10057
10.6553 0.100624
10.6584 0.100671
10.6616 0.100712
10.6647 0.100748
10.6679 0.100654
10.671 0.100698
10.6742 0.100735
10.6773 0.100768
10.6805 0.100797
10.6836 0.100823
10.6868 0.100845
10.6899 0.100739
10.6931 0.100772
10.6962 0.1008
10.6994 0.100825
10.7025 0.100847
10.7057 0.100866
10.7088 0.100883
10.712 0.100773
10.7151 0.100801
10.7183 0.100826
10.7215 0.100848
10.7246 0.100867
10.7278 0.100883
10.7309 0.100773
10.7341 0.100801
10.7372 0.100826
10.7404 0.100848
10.7435 0.100867
10.7467 0.100884
10.7498 0.100898
10.753 0.100786
10.7561 0.100813
10.7593 0.100836
10.7624 0.100857
10.7656 0.100874
10.7687 0.10089
10.7719 0.100779
10.775 0.100807
10.7782 0.100831
10.7813 0.100852
10.7845 0.10087
10.7876 0.100887
10.7908 0.100901
10.7939 0.100788
10.7971 0.100815
10.8003 0.100838
10.8034 0.100858
10.8066 0.100876
10.8097 0.100891
10.8129 0.100905
10.816 0.100917
10.8192 0.100927
10.8223 0.100936
10.8255 0.100944
10.8286 0.100951
10.8318 0.100957
10.8349 0.100838
10.8381 0.100858
10.8412 0.100876
10.8444 0.100891
10.8475 0.100905
10.8507 0.100917
10.8538 0.100927
10.857 0.100811
10.8601 0.100835
10.8633 0.100855
10.8664 0.100874
10.8696 0.100889
10.8727 0.100903
10.8759 0.10079
10.8791 0.100817
10.8822 0.100839
10.8854 0.10086
10.8885 0.100877
10.8917 0.100892
10.8948 0.100906
10.898 0.100793
10.9011 0.100819
10.9043 0.100841
10.9074 0.100861
10.9106 0.100878
10.9137 0.100894
10.9169 0.100782
10.92 0.100809
10.9232 0.100833
10.9263 0.100854
10.9295 0.100872
10.9326 0.100888
10.9358 0.100902
10.9389 0.100789
10.9421 0.100816
10.9452 0.100839
10.9484 0.100859
10.9515 0.100877
10.9547 0.100892
10.9579 0.100905
10.961 0.100917
10.9642 0.100928
10.9673 0.100937
10.9705 0.100945
10.9736 0.100952
10.9768 0.100958
10.9799 0.100838
10.9831 0.100858
10.9862 0.100876
10.9894 0.100891
10.9925 0.100905
10.9957 0.100917
10.9988 0.100927
11.002 0.100811
11.0051 0.100835
11.0083 0.100856
11.0114 0.100874
11.0146 0.100889
11.0177 0.100903
11.0209 0.10079
11.024 0.100817
11.0272 0.101214
11.0303 0.101563
11.0335 0.101867
11.0367 0.102134
11.0398 0.102367
11.043 0.102571
11.0461 0.10275
11.0493 0.102906
11.0524 0.103043
11.0556 0.103163
11.0587 0.103267
11.0619 0.103359
11.065 0.103439
11.0682 0.103509
11.0713 0.10357
11.0745 0.103624
11.0776 0.103671
11.0808 0.103712
11.0839 0.103748
11.0871 0.10378
11.0902 0.103807
11.0934 0.103831
11.0965 0.103852
11.0997 0.103871
11.1028 0.103887
11.106 0.103901
11.1091 0.103913
11.1123 0.103924
11.1155 0.103934
11.1186 0.103942
11.1218 0.103949
11.1249 0.103956
11.1281 0.103961
11.1312 0.103966
11.1344 0.10397
11.1375 0.103974
11.1407 0.103977
11.1438 0.10398
11.147 0.103983
11.1501 0.103985
11.1533 0.103987
11.1564 0.103988
11.1596 0.10399
11.1627 0.103991
11.1659 0.103992
11.169 0.103993
11.1722 0.103994
11.1753 0.103995
11.1785 0.103995
11.1816 0.103996
11.1848 0.103996
11.1879 0.103997
11.1911 0.103997
11.1943 0.103998
11.1974 0.103998
11.2006 0.103998
11.2037 0.103998
11.2069 0.103999
11.21 0.104124
11.2132 0.104108
11.2163 0.104095
11.2195 0.104083
11.2226 0.104073
11.2258 0.104063
11.2289 0.104056
11.2321 0.104049
11.2352 0.104043
11.2384 0.104037
11.2415 0.104033
11.2447 0.104028
11.2478 0.104025
11.251 0.104022
11.2541 0.104019
11.2573 0.104017
11.2604 0.104015
11.2636 0.104013
11.2667 0.104011
11.2699 0.10401
11.2731 0.104009
11.2762 0.104007
11.2794 0.104007
11.2825 0.104006
11.2857 0.104005
11.2888 0.104004
11.292 0.104004
11.2951 0.104003
11.2983 0.104003
11.3014 0.104003
11.3046 0.104002
11.3077 0.104002
11.3109 0.104002
11.314 0.104002
11.3172 0.104001
11.3203 0.104001
11.3235 0.104001
11.3266 0.104001
11.3298 0.104001
11.3329 0.104001
11.3361 0.104001
11.3392 0.104001
11.3424 0.104
11.3455 0.104
11.3487 0.104
11.3519 0.104
11.355 0.104125
11.3582 0.10411
11.3613 0.104096
11.3645 0.104084
11.3676 0.104073
11.3708 0.104064
11.3739 0.104056
11.3771 0.104049
11.3802 0.104043
11.3834 0.104038
11.3865 0.104033
11.3897 0.104029
11.3928 0.104025
11.396 0.104022
11.3991 0.104019
11.4023 0.104017
11.4054 0.104015
11.4086 0.104013
11.4117 0.104011
11.4149 0.10401
11.418 0.104009
11.4212 0.104008
11.4243 0.104007
11.4275 0.104006
11.4307 0.104005
11.4338 0.104004
11.437 0.104004
11.4401 0.104003
11.4433 0.104003
11.4464 0.104003
11.4496 0.104002
11.4527 0.104002
11.4559 0.104002
11.459 0.104502
11.4622 0.104814
11.4653 0.105087
11.4685 0.105326
11.4716 0.105535
11.4748 0.105719
11.4779 0.105879
11.4811 0.106144
11.4842 0.106251
11.4874 0.106345
11.4905 0.106426
11.4937 0.106498
11.4968 0.106561
11.5 0.106616
11.5031 0.106789
11.5063 0.106815
11.5095 0.106838
11.5126 0.106859
11.5158 0.106876
11.5189 0.106892
11.5221 0.10703
11.5252 0.107026
11.5284 0.107023
11.5315 0.10702
11.5347 0.107018
11.5378 0.107015
11.541 0.107014
11.5441 0.107137
11.5473 0.10712
11.5504 0.107105
11.5536 0.107092
11.5567 0.10708
11.5599 0.10707
11.563 0.107186
11.5662 0.107163
11.5693 0.107143
11.5725 0.107125
11.5756 0.107109
11.5788 0.107096
11.5819 0.107084
11.5851 0.107198
11.5883 0.107173
11.5914 0.107152
11.5946 0.107133
11.5977 0.107116
11.6009 0.107102
11.604 0.107214
11.6072 0.107312
11.6103 0.107273
11.6135 0.107239
11.6166 0.107209
11.6198 0.107183
11.6229 0.10716
11.6261 0.107265
11.6292 0.107232
11.6324 0.107203
11.6355 0.107178
11.6387 0.107155
11.6418 0.107136
11.645 0.107119
11.6481 0.107229
11.6513 0.1072
11.6544 0.107175
11.6576 0.107153
11.6607 0.107134
11.6639 0.107118
11.6671 0.107228
11.6702 0.107199
11.6734 0.107174
11.6765 0.107153
11.6797 0.107134
11.6828 0.107117
11.686 0.107102
11.6891 0.107214
11.6923 0.107188
11.6954 0.107164
11.6986 0.107144
11.7017 0.107126
11.7049 0.10711
11.708 0.107221
11.7112 0.107194
11.7143 0.107169
11.7175 0.107148
11.7206 0.10713
11.7238 0.107113
11.7269 0.107099
11.7301 0.107212
11.7332 0.107185
11.7364 0.107162
11.7395 0.107142
11.7427 0.107124
11.7459 0.107109
11.749 0.10722
11.7522 0.107318
11.7553 0.107278
11.7585 0.107243
11.7616 0.107213
11.7648 0.107186
11.7679 0.107163
11.7711 0.107268
11.7742 0.107234
11.7774 0.107205
11.7805 0.107179
11.7837 0.107157
11.7868 0.107137
11.79 0.10712
11.7931 0.10723
11.7963 0.107201
11.7994 0.107176
11.8026 0.107154
11.8057 0.107135
11.8089 0.107118
11.812 0.107228
11.8152 0.1072
11.8183 0.107175
11.8215 0.107153
11.8247 0.107134
11.8278 0.107117
11.831 0.107102
11.8341 0.107215
11.8373 0.107188
11.8404 0.107164
11.8436 0.107144
11.8467 0.107126
11.8499 0.10711
11.853 0.107221
11.8562 0.107194
11.8593 0.107169
11.8625 0.107148
11.8656 0.10713
11.8688 0.107114
11.8719 0.107099
11.8751 0.107212
11.8782 0.107185
11.8814 0.107162
11.8845 0.107142
11.8877 0.107124
11.8908 0.107109
11.894 0.107095
11.8971 0.107208
11.9003 0.107182
11.9035 0.107159
11.9066 0.107139
11.9098 0.107122
11.9129 0.107107
11.9161 0.107218
11.9192 0.107191
11.9224 0.107167
11.9255 0.107146
11.9287 0.107128
11.9318 0.107112
11.935 0.107098
11.9381 0.107211
11.9413 0.107184
11.9444 0.107536
11.9476 0.107844
11.9507 0.108114
11.9539 0.10835
11.957 0.108681
11.9602 0.108971
11.9633 0.109099
11.9665 0.109212
11.9696 0.10931
11.9728 0.109397
11.9759 0.109472
11.9791 0.109663
11.9823 0.10983
11.9854 0.109851
11.9886 0.10987
11.9917 0.109886
11.9949 0.1099
11.998 0.110038
12.0012 0.110158
12.0043 0.110263
12.0075 0.11023
12.0106 0.110202
12.0138 0.110176
12.0169 0.110154
12.0201 0.11026
12.0232 0.110353
12.0264 0.110309
12.0295 0.11027
12.0327 0.110236
12.0358 0.110207
12.039 0.110181
12.0421 0.110283
12.0453 0.110373
12.0484 0.110326
12.0516 0.110285
12.0547 0.11025
12.0579 0.110219
12.0611 0.110316
12.0642 0.110402
12.0674 0.110351
12.0705 0.110308
12.0737 0.110269
12.0768 0.110235
12.08 0.110206
12.0831 0.110305
12.0863 0.110392
12.0894 0.110343
12.0926 0.1103
12.0957 0.110263
12.0989 0.11023
12.102 0.110326
12.1052 0.11041
12.1083 0.110359
12.1115 0.110314
12.1146 0.110275
12.1178 0.110241
12.1209 0.11021
12.1241 0.110309
12.1272 0.110396
12.1304 0.110346
12.1335 0.110303
12.1367 0.110265
12.1399 0.110232
12.143 0.110328
12.1462 0.110412
12.1493 0.110485
12.1525 0.110425
12.1556 0.110372
12.1588 0.110325
12.1619 0.110285
12.1651 0.110374
12.1682 0.110452
12.1714 0.110396
12.1745 0.110346
12.1777 0.110303
12.1808 0.110265
12.184 0.110232
12.1871 0.110328
12.1903 0.110412
12.1934 0.11036
12.1966 0.110315
12.1997 0.110276
12.2029 0.110241
12.206 0.110336
12.2092 0.110419
12.2123 0.110367
12.2155 0.110321
12.2187 0.110281
12.2218 0.110246
12.225 0.110215
12.2281 0.110313
12.2313 0.110399
12.2344 0.110349
12.2376 0.110305
12.2407 0.110267
12.2439 0.110234
12.247 0.11033
12.2502 0.110413
12.2533 0.110362
12.2565 0.110317
12.2596 0.110277
12.2628 0.110242
12.2659 0.110212
12.2691 0.110311
12.2722 0.110397
12.2754 0.110347
12.2785 0.110304
12.2817 0.110266
12.2848 0.110233
12.288 0.110203
12.2911 0.110303
12.2943 0.11039
12.2975 0.110341
12.3006 0.110299
12.3038 0.110261
12.3069 0.110229
12.3101 0.110325
12.3132 0.110409
12.3164 0.110358
12.3195 0.110314
12.3227 0.110274
12.3258 0.11024
12.329 0.11021
12.3321 0.110309
12.3353 0.110395
12.3384 0.110346
12.3416 0.110303
12.3447 0.110265
12.3479 0.110232
12.351 0.110328
12.3542 0.110412
12.3573 0.11036
12.3605 0.110315
12.3636 0.110276
12.3668 0.110241
12.3699 0.110211
12.3731 0.11031
12.3763 0.110396
12.3794 0.110347
12.3826 0.110303
12.3857 0.110265
12.3889 0.110232
12.392 0.110328
12.3952 0.110412
12.3983 0.110486
12.4015 0.110425
12.4046 0.110372
12.4078 0.110325
12.4109 0.110285
12.4141 0.110374
12.4172 0.110452
12.4204 0.110396
12.4235 0.110346
12.4267 0.110303
12.4298 0.110265
12.433 0.110232
12.4361 0.110328
12.4393 0.110412
12.4424 0.11036
12.4456 0.110315
12.4487 0.110276
12.4519 0.110242
12.4551 0.110336
12.4582 0.110419
12.4614 0.110367
12.4645 0.110321
12.4677 0.110281
12.4708 0.110246
12.474 0.110215
12.4771 0.110313
12.4803 0.110399
12.4834 0.110849
12.4866 0.111118
12.4897 0.111353
12.4929 0.111559
12.496 0.111864
12.4992 0.112131
12.5023 0.112365
12.5055 0.112444
12.5086 0.112514
12.5118 0.112574
12.5149 0.112628
12.5181 0.112799
12.5212 0.112949
12.5244 0.113081
12.5275 0.113071
12.5307 0.113062
12.5339 0.113054
12.537 0.113172
12.5402 0.113276
12.5433 0.113366
12.5465 0.113445
12.5496 0.11339
12.5528 0.113341
12.5559 0.113298
12.5591 0.113386
12.5622 0.113463
12.5654 0.11353
12.5685 0.113464
12.5717 0.113406
12.5748 0.113355
12.578 0.113311
12.5811 0.113397
12.5843 0.113472
12.5874 0.113538
12.5906 0.113471
12.5937 0.113412
12.5969 0.113361
12.6 0.11344
12.6032 0.11351
12.6063 0.113572
12.6095 0.1135
12.6127 0.113438
12.6158 0.113383
12.619 0.113335
12.6221 0.113418
12.6253 0.113491
12.6284 0.113555
12.6316 0.113485
12.6347 0.113425
12.6379 0.113372
12.641 0.11345
12.6442 0.113519
12.6473 0.113579
12.6505 0.113507
12.6536 0.113443
12.6568 0.113388
12.6599 0.113339
12.6631 0.113422
12.6662 0.113494
12.6694 0.113557
12.6725 0.113488
12.6757 0.113427
12.6788 0.113373
12.682 0.113327
12.6851 0.113411
12.6883 0.113485
12.6915 0.113549
12.6946 0.11348
12.6978 0.11342
12.7009 0.113368
12.7041 0.113447
12.7072 0.113516
12.7104 0.113576
12.7135 0.113504
12.7167 0.113441
12.7198 0.113386
12.723 0.113338
12.7261 0.113421
12.7293 0.113493
12.7324 0.113556
12.7356 0.113487
12.7387 0.113426
12.7419 0.113373
12.745 0.113451
12.7482 0.11352
12.7513 0.11358
12.7545 0.113507
12.7576 0.113444
12.7608 0.113388
12.7639 0.11334
12.7671 0.113422
12.7703 0.113495
12.7734 0.113558
12.7766 0.113488
12.7797 0.113427
12.7829 0.113374
12.786 0.113452
12.7892 0.11352
12.7923 0.11358
12.7955 0.113633
12.7986 0.113554
12.8018 0.113485
12.8049 0.113424
12.8081 0.113496
12.8112 0.113559
12.8144 0.113614
12.8175 0.113537
12.8207 0.11347
12.8238 0.113411
12.827 0.11336
12.8301 0.11344
12.8333 0.11351
12.8364 0.113571
12.8396 0.1135
12.8427 0.113437
12.8459 0.113383
12.849 0.11346
12.8522 0.113527
12.8554 0.113586
12.8585 0.113513
12.8617 0.113449
12.8648 0.113393
12.868 0.113344
12.8711 0.113426
12.8743 0.113498
12.8774 0.11356
12.8806 0.11349
12.8837 0.113429
12.8869 0.113375
12.89 0.113453
12.8932 0.113522
12.8963 0.113582
12.8995 0.113509
12.9026 0.113445
12.9058 0.11339
12.9089 0.113341
12.9121 0.113423
12.9152 0.113495
12.9184 0.113558
12.9215 0.113489
12.9247 0.113428
12.9278 0.113374
12.931 0.113452
12.9342 0.113521
12.9373 0.113581
12.9405 0.113633
12.9436 0.113554
12.9468 0.113485
12.9499 0.113424
12.9531 0.113496
12.9562 0.113559
12.9594 0.113614
12.9625 0.113537
12.9657 0.11347
12.9688 0.113411
12.972 0.11336
12.9751 0.11344
12.9783 0.11351
12.9814 0.113571
12.9846 0.1135
12.9877 0.113437
12.9909 0.113383
12.994 0.11346
12.9972 0.113527
13.0003 0.113586
13.0035 0.113513
13.0066 0.113449
13.0098 0.113393
13.013 0.113344
13.0161 0.113426
13.0193 0.113498
13.0224 0.113935
13.0256 0.114318
13.0287 0.114529
13.0319 0.114713
13.035 0.114998
13.0382 0.115249
13.0413 0.115468
13.0445 0.115659
13.0476 0.115702
13.0508 0.115739
13.0539 0.115772
13.0571 0.115925
13.0602 0.11606
13.0634 0.116177
13.0665 0.11628
13.0697 0.116245
13.0728 0.116214
13.076 0.116188
13.0791 0.116289
13.0823 0.116378
13.0854 0.116456
13.0886 0.116524
13.0918 0.116458
13.0949 0.116401
13.0981 0.116476
13.1012 0.116541
13.1044 0.116599
13.1075 0.116649
13.1107 0.116568
13.1138 0.116497
13.117 0.116435
13.1201 0.116505
13.1233 0.116567
13.1264 0.116621
13.1296 0.116669
13.1327 0.116585
13.1359 0.116512
13.139 0.116573
13.1422 0.116626
13.1453 0.116673
13.1485 0.116714
13.1516 0.116625
13.1548 0.116547
13.1579 0.116478
13.1611 0.116543
13.1642 0.116601
13.1674 0.11665
13.1706 0.116694
13.1737 0.116607
13.1769 0.116531
13.18 0.11659
13.1832 0.116641
13.1863 0.116686
13.1895 0.116725
13.1926 0.11676
13.1958 0.116665
13.1989 0.116582
13.2021 0.116634
13.2052 0.11668
13.2084 0.11672
13.2115 0.116755
13.2147 0.11666
13.2178 0.116578
13.221 0.116506
13.2241 0.116567
13.2273 0.116621
13.2304 0.116669
13.2336 0.11671
13.2367 0.116621
13.2399 0.116544
13.243 0.116601
13.2462 0.116651
13.2494 0.116694
13.2525 0.116733
13.2557 0.116641
13.2588 0.116561
13.262 0.116491
13.2651 0.116554
13.2683 0.11661
13.2714 0.116659
13.2746 0.116701
13.2777 0.116614
13.2809 0.116537
13.284 0.116595
13.2872 0.116646
13.2903 0.11669
13.2935 0.116729
13.2966 0.116638
13.2998 0.116558
13.3029 0.116488
13.3061 0.116552
13.3092 0.116608
13.3124 0.116657
13.3155 0.1167
13.3187 0.116612
13.3218 0.116536
13.325 0.116594
13.3282 0.116645
13.3313 0.116689
13.3345 0.116728
13.3376 0.116762
13.3408 0.116667
13.3439 0.116583
13.3471 0.116635
13.3502 0.116681
13.3534 0.116721
13.3565 0.116756
13.3597 0.116661
13.3628 0.116579
13.366 0.116506
13.3691 0.116568
13.3723 0.116622
13.3754 0.116669
13.3786 0.116711
13.3817 0.116622
13.3849 0.116544
13.388 0.116601
13.3912 0.116651
13.3943 0.116695
13.3975 0.116733
13.4006 0.116641
13.4038 0.116561
13.407 0.116491
13.4101 0.116555
13.4133 0.11661
13.4164 0.116659
13.4196 0.116702
13.4227 0.116614
13.4259 0.116537
13.429 0.116595
13.4322 0.116646
13.4353 0.11669
13.4385 0.116729
13.4416 0.116638
13.4448 0.116558
13.4479 0.116488
13.4511 0.116552
13.4542 0.116608
13.4574 0.116657
13.4605 0.1167
13.4637 0.116612
13.4668 0.116536
13.47 0.116469
13.4731 0.116535
13.4763 0.116593
13.4794 0.116644
13.4826 0.116689
13.4858 0.116603
13.4889 0.116527
13.4921 0.116586
13.4952 0.116638
13.4984 0.116683
13.5015 0.116723
13.5047 0.116633
13.5078 0.116553
13.511 0.116484
13.5141 0.116549
13.5173 0.116605
13.5204 0.116655
13.5236 0.116698
13.5267 0.11661
13.5299 0.116534
13.533 0.116592
13.5362 0.116643
13.5393 0.116688
13.5425 0.116727
13.5456 0.116636
13.5488 0.116557
13.5519 0.116487
13.5551 0.116551
13.5582 0.116607
13.5614 0.117031
13.5646 0.117402
13.5677 0.117727
13.5709 0.117886
13.574 0.11815
13.5772 0.118382
13.5803 0.118584
13.5835 0.118761
13.5866 0.118916
13.5898 0.119051
13.5929 0.119045
13.5961 0.119164
13.5992 0.119269
13.6024 0.11936
13.6055 0.11944
13.6087 0.11951
13.6118 0.119446
13.615 0.119391
13.6181 0.119467
13.6213 0.119533
13.6244 0.119592
13.6276 0.119643
13.6307 0.119687
13.6339 0.119601
13.637 0.119651
13.6402 0.119695
13.6434 0.119733
13.6465 0.119766
13.6497 0.119796
13.6528 0.119696
13.656 0.119609
13.6591 0.119658
13.6623 0.119701
13.6654 0.119738
13.6686 0.119771
13.6717 0.1198
13.6749 0.1197
13.678 0.119737
13.6812 0.11977
13.6843 0.119799
13.6875 0.119824
13.6906 0.119846
13.6938 0.11974
13.6969 0.119648
13.7001 0.119692
13.7032 0.11973
13.7064 0.119764
13.7095 0.119793
13.7127 0.119819
13.7158 0.119717
13.719 0.119752
13.7222 0.119783
13.7253 0.11981
13.7285 0.119834
13.7316 0.119855
13.7348 0.119873
13.7379 0.119764
13.7411 0.119793
13.7442 0.119819
13.7474 0.119842
13.7505 0.119862
13.7537 0.119879
13.7568 0.119769
13.76 0.119673
13.7631 0.119714
13.7663 0.11975
13.7694 0.119781
13.7726 0.119808
13.7757 0.119832
13.7789 0.119728
13.782 0.119762
13.7852 0.119792
13.7883 0.119818
13.7915 0.119841
13.7946 0.119861
13.7978 0.119753
13.801 0.119659
13.8041 0.119702
13.8073 0.119739
13.8104 0.119771
13.8136 0.1198
13.8167 0.119825
13.8199 0.119722
13.823 0.119757
13.8262 0.119787
13.8293 0.119814
13.8325 0.119837
13.8356 0.119857
13.8388 0.11975
13.8419 0.119656
13.8451 0.119699
13.8482 0.119737
13.8514 0.11977
13.8545 0.119799
13.8577 0.119824
13.8608 0.119721
13.864 0.119631
13.8671 0.119677
13.8703 0.119717
13.8734 0.119753
13.8766 0.119784
13.8798 0.119811
13.8829 0.119709
13.8861 0.119746
13.8892 0.119777
13.8924 0.119805
13.8955 0.11983
13.8987 0.119851
13.9018 0.119745
13.905 0.119651
13.9081 0.119695
13.9113 0.119733
13.9144 0.119766
13.9176 0.119796
13.9207 0.119821
13.9239 0.119719
13.927 0.119754
13.9302 0.119785
13.9333 0.119811
13.9365 0.119835
13.9396 0.119856
13.9428 0.119749
13.9459 0.119655
13.9491 0.119698
13.9522 0.119736
13.9554 0.119769
13.9586 0.119798
13.9617 0.119823
13.9649 0.11972
13.968 0.119755
13.9712 0.119786
13.9743 0.119813
13.9775 0.119836
13.9806 0.119856
13.9838 0.119874
13.9869 0.119765
13.9901 0.119794
13.9932 0.11982
13.9964 0.119843
13.9995 0.119862
14.0027 0.11988
14.0058 0.11977
14.009 0.119673
14.0121 0.119714
14.0153 0.11975
14.0184 0.119781
14.0216 0.119809
14.0247 0.119832
14.0279 0.119728
14.031 0.119762
14.0342 0.119792
14.0374 0.119818
14.0405 0.119841
14.0437 0.119861
14.0468 0.119753
14.05 0.119659
14.0531 0.119702
14.0563 0.119739
14.0594 0.119772
14.0626 0.1198
14.0657 0.119825
14.0689 0.119722
14.072 0.119757
14.0752 0.119787
14.0783 0.119814
14.0815 0.119837
14.0846 0.119857
14.0878 0.11975
14.0909 0.119656
14.0941 0.119699
14.0972 0.119737
14.1004 0.120145
14.1035 0.120502
14.1067 0.120814
14.1098 0.121087
14.113 0.121326
14.1162 0.121536
14.1193 0.121719
14.1225 0.121879
14.1256 0.122019
14.1288 0.122142
14.1319 0.122249
14.1351 0.122343
14.1382 0.122425
14.1414 0.122497
14.1445 0.12256
14.1477 0.122615
14.1508 0.122663
14.154 0.12258
14.1571 0.122633
14.1603 0.122678
14.1634 0.122719
14.1666 0.122754
14.1697 0.122785
14.1729 0.122812
14.176 0.122835
14.1792 0.122856
14.1823 0.122874
14.1855 0.12289
14.1886 0.122903
14.1918 0.122915
14.195 0.122801
14.1981 0.122826
14.2013 0.122848
14.2044 0.122867
14.2076 0.122883
14.2107 0.122898
14.2139 0.122911
14.217 0.122922
14.2202 0.122932
14.2233 0.12294
14.2265 0.122948
14.2296 0.122954
14.2328 0.12296
14.2359 0.12284
14.2391 0.12286
14.2422 0.122877
14.2454 0.122893
14.2485 0.122906
14.2517 0.122918
14.2548 0.122928
14.258 0.122812
14.2611 0.122836
14.2643 0.122856
14.2674 0.122874
14.2706 0.12289
14.2738 0.122904
14.2769 0.122916
14.2801 0.122926
14.2832 0.122935
14.2864 0.122944
14.2895 0.122951
14.2927 0.122957
14.2958 0.122962
14.299 0.122842
14.3021 0.122862
14.3053 0.122879
14.3084 0.122894
14.3116 0.122907
14.3147 0.122919
14.3179 0.122929
14.321 0.122938
14.3242 0.122946
14.3273 0.122952
14.3305 0.122958
14.3336 0.122964
14.3368 0.122968
14.3399 0.122847
14.3431 0.122866
14.3462 0.122883
14.3494 0.122898
14.3526 0.12291
14.3557 0.122922
14.3589 0.122931
14.362 0.12294
14.3652 0.122947
14.3683 0.122954
14.3715 0.12296
14.3746 0.122965
14.3778 0.122969
14.3809 0.122973
14.3841 0.122976
14.3872 0.122979
14.3904 0.122982
14.3935 0.122984
14.3967 0.122986
14.3998 0.122988
14.403 0.122864
14.4061 0.122881
14.4093 0.122896
14.4124 0.122909
14.4156 0.122921
14.4187 0.12293
14.4219 0.122939
14.425 0.122947
14.4282 0.122953
14.4314 0.122959
14.4345 0.122964
14.4377 0.122969
14.4408 0.122973
14.444 0.122851
14.4471 0.12287
14.4503 0.122886
14.4534 0.1229
14.4566 0.122913
14.4597 0.122924
14.4629 0.122933
14.466 0.122942
14.4692 0.122949
14.4723 0.122955
14.4755 0.122961
14.4786 0.122966
14.4818 0.12297
14.4849 0.122849
14.4881 0.122868
14.4912 0.122884
14.4944 0.122899
14.4975 0.122911
14.5007 0.122922
14.5038 0.122932
14.507 0.122941
14.5102 0.122948
14.5133 0.122955
14.5165 0.12296
14.5196 0.122965
14.5228 0.12297
14.5259 0.122973
14.5291 0.122977
14.5322 0.12298
14.5354 0.122982
14.5385 0.122984
14.5417 0.122986
14.5448 0.122988
14.548 0.122865
14.5511 0.122881
14.5543 0.122896
14.5574 0.122909
14.5606 0.122921
14.5637 0.122931
14.5669 0.122939
14.57 0.122947
14.5732 0.122953
14.5763 0.122959
14.5795 0.122964
14.5826 0.122969
14.5858 0.122973
14.589 0.122851
14.5921 0.12287
14.5953 0.122886
14.5984 0.1229
14.6016 0.122913
14.6047 0.122924
14.6079 0.122933
14.611 0.122942
14.6142 0.122949
14.6173 0.122955
14.6205 0.122961
14.6236 0.122966
14.6268 0.12297
14.6299 0.122849
14.6331 0.122868
14.6362 0.122884
14.6394 0.123274
14.6425 0.123614
14.6457 0.123913
14.6488 0.124174
14.652 0.124402
14.6551 0.124602
14.6583 0.124776
14.6614 0.124929
14.6646 0.125063
14.6678 0.12518
14.6709 0.125283
14.6741 0.125497
14.6772 0.12556
14.6804 0.125615
14.6835 0.125663
14.6867 0.125705
14.6898 0.125742
14.693 0.125774
14.6961 0.125803
14.6993 0.125827
14.7024 0.125849
14.7056 0.125868
14.7087 0.125884
14.7119 0.125899
14.715 0.126036
14.7182 0.126032
14.7213 0.126028
14.7245 0.126024
14.7276 0.126021
14.7308 0.126019
14.7339 0.126016
14.7371 0.126014
14.7402 0.126013
14.7434 0.126011
14.7466 0.12601
14.7497 0.126008
14.7529 0.126007
14.756 0.126131
14.7592 0.126115
14.7623 0.126101
14.7655 0.126088
14.7686 0.126077
14.7718 0.126067
14.7749 0.126059
14.7781 0.126177
14.7812 0.126155
14.7844 0.126135
14.7875 0.126118
14.7907 0.126104
14.7938 0.126091
14.797 0.126079
14.8001 0.126069
14.8033 0.126061
14.8064 0.126053
14.8096 0.126046
14.8127 0.126041
14.8159 0.126036
14.819 0.126156
14.8222 0.126137
14.8254 0.12612
14.8285 0.126105
14.8317 0.126092
14.8348 0.12608
14.838 0.12607
14.8411 0.126061
14.8443 0.126054
14.8474 0.126047
14.8506 0.126041
14.8537 0.126036
14.8569 0.126031
14.86 0.126153
14.8632 0.126133
14.8663 0.126117
14.8695 0.126102
14.8726 0.126089
14.8758 0.126078
14.8789 0.126068
14.8821 0.12606
14.8852 0.126052
14.8884 0.126046
14.8915 0.12604
14.8947 0.126035
14.8978 0.126031
14.901 0.126152
14.9042 0.126133
14.9073 0.126116
14.9105 0.126102
14.9136 0.126089
14.9168 0.126078
14.9199 0.126068
14.9231 0.126185
14.9262 0.126162
14.9294 0.126141
14.9325 0.126124
14.9357 0.126108
14.9388 0.126095
14.942 0.126083
14.9451 0.126073
14.9483 0.126063
14.9514 0.126056
14.9546 0.126049
14.9577 0.126043
14.9609 0.126037
14.964 0.126158
14.9672 0.126138
14.9703 0.126121
14.9735 0.126106
14.9766 0.126092
14.9798 0.126081
14.983 0.126071
14.9861 0.126062
14.9893 0.126054
14.9924 0.126047
14.9956 0.126041
14.9987 0.126036
15.0019 0.126032
15.005 0.126153
15.0082 0.126134
15.0113 0.126117
15.0145 0.126102
15.0176 0.12609
15.0208 0.126078
15.0239 0.126069
15.0271 0.12606
15.0302 0.126052
15.0334 0.126046
15.0365 0.12604
15.0397 0.126035
15.0428 0.126031
15.046 0.126027
15.0491 0.126024
15.0523 0.126021
15.0554 0.126018
15.0586 0.126016
15.0618 0.126014
15.0649 0.126012
15.0681 0.126136
15.0712 0.126119
15.0744 0.126104
15.0775 0.126091
15.0807 0.126079
15.0838 0.12607
15.087 0.126061
15.0901 0.126053
15.0933 0.126047
15.0964 0.126041
15.0996 0.126036
15.1027 0.126031
15.1059 0.126027
15.109 0.126149
15.1122 0.12613
15.1153 0.126114
15.1185 0.1261
15.1216 0.126087
15.1248 0.126076
15.1279 0.126067
15.1311 0.126058
15.1342 0.126051
15.1374 0.126045
15.1406 0.126039
15.1437 0.126034
15.1469 0.12603
15.15 0.126151
15.1532 0.126132
15.1563 0.126116
15.1595 0.126101
15.1626 0.126089
15.1658 0.126078
15.1689 0.126068
15.1721 0.126184
15.1752 0.126161
15.1784 0.126516
15.1815 0.126827
15.1847 0.127098
15.1878 0.127336
15.191 0.127544
15.1941 0.127851
15.1973 0.127995
15.2004 0.12812
15.2036 0.12823
15.2067 0.128326
15.2099 0.128411
15.213 0.128609
15.2162 0.128783
15.2194 0.12881
15.2225 0.128834
15.2257 0.128855
15.2288 0.128873
15.232 0.128889
15.2351 0.129028
15.2383 0.129024
15.2414 0.129021
15.2446 0.129019
15.2477 0.129016
15.2509 0.129014
15.254 0.129137
15.2572 0.129245
15.2603 0.129215
15.2635 0.129188
15.2666 0.129164
15.2698 0.129144
15.2729 0.129126
15.2761 0.129235
15.2792 0.129206
15.2824 0.12918
15.2855 0.129157
15.2887 0.129138
15.2918 0.129121
15.295 0.12923
15.2982 0.129327
15.3013 0.129286
15.3045 0.12925
15.3076 0.129219
15.3108 0.129191
15.3139 0.129168
15.3171 0.129272
15.3202 0.129363
15.3234 0.129317
15.3265 0.129278
15.3297 0.129243
15.3328 0.129213
15.336 0.129186
15.3391 0.129288
15.3423 0.129252
15.3454 0.12922
15.3486 0.129193
15.3517 0.129169
15.3549 0.129148
15.358 0.129254
15.3612 0.129347
15.3643 0.129304
15.3675 0.129266
15.3706 0.129233
15.3738 0.129204
15.377 0.129178
15.3801 0.129281
15.3833 0.129246
15.3864 0.129215
15.3896 0.129188
15.3927 0.129165
15.3959 0.129144
15.399 0.129251
15.4022 0.129345
15.4053 0.129302
15.4085 0.129264
15.4116 0.129231
15.4148 0.129202
15.4179 0.129177
15.4211 0.12928
15.4242 0.129245
15.4274 0.129214
15.4305 0.129187
15.4337 0.129164
15.4368 0.129143
15.44 0.129126
15.4431 0.129235
15.4463 0.129205
15.4494 0.12918
15.4526 0.129157
15.4558 0.129138
15.4589 0.12912
15.4621 0.12923
15.4652 0.129327
15.4684 0.129286
15.4715 0.12925
15.4747 0.129219
15.4778 0.129191
15.481 0.129168
15.4841 0.129272
15.4873 0.129238
15.4904 0.129208
15.4936 0.129182
15.4967 0.129159
15.4999 0.129139
15.503 0.129247
15.5062 0.129341
15.5093 0.129298
15.5125 0.129261
15.5156 0.129228
15.5188 0.1292
15.5219 0.129175
15.5251 0.129278
15.5282 0.129243
15.5314 0.129213
15.5346 0.129186
15.5377 0.129163
15.5409 0.129143
15.544 0.12925
15.5472 0.129344
15.5503 0.129301
15.5535 0.129263
15.5566 0.12923
15.5598 0.129201
15.5629 0.129176
15.5661 0.129279
15.5692 0.129369
15.5724 0.129323
15.5755 0.129283
15.5787 0.129247
15.5818 0.129216
15.585 0.129189
15.5881 0.129291
15.5913 0.129254
15.5944 0.129223
15.5976 0.129195
15.6007 0.12917
15.6039 0.129149
15.607 0.129255
15.6102 0.129349
15.6134 0.129305
15.6165 0.129267
15.6197 0.129233
15.6228 0.129204
15.626 0.129179
15.6291 0.129281
15.6323 0.129246
15.6354 0.129215
15.6386 0.129189
15.6417 0.129165
15.6449 0.129144
15.648 0.129251
15.6512 0.129345
15.6543 0.129302
15.6575 0.129264
15.6606 0.129231
15.6638 0.129202
15.6669 0.129177
15.6701 0.12928
15.6732 0.129245
15.6764 0.129214
15.6795 0.129187
15.6827 0.129164
15.6858 0.129144
15.689 0.129251
15.6922 0.129344
15.6953 0.129301
15.6985 0.129264
15.7016 0.129231
15.7048 0.129202
15.7079 0.129177
15.7111 0.129279
15.7142 0.12937
15.7174 0.129823
15.7205 0.130095
15.7237 0.130334
15.7268 0.130542
15.73 0.130724
15.7331 0.131009
15.7363 0.131258
15.7394 0.13135
15.7426 0.131432
15.7457 0.131503
15.7489 0.131565
15.752 0.131744
15.7552 0.131901
15.7583 0.132039
15.7615 0.132034
15.7646 0.132029
15.7678 0.132026
15.771 0.132023
15.7741 0.132145
15.7773 0.132252
15.7804 0.13222
15.7836 0.132193
15.7867 0.132169
15.7899 0.132148
15.793 0.132254
15.7962 0.132347
15.7993 0.132429
15.8025 0.132375
15.8056 0.132328
15.8088 0.132287
15.8119 0.132251
15.8151 0.132345
15.8182 0.132427
15.8214 0.132374
15.8245 0.132327
15.8277 0.132286
15.8308 0.13225
15.834 0.132219
15.8371 0.132317
15.8403 0.132402
15.8434 0.132352
15.8466 0.132308
15.8498 0.132269
15.8529 0.132236
15.8561 0.132331
15.8592 0.132415
15.8624 0.132488
15.8655 0.132427
15.8687 0.132374
15.8718 0.132327
15.875 0.132286
15.8781 0.132375
15.8813 0.132453
15.8844 0.132397
15.8876 0.132347
15.8907 0.132304
15.8939 0.132266
15.897 0.132358
15.9002 0.132438
15.9033 0.132508
15.9065 0.132445
15.9096 0.132389
15.9128 0.13234
15.9159 0.132298
15.9191 0.132386
15.9222 0.132462
15.9254 0.132405
15.9286 0.132354
15.9317 0.13231
15.9349 0.132271
15.938 0.132362
15.9412 0.132442
15.9443 0.132512
15.9475 0.132448
15.9506 0.132392
15.9538 0.132343
15.9569 0.1323
15.9601 0.132387
15.9632 0.132464
15.9664 0.132531
15.9695 0.132465
15.9727 0.132407
15.9758 0.132356
15.979 0.132311
15.9821 0.132397
15.9853 0.132473
15.9884 0.132414
15.9916 0.132362
15.9947 0.132317
15.9979 0.132277
16.001 0.132367
16.0042 0.132447
16.0074 0.132516
16.0105 0.132451
16.0137 0.132395
16.0168 0.132345
16.02 0.132302
16.0231 0.13239
16.0263 0.132466
16.0294 0.132408
16.0326 0.132357
16.0357 0.132312
16.0389 0.132273
16.042 0.132364
16.0452 0.132443
16.0483 0.132513
16.0515 0.132449
16.0546 0.132393
16.0578 0.132344
16.0609 0.132301
16.0641 0.132388
16.0672 0.132465
16.0704 0.132407
16.0735 0.132356
16.0767 0.132311
16.0798 0.132272
16.083 0.132238
16.0862 0.132334
16.0893 0.132417
16.0925 0.132365
16.0956 0.132319
16.0988 0.132279
16.1019 0.132244
16.1051 0.132339
16.1082 0.132421
16.1114 0.132494
16.1145 0.132432
16.1177 0.132378
16.1208 0.132331
16.124 0.132289
16.1271 0.132378
16.1303 0.132456
16.1334 0.132399
16.1366 0.132349
16.1397 0.132305
16.1429 0.132267
16.146 0.132359
16.1492 0.132439
16.1523 0.132509
16.1555 0.132445
16.1586 0.13239
16.1618 0.132341
16.165 0.132298
16.1681 0.132386
16.1713 0.132463
16.1744 0.132405
16.1776 0.132354
16.1807 0.13231
16.1839 0.132271
16.187 0.132362
16.1902 0.132442
16.1933 0.132512
16.1965 0.132448
16.1996 0.132392
16.2028 0.132343
16.2059 0.1323
16.2091 0.132388
16.2122 0.132464
16.2154 0.132531
16.2185 0.132465
16.2217 0.132407
16.2248 0.132356
16.228 0.132311
16.2311 0.132397
16.2343 0.132473
16.2374 0.132414
16.2406 0.132362
16.2438 0.132317
16.2469 0.132277
16.2501 0.132367
16.2532 0.132447
16.2564 0.132891
16.2595 0.133279
16.2627 0.133494
16.2658 0.133683
16.269 0.133847
16.2721 0.134116
16.2753 0.134352
16.2784 0.134558
16.2816 0.134613
16.2847 0.134661
16.2879 0.134704
16.291 0.134866
16.2942 0.135008
16.2973 0.135132
16.3005 0.13524
16.3036 0.13521
16.3068 0.135184
16.3099 0.135161
16.3131 0.135266
16.3162 0.135358
16.3194 0.135438
16.3226 0.135383
16.3257 0.135335
16.3289 0.135293
16.332 0.135382
16.3352 0.135459
16.3383 0.135527
16.3415 0.135586
16.3446 0.135513
16.3478 0.135448
16.3509 0.135392
16.3541 0.135468
16.3572 0.135535
16.3604 0.135593
16.3635 0.135644
16.3667 0.135563
16.3698 0.135493
16.373 0.135431
16.3761 0.135502
16.3793 0.135565
16.3824 0.135619
16.3856 0.135542
16.3887 0.135474
16.3919 0.135415
16.395 0.135488
16.3982 0.135552
16.4014 0.135608
16.4045 0.135657
16.4077 0.135575
16.4108 0.135503
16.414 0.13544
16.4171 0.13551
16.4203 0.135571
16.4234 0.135625
16.4266 0.135547
16.4297 0.135478
16.4329 0.135419
16.436 0.135491
16.4392 0.135555
16.4423 0.135611
16.4455 0.135659
16.4486 0.135577
16.4518 0.135505
16.4549 0.135442
16.4581 0.135511
16.4612 0.135572
16.4644 0.135626
16.4675 0.135548
16.4707 0.135479
16.4738 0.135419
16.477 0.135367
16.4802 0.135446
16.4833 0.135515
16.4865 0.135576
16.4896 0.135504
16.4928 0.135441
16.4959 0.135386
16.4991 0.135463
16.5022 0.13553
16.5054 0.135589
16.5085 0.13564
16.5117 0.13556
16.5148 0.13549
16.518 0.135429
16.5211 0.1355
16.5243 0.135563
16.5274 0.135617
16.5306 0.13554
16.5337 0.135473
16.5369 0.135414
16.54 0.135487
16.5432 0.135551
16.5463 0.135607
16.5495 0.135656
16.5526 0.135574
16.5558 0.135502
16.559 0.13544
16.5621 0.13551
16.5653 0.135571
16.5684 0.135625
16.5716 0.135547
16.5747 0.135478
16.5779 0.135418
16.581 0.135491
16.5842 0.135555
16.5873 0.13561
16.5905 0.135659
16.5936 0.135577
16.5968 0.135505
16.5999 0.135442
16.6031 0.135511
16.6062 0.135572
16.6094 0.135626
16.6125 0.135673
16.6157 0.135589
16.6188 0.135515
16.622 0.135451
16.6251 0.135519
16.6283 0.135579
16.6314 0.135632
16.6346 0.135553
16.6378 0.135484
16.6409 0.135423
16.6441 0.135495
16.6472 0.135559
16.6504 0.135614
16.6535 0.135662
16.6567 0.135579
16.6598 0.135507
16.663 0.135443
16.6661 0.135513
16.6693 0.135574
16.6724 0.135627
16.6756 0.135549
16.6787 0.13548
16.6819 0.13542
16.685 0.135493
16.6882 0.135556
16.6913 0.135612
16.6945 0.13566
16.6976 0.135578
16.7008 0.135505
16.7039 0.135442
16.7071 0.135512
16.7102 0.135573
16.7134 0.135626
16.7166 0.135548
16.7197 0.13548
16.7229 0.13542
16.726 0.135492
16.7292 0.135556
16.7323 0.135611
16.7355 0.13566
16.7386 0.135577
16.7418 0.135505
16.7449 0.135442
16.7481 0.135512
16.7512 0.135573
16.7544 0.135626
16.7575 0.135673
16.7607 0.135589
16.7638 0.135515
16.767 0.135451
16.7701 0.135519
16.7733 0.13558
16.7764 0.135632
16.7796 0.135553
16.7827 0.135484
16.7859 0.135423
16.789 0.135496
16.7922 0.135559
16.7954 0.135614
16.7985 0.135662
16.8017 0.135579
16.8048 0.135507
16.808 0.135444
16.8111 0.135513
16.8143 0.135574
16.8174 0.135627
16.8206 0.135549
16.8237 0.13548
16.8269 0.13542
16.83 0.135493
16.8332 0.135556
16.8363 0.135612
16.8395 0.13566
16.8426 0.135578
16.8458 0.135505
16.8489 0.135442
16.8521 0.135512
16.8552 0.135573
16.8584 0.135626
16.8615 0.135548
16.8647 0.13548
16.8678 0.13542
16.871 0.135367
16.8742 0.135446
16.8773 0.135515
16.8805 0.135576
16.8836 0.135504
16.8868 0.135441
16.8899 0.135386
16.8931 0.135463
16.8962 0.13553
16.8994 0.135589
16.9025 0.13564
16.9057 0.13556
16.9088 0.13549
16.912 0.135429
16.9151 0.1355
16.9183 0.135563
16.9214 0.135617
16.9246 0.13554
16.9277 0.135473
16.9309 0.135414
16.934 0.135487
16.9372 0.135551
16.9403 0.135607
16.9435 0.135656
16.9466 0.135574
16.9498 0.135502
16.953 0.13544
16.9561 0.13551
16.9593 0.135571
16.9624 0.135625
16.9656 0.135547
16.9687 0.135478
16.9719 0.135418
16.975 0.135866
16.9782 0.136258
16.9813 0.136601
16.9845 0.136901
16.9876 0.137163
16.9908 0.137268
16.9939 0.137359
16.9971 0.137564
17.0002 0.137744
17.0034 0.137901
17.0065 0.138038
17.0097 0.138158
17.0128 0.138139
17.016 0.138121
17.0191 0.138231
17.0223 0.138327
17.0254 0.138411
17.0286 0.138485
17.0318 0.138424
17.0349 0.138371
17.0381 0.13845
17.0412 0.138519
17.0444 0.138579
17.0475 0.138631
17.0507 0.138678
17.0538 0.138593
17.057 0.138519
17.0601 0.138579
17.0633 0.138632
17.0664 0.138678
17.0696 0.138718
17.0727 0.138628
17.0759 0.13855
17.079 0.138606
17.0822 0.138655
17.0853 0.138698
17.0885 0.138736
17.0916 0.138769
17.0948 0.138673
17.0979 0.138589
17.1011 0.13864
17.1042 0.138685
17.1074 0.138725
17.1106 0.138759
17.1137 0.138664
17.1169 0.138581
17.12 0.138633
17.1232 0.138679
17.1263 0.138719
17.1295 0.138754
17.1326 0.138785
17.1358 0.138687
17.1389 0.138601
17.1421 0.138651
17.1452 0.138695
17.1484 0.138733
17.1515 0.138766
17.1547 0.138795
17.1578 0.138696
17.161 0.138609
17.1641 0.138658
17.1673 0.138701
17.1704 0.138738
17.1736 0.138771
17.1767 0.138674
17.1799 0.13859
17.183 0.138641
17.1862 0.138686
17.1894 0.138725
17.1925 0.13876
17.1957 0.13879
17.1988 0.138691
17.202 0.138605
17.2051 0.138654
17.2083 0.138697
17.2114 0.138735
17.2146 0.138768
17.2177 0.138672
17.2209 0.138588
17.224 0.13864
17.2272 0.138685
17.2303 0.138724
17.2335 0.138759
17.2366 0.138789
17.2398 0.13869
17.2429 0.138604
17.2461 0.138653
17.2492 0.138697
17.2524 0.138735
17.2555 0.138768
17.2587 0.138672
17.2618 0.138588
17.265 0.138514
17.2682 0.138575
17.2713 0.138628
17.2745 0.138675
17.2776 0.138715
17.2808 0.138626
17.2839 0.138548
17.2871 0.138604
17.2902 0.138654
17.2934 0.138697
17.2965 0.138735
17.2997 0.138768
17.3028 0.138672
17.306 0.138588
17.3091 0.138639
17.3123 0.138685
17.3154 0.138724
17.3186 0.138758
17.3217 0.138664
17.3249 0.138581
17.328 0.138633
17.3312 0.138679
17.3343 0.138719
17.3375 0.138754
17.3406 0.138785
17.3438 0.138687
17.347 0.138601
17.3501 0.138651
17.3533 0.138694
17.3564 0.138733
17.3596 0.138766
17.3627 0.13867
17.3659 0.138587
17.369 0.138638
17.3722 0.138683
17.3753 0.138723
17.3785 0.138758
17.3816 0.138788
17.3848 0.138689
17.3879 0.138603
17.3911 0.138653
17.3942 0.138696
17.3974 0.138734
17.4005 0.138767
17.4037 0.138797
17.4068 0.138697
17.41 0.13861
17.4131 0.138659
17.4163 0.138701
17.4194 0.138739
17.4226 0.138771
17.4258 0.138675
17.4289 0.138591
17.4321 0.138642
17.4352 0.138686
17.4384 0.138726
17.4415 0.13876
17.4447 0.13879
17.4478 0.138691
17.451 0.138605
17.4541 0.138654
17.4573 0.138697
17.4604 0.138735
17.4636 0.138768
17.4667 0.138672
17.4699 0.138588
17.473 0.13864
17.4762 0.138685
17.4793 0.138724
17.4825 0.138759
17.4856 0.138789
17.4888 0.13869
17.4919 0.138604
17.4951 0.138653
17.4982 0.138697
17.5014 0.138735
17.5046 0.138768
17.5077 0.138672
17.5109 0.138588
17.514 0.138639
17.5172 0.138684
17.5203 0.138724
17.5235 0.138758
17.5266 0.138789
17.5298 0.13869
17.5329 0.138604
17.5361 0.138653
17.5392 0.138697
17.5424 0.138735
17.5455 0.138768
17.5487 0.138797
17.5518 0.138697
17.555 0.13861
17.5581 0.138659
17.5613 0.138701
17.5644 0.138739
17.5676 0.138771
17.5707 0.138675
17.5739 0.138591
17.577 0.138642
17.5802 0.138687
17.5834 0.138726
17.5865 0.13876
17.5897 0.13879
17.5928 0.138691
17.596 0.138605
17.5991 0.138654
17.6023 0.138697
17.6054 0.138735
17.6086 0.138768
17.6117 0.138672
17.6149 0.138588
17.618 0.13864
17.6212 0.138685
17.6243 0.138724
17.6275 0.138759
17.6306 0.138789
17.6338 0.13869
17.6369 0.138604
17.6401 0.138653
17.6432 0.138697
17.6464 0.138735
17.6495 0.138768
17.6527 0.138672
17.6558 0.138588
17.659 0.138514
17.6622 0.138575
17.6653 0.138628
17.6685 0.138675
17.6716 0.138715
17.6748 0.138626
17.6779 0.138548
17.6811 0.138604
17.6842 0.138654
17.6874 0.138697
17.6905 0.13911
17.6937 0.139471
17.6968 0.139787
17.7 0.139939
17.7031 0.140196
17.7063 0.140422
17.7094 0.140619
17.7126 0.140792
17.7157 0.140943
17.7189 0.14095
17.722 0.141081
17.7252 0.141196
17.7283 0.141297
17.7315 0.141384
17.7346 0.141461
17.7378 0.141529
17.741 0.141463
17.7441 0.14153
17.7473 0.141589
17.7504 0.14164
17.7536 0.141685
17.7567 0.141724
17.7599 0.141634
17.763 0.14168
17.7662 0.14172
17.7693 0.141755
17.7725 0.141785
17.7756 0.141812
17.7788 0.141836
17.7819 0.141731
17.7851 0.141765
17.7882 0.141794
17.7914 0.14182
17.7945 0.141842
17.7977 0.141862
17.8008 0.141879
17.804 0.141769
17.8071 0.141798
17.8103 0.141823
17.8134 0.141846
17.8166 0.141865
17.8198 0.141882
17.8229 0.141772
17.8261 0.1418
17.8292 0.141825
17.8324 0.141847
17.8355 0.141866
17.8387 0.141883
17.8418 0.141897
17.845 0.141785
17.8481 0.141812
17.8513 0.141836
17.8544 0.141856
17.8576 0.141874
17.8607 0.14189
17.8639 0.141779
17.867 0.141806
17.8702 0.141831
17.8733 0.141852
17.8765 0.14187
17.8796 0.141886
17.8828 0.141901
17.8859 0.141788
17.8891 0.141815
17.8922 0.141838
17.8954 0.141858
17.8986 0.141876
17.9017 0.141891
17.9049 0.14178
17.908 0.141807
17.9112 0.141831
17.9143 0.141853
17.9175 0.141871
17.9206 0.141887
17.9238 0.141901
17.9269 0.141789
17.9301 0.141815
17.9332 0.141838
17.9364 0.141858
17.9395 0.141876
17.9427 0.141892
17.9458 0.141905
17.949 0.141792
17.9521 0.141818
17.9553 0.141841
17.9584 0.141861
17.9616 0.141878
17.9647 0.141893
17.9679 0.141782
17.971 0.141809
17.9742 0.141833
17.9774 0.141854
17.9805 0.141872
17.9837 0.141888
17.9868 0.141902
17.99 0.141789
17.9931 0.141816
17.9963 0.141839
17.9994 0.141859
18.0026 0.141876
18.0057 0.141892
18.0089 0.14178
18.012 0.141808
18.0152 0.141832
18.0183 0.141853
18.0215 0.141871
18.0246 0.141887
18.0278 0.141901
18.0309 0.141789
18.0341 0.141815
18.0372 0.141838
18.0404 0.141858
18.0435 0.141876
18.0467 0.141892
18.0498 0.14178
18.053 0.141683
18.0562 0.141722
18.0593 0.141757
18.0625 0.141787
18.0656 0.141814
18.0688 0.141837
18.0719 0.141733
18.0751 0.141766
18.0782 0.141795
18.0814 0.141821
18.0845 0.141843
18.0877 0.141863
18.0908 0.14188
18.094 0.14177
18.0971 0.141799
18.1003 0.141824
18.1034 0.141846
18.1066 0.141865
18.1097 0.141882
18.1129 0.141772
18.116 0.1418
18.1192 0.141825
18.1223 0.141847
18.1255 0.141866
18.1286 0.141883
18.1318 0.141898
18.135 0.141785
18.1381 0.141812
18.1413 0.141836
18.1444 0.141856
18.1476 0.141874
18.1507 0.14189
18.1539 0.141779
18.157 0.141806
18.1602 0.141831
18.1633 0.141852
18.1665 0.14187
18.1696 0.141886
18.1728 0.141901
18.1759 0.141788
18.1791 0.141815
18.1822 0.141838
18.1854 0.141858
18.1885 0.141876
18.1917 0.141891
18.1948 0.141905
18.198 0.141792
18.2011 0.141818
18.2043 0.141841
18.2074 0.141861
18.2106 0.141878
18.2138 0.141893
18.2169 0.141782
18.2201 0.141809
18.2232 0.141833
18.2264 0.141854
18.2295 0.141872
18.2327 0.141888
18.2358 0.141902
18.239 0.141789
18.2421 0.141816
18.2453 0.141839
18.2484 0.141859
18.2516 0.141876
18.2547 0.141892
18.2579 0.14178
18.261 0.141808
18.2642 0.141832
18.2673 0.141853
18.2705 0.141871
18.2736 0.141887
18.2768 0.141901
18.2799 0.141789
18.2831 0.141815
18.2862 0.141838
18.2894 0.141858
18.2926 0.141876
18.2957 0.141892
18.2989 0.14178
18.302 0.141808
18.3052 0.141832
18.3083 0.141853
18.3115 0.141871
18.3146 0.141887
18.3178 0.141901
18.3209 0.141789
18.3241 0.141815
18.3272 0.141838
18.3304 0.141858
18.3335 0.141876
18.3367 0.141892
18.3398 0.141905
18.343 0.141792
18.3461 0.141818
18.3493 0.141841
18.3524 0.141861
18.3556 0.141878
18.3587 0.141893
18.3619 0.141782
18.365 0.141809
18.3682 0.141833
18.3714 0.141854
18.3745 0.141872
18.3777 0.141888
18.3808 0.141902
18.384 0.141789
18.3871 0.141816
18.3903 0.141839
18.3934 0.141859
18.3966 0.141876
18.3997 0.141892
18.4029 0.14178
18.406 0.141808
18.4092 0.142207
18.4123 0.142556
18.4155 0.142862
18.4186 0.143129
18.4218 0.143363
18.4249 0.143567
18.4281 0.143746
18.4312 0.143903
18.4344 0.14404
18.4375 0.14416
18.4407 0.144265
18.4438 0.144357
18.447 0.144312
18.4502 0.144398
18.4533 0.144474
18.4565 0.144539
18.4596 0.144597
18.4628 0.144647
18.4659 0.144691
18.4691 0.14473
18.4722 0.144764
18.4754 0.144793
18.4785 0.144819
18.4817 0.144842
18.4848 0.144862
18.488 0.144879
18.4911 0.144894
18.4943 0.144907
18.4974 0.144919
18.5006 0.144929
18.5037 0.144938
18.5069 0.144946
18.51 0.144952
18.5132 0.144958
18.5163 0.144964
18.5195 0.144968
18.5226 0.144972
18.5258 0.144976
18.529 0.144979
18.5321 0.144981
18.5353 0.144984
18.5384 0.144986
18.5416 0.144987
18.5447 0.144989
18.5479 0.14499
18.551 0.144992
18.5542 0.144993
18.5573 0.144994
18.5605 0.144994
18.5636 0.144995
18.5668 0.144996
18.5699 0.144996
18.5731 0.144997
18.5762 0.144997
18.5794 0.144997
18.5825 0.144998
18.5857 0.144998
18.5888 0.144998
18.592 0.144999
18.5951 0.144999
18.5983 0.144999
18.6014 0.144999
18.6046 0.144999
18.6078 0.144999
18.6109 0.144999
18.6141 0.144999
18.6172 0.144999
18.6204 0.145
18.6235 0.145
18.6267 0.145
18.6298 0.145
18.633 0.145
18.6361 0.145
18.6393 0.145
18.6424 0.145
18.6456 0.145
18.6487 0.145
18.6519 0.145
18.655 0.145
18.6582 0.145
18.6613 0.145
18.6645 0.145
18.6676 0.145
18.6708 0.145
18.6739 0.145
18.6771 0.145
18.6802 0.145
18.6834 0.145
18.6866 0.145
18.6897 0.145
18.6929 0.145
18.696 0.145
18.6992 0.145
18.7023 0.145
18.7055 0.145
18.7086 0.145
18.7118 0.145
18.7149 0.145
18.7181 0.145
18.7212 0.145
18.7244 0.145
18.7275 0.145
18.7307 0.145
18.841 0.144875
18.8442 0.144891
18.8473 0.144904
18.8505 0.144916
18.8536 0.144927
18.8568 0.144936
18.8599 0.144944
18.8631 0.144951
18.8662 0.144957
18.8694 0.144962
18.8725 0.144967
18.8757 0.144971
18.8788 0.144975
18.882 0.144978
18.8851 0.144981
18.8883 0.144983
18.8914 0.144985
18.8946 0.144987
18.8977 0.144989
18.9009 0.14499
18.904 0.144991
18.9072 0.144992
18.9103 0.144993
18.9135 0.144994
18.9166 0.144995
18.9198 0.144996
18.923 0.144996
18.9261 0.144997
18.9293 0.144997
18.9324 0.144997
18.9356 0.144998
18.9387 0.144998
18.9419 0.144998
18.945 0.144998
18.9482 0.144999
18.9513 0.144999
18.9545 0.144999
18.9576 0.144999
18.9608 0.144999
18.9639 0.144999
18.9671 0.144999
18.9702 0.144999
18.9734 0.145
18.9765 0.145
18.9797 0.145
18.9828 0.145
18.986 0.145
18.9891 0.145
18.9923 0.145
18.9954 0.145
18.9986 0.145
19.0018 0.145
19.0049 0.145
19.0081 0.145
19.0112 0.145
19.0144 0.145
19.0175 0.145
19.0207 0.145
19.0238 0.145
19.027 0.145
19.0301 0.145
19.0333 0.145
19.0364 0.145
19.0396 0.145
19.0427 0.145
19.0459 0.145
19.049 0.145
19.0522 0.145
19.0553 0.145
19.0585 0.145
19.0616 0.145
19.0648 0.145
19.0679 0.145
19.0711 0.145
19.0742 0.145
19.0774 0.145
19.0805 0.145
19.0837 0.145
19.1278 0.145375
19.131 0.145703
19.1341 0.146115
19.1373 0.146351
19.1404 0.146557
19.1436 0.146737
19.1467 0.146895
19.1499 0.147033
19.153 0.147279
19.1562 0.147369
19.1593 0.147448
19.1625 0.147517
19.1657 0.147577
19.1688 0.14763
19.172 0.147676
19.1751 0.147842
19.1783 0.147862
19.1814 0.147879
19.1846 0.147894
19.1877 0.147907
19.1909 0.147919
19.194 0.148054
19.1972 0.148047
19.2003 0.148041
19.2035 0.148036
19.2066 0.148032
19.2098 0.148028
19.2129 0.148024
19.2161 0.148146
19.2192 0.148128
19.2224 0.148112
19.2255 0.148098
19.2287 0.148086
19.2318 0.148075
19.235 0.148066
19.2381 0.148057
19.2413 0.14805
19.2445 0.148044
19.2476 0.148038
19.2508 0.148034
19.2539 0.148029
19.2571 0.148151
19.2602 0.148132
19.2634 0.148115
19.2665 0.148101
19.2697 0.148088
19.2728 0.148077
19.276 0.148068
19.2791 0.148184
19.2823 0.148161
19.2854 0.148141
19.2886 0.148123
19.2917 0.148108
19.2949 0.148094
19.298 0.148208
19.3012 0.148182
19.3043 0.148159
19.3075 0.148139
19.3106 0.148122
19.3138 0.148107
19.3169 0.148093
19.3201 0.148207
19.3233 0.148181
19.3264 0.148158
19.3296 0.148138
19.3327 0.148121
19.3359 0.148106
19.339 0.148218
19.3422 0.14819
19.3453 0.148167
19.3485 0.148146
19.3516 0.148128
19.3548 0.148112
19.3579 0.148098
19.3611 0.14821
19.3642 0.148184
19.3674 0.148161
19.3705 0.148141
19.3737 0.148123
19.3768 0.148108
19.38 0.148094
19.3831 0.148208
19.3863 0.148182
19.3894 0.148159
19.3926 0.148139
19.3957 0.148122
19.3989 0.148107
19.4021 0.148218
19.4052 0.148191
19.4084 0.148167
19.4115 0.148146
19.4147 0.148128
19.4178 0.148112
19.421 0.148098
19.4241 0.148211
19.4273 0.148184
19.4304 0.148161
19.4336 0.148141
19.4367 0.148123
19.4399 0.148108
19.443 0.14822
19.4462 0.148192
19.4493 0.148168
19.4525 0.148147
19.4556 0.148129
19.4588 0.148113
19.4619 0.148099
19.4651 0.148211
19.4682 0.148185
19.4714 0.148162
19.4745 0.148141
19.4777 0.148124
19.4809 0.148108
19.484 0.14822
19.4872 0.148192
19.4903 0.148168
19.4935 0.148147
19.4966 0.148129
19.4998 0.148113
19.5029 0.148099
19.5061 0.148211
19.5092 0.148185
19.5124 0.148162
19.5155 0.148142
19.5187 0.148124
19.5218 0.148108
19.525 0.148095
19.5281 0.148208
19.5313 0.148182
19.5344 0.148159
19.5376 0.148139
19.5407 0.148122
19.5439 0.148107
19.547 0.148218
19.5502 0.148191
19.5533 0.148167
19.5565 0.148146
19.5597 0.148128
19.5628 0.148112
19.566 0.148098
19.5691 0.148211
19.5723 0.148184
19.5754 0.148161
19.5786 0.148141
19.5817 0.148124
19.5849 0.148108
19.588 0.14822
19.5912 0.148192
19.5943 0.148168
19.5975 0.148147
19.6006 0.148129
19.6038 0.148113
19.6069 0.148099
19.6101 0.148211
19.6132 0.148185
19.6164 0.148162
19.6195 0.148142
19.6227 0.148124
19.6258 0.148108
19.629 0.148095
19.6321 0.148083
19.6353 0.148073
19.6385 0.148064
19.6416 0.148056
19.6448 0.148049
19.6479 0.148043
19.6511 0.148162
19.6542 0.148142
19.6574 0.148124
19.6605 0.148109
19.6637 0.148095
19.6668 0.148083
19.67 0.148073
19.6731 0.148189
19.6763 0.148165
19.6794 0.148144
19.6826 0.148126
19.6857 0.148111
19.6889 0.148097
19.692 0.14821
19.6952 0.148183
19.6983 0.148161
19.7015 0.14814
19.7046 0.148123
19.7078 0.148108
19.7109 0.148094
19.7141 0.148207
19.7173 0.148181
19.7204 0.148159
19.7236 0.148139
19.7267 0.148122
19.7299 0.148106
19.733 0.148218
19.7362 0.148191
19.7393 0.148167
19.7425 0.148146
19.7456 0.148128
19.7488 0.148112
19.7519 0.148098
19.7551 0.148211
19.7582 0.148184
19.7614 0.148161
19.7645 0.148141
19.7677 0.148123
19.7708 0.148108
19.774 0.148095
19.7771 0.148208
19.7803 0.148182
19.7834 0.148159
19.7866 0.148139
19.7897 0.148122
19.7929 0.148107
19.7961 0.148218
19.7992 0.148191
19.8024 0.148167
19.8055 0.148146
19.8087 0.148128
19.8118 0.148112
19.815 0.148098
19.8181 0.148211
19.8213 0.148184
19.8244 0.148161
19.8276 0.148141
19.8307 0.148124
19.8339 0.148108
19.837 0.14822
19.8402 0.148192
19.8433 0.148543
19.8465 0.14885
19.8496 0.149119
19.8528 0.149354
19.8559 0.14956
19.8591 0.149865
19.8622 0.150132
19.8654 0.15024
19.8685 0.150335
19.8717 0.150418
19.8749 0.150491
19.878 0.15068
19.8812 0.150845
19.8843 0.150864
19.8875 0.150881
19.8906 0.150896
19.8938 0.150909
19.8969 0.15092
19.9001 0.151055
19.9032 0.151173
19.9064 0.151152
19.9095 0.151133
19.9127 0.151116
19.9158 0.151102
19.919 0.151089
19.9221 0.151203
19.9253 0.151302
19.9284 0.151265
19.9316 0.151232
19.9347 0.151203
19.9379 0.151177
19.941 0.15128
19.9442 0.15137
19.9473 0.151324
19.9505 0.151283
19.9537 0.151248
19.9568 0.151217
19.96 0.15119
19.9631 0.151291
19.9663 0.15138
19.9694 0.151332
19.9726 0.151291
19.9757 0.151254
19.9789 0.151223
19.982 0.15132
19.9852 0.151405
19.9883 0.151354
19.9915 0.15131
19.9946 0.151271
19.9978 0.151237
20.0009 0.151208
20.0041 0.151307
20.0072 0.151393
20.0104 0.151344
20.0135 0.151301
20.0167 0.151263
20.0198 0.151231
20.023 0.151202
20.0261 0.151302
20.0293 0.151264
20.0325 0.151231
20.0356 0.151202
20.0388 0.151177
20.0419 0.151155
20.0451 0.15126
20.0482 0.151353
20.0514 0.151309
20.0545 0.15127
20.0577 0.151236
20.0608 0.151207
20.064 0.151181
20.0671 0.151283
20.0703 0.151373
20.0734 0.151326
20.0766 0.151286
20.0797 0.15125
20.0829 0.151219
20.086 0.151316
20.0892 0.151402
20.0923 0.151352
20.0955 0.151308
20.0986 0.151269
