0.0905768 1
0.18279 341
0.276537 1021
0.370283 1701
0.462454 2381
0.465606 3061
0.5562 3741
0.559352 4421
0.562504 5101
0.649946 5781
0.653098 6461
0.65625 7141
0.659402 7821
0.742117 8501
0.745269 9181
0.748421 9861
0.751573 10541
0.754725 11221
0.757877 11901
0.834287 12581
0.837439 13261
0.840591 13941
0.843743 14621
0.846895 15301
0.850047 15981
0.853199 16661
0.856351 17341
0.859503 18021
0.926458 18701
0.92961 19381
0.932762 20061
0.935914 20741
0.939066 21421
0.942218 22101
0.94537 22781
0.948522 23461
0.951674 24141
0.954826 24821
0.957978 25501
0.96113 26181
0.964282 26861
0.967434 27541
1.0202 28221
1.02336 28901
1.02651 29581
1.02966 30261
1.03281 30941
1.03596 31621
1.03912 32301
1.04227 32981
1.04542 33661
1.04857 34341
1.05172 35021
1.05488 35701
1.05803 36381
1.06118 37061
1.06433 37741
1.06748 38421
1.07064 39101
1.07379 39781
1.07694 40461
1.08009 41141
1.08324 41821
1.11395 42501
1.1171 43181
1.12025 43861
1.12341 44541
1.12656 45221
1.12971 45901
1.13286 46581
1.13601 47261
1.13917 47941
1.14232 48621
1.14547 49301
1.14862 49981
1.15177 50661
1.15493 51341
1.15808 52021
1.16123 52701
1.16438 53381
1.16753 54061
1.17069 54741
1.17384 55421
1.17699 56101
1.18014 56781
1.18329 57461
1.18645 58141
1.1896 58821
1.19275 59501
1.1959 60181
1.19905 60861
1.20221 61541
1.20536 62221
1.20851 62901
1.21166 63581
1.21481 64261
1.21797 64941
1.22112 65621
1.22427 66301
1.22742 66981
1.23057 67661
1.23373 68341
1.23688 69021
1.24003 69701
1.24318 70381
1.24633 71061
1.24949 71741
1.25264 72421
1.25579 73101
1.25894 73781
1.26209 74461
1.26525 75141
1.2684 75821
1.27155 76501
1.2747 77181
1.27785 77861
1.28101 78541
1.28416 79221
1.28731 79901
1.29046 80581
1.29361 81261
1.29677 81941
1.29992 82621
1.30307 83301
1.30622 83981
1.30937 84661
1.31253 85341
1.31568 86021
1.31883 86701
1.32198 87381
1.32513 88061
1.32829 88741
1.33144 89421
1.33459 90101
1.33774 90781
1.34089 91461
1.34405 92141
1.3472 92821
1.35035 93501
1.3535 94181
1.35665 94861
1.35981 95541
1.36296 96221
1.36611 96901
1.36926 97581
1.37241 98261
1.37557 98941
1.37872 99621
1.38187 100301
1.38502 100981
1.38817 101661
1.39133 102341
1.39448 103021
1.39763 103701
1.40078 104381
1.40393 105061
1.40709 105741
1.41024 106421
1.41339 107101
1.41654 107781
1.41969 108461
1.42285 109141
1.426 109821
1.42915 110501
1.4323 111181
1.43545 111861
1.43861 112541
1.44176 113221
1.44491 113901
1.44806 114581
1.45121 115261
1.45437 115941
1.45752 116621
1.46067 117301
1.46382 117981
1.46697 118661
1.47013 119341
1.47328 120021
1.47643 120701
1.47958 121381
1.48273 122061
1.48589 122741
1.48904 123421
1.49219 124101
1.49534 124781
1.49849 125461
1.50165 126141
1.5048 126821
1.50795 127501
1.5111 128181
1.51425 128861
1.51741 129541
1.52056 130221
1.52371 130901
1.52686 131581
1.53001 132261
1.53317 132941
1.53632 133621
1.53947 134301
1.54262 134981
1.54577 135661
1.54893 136341
1.55208 137021
1.55523 137701
1.55838 138381
1.56153 139061
1.56469 139741
1.56784 140421
1.57099 141101
1.57414 141781
1.57729 142461
1.58045 143141
1.5836 143821
1.58675 144501
1.5899 145181
1.59305 145861
1.59621 146541
1.59936 147221
1.60251 147901
1.60566 148581
1.60881 149261
1.61197 149941
1.61512 150621
1.61827 151301
1.62142 151981
1.62457 152661
1.62773 153341
1.63088 154021
1.63403 154701
1.63718 155381
1.64033 156061
1.64349 156741
1.64664 157421
1.64979 158101
1.65294 158781
1.65609 159461
1.65925 160141
1.6624 160821
1.66555 161501
1.6687 162181
1.67185 162861
1.67501 163541
1.67816 164221
1.68131 164901
1.68446 165581
1.68761 166261
1.69077 166941
1.69392 167621
1.69707 168301
1.70022 168981
1.70337 169661
1.70653 170341
1.70968 171021
1.71283 171701
1.71598 172381
1.71913 173061
1.72229 173741
1.72544 174421
1.72859 175101
1.73174 175781
1.73489 176461
1.73805 177141
1.7412 177821
1.74435 178501
1.7475 179181
1.75065 179861
1.75381 180541
1.75696 181221
1.76011 181901
1.76326 182581
1.76641 183261
1.76957 183941
1.77272 184621
1.77587 185301
1.77902 185981
1.78217 186661
1.78533 187341
1.78848 188021
1.79163 188701
1.79478 189381
1.79793 190061
1.80109 190741
1.80424 191421
1.80739 192101
1.81054 192781
1.81369 193461
1.81685 194141
1.82 194821
1.82315 195501
1.8263 196181
1.82945 196861
1.83261 197541
1.83576 198221
1.83891 198901
1.84206 199581
1.84521 200261
1.84837 200941
1.85152 201621
1.85467 202301
1.85782 202981
1.86097 203661
1.86413 204341
1.86728 205021
1.87043 205701
1.87358 206381
1.87673 207061
1.87989 207741
1.88304 208421
1.88619 209101
1.88934 209781
1.89249 210461
1.89565 211141
1.8988 211821
1.90195 212501
1.9051 213181
1.90825 213861
1.91141 214541
1.91456 215221
1.91771 215901
1.92086 216581
1.92401 217261
1.92717 217941
2.25036 218961
2.25194 219981
2.25351 221001
2.25509 222021
2.25666 223041
2.25824 224061
2.25982 225081
2.26139 226101
2.26297 227121
2.26454 228141
2.26612 229161
2.2677 230181
2.26927 231201
2.27085 232221
2.27242 233241
2.274 234261
2.27558 235281
2.27715 236301
2.27873 237321
2.2803 238341
2.28188 239361
2.28346 240381
2.28503 241401
2.28661 242421
2.28818 243441
2.28976 244461
2.29134 245481
2.29291 246501
2.29449 247521
2.29606 248541
2.29764 249561
2.29922 250581
2.30079 251601
2.30237 252621
2.30394 253641
2.30552 254661
2.3071 255681
2.30867 256701
2.31025 257721
2.31182 258741
2.3134 259761
2.31498 260781
2.31655 261801
2.31813 262821
2.3197 263841
2.32128 264861
2.32286 265881
2.32443 266901
2.32601 267921
2.32758 268941
2.32916 269961
2.33074 270981
2.33231 272001
2.33389 273021
2.33546 274041
2.33704 275061
2.33862 276081
2.34019 277101
2.34177 278121
2.34334 279141
2.34492 280161
2.3465 281181
2.34807 282201
2.34965 283221
2.35122 284241
2.3528 285261
2.35438 286281
2.35595 287301
2.35753 288321
2.3591 289341
2.36068 290361
2.36226 291381
2.36383 292401
2.36541 293421
2.36698 294441
2.36856 295461
2.37014 296481
2.37329 297501
2.37802 298521
2.38274 299541
2.38747 300561
2.3922 301581
2.39693 302601
2.40166 303621
2.40638 304641
2.41111 305661
2.41584 306681
2.42057 307701
2.4253 308721
2.43002 309741
2.43475 310761
2.43948 311781
2.44421 312801
2.44894 313821
2.45366 314841
2.45839 315861
2.46312 316881
2.46785 317901
2.47258 318921
2.4773 319941
2.48199 320961
2.7089 321981
2.71363 360741
2.93277 361081
2.93434 361421
2.93592 361761
2.9375 362101
2.93907 362441
2.94065 362781
2.94222 363121
2.9438 363461
2.94538 363801
2.94695 364141
2.94853 364481
2.9501 364821
2.95168 365161
2.95326 365501
2.95483 366181
2.95641 366521
2.95798 367541
2.95956 368561
2.96114 369581
2.96271 370601
2.96429 371621
2.96586 372641
2.96744 373661
2.96902 374681
2.97059 375701
2.97217 376721
2.97374 377741
2.97532 378761
2.9769 379781
2.97847 380801
2.98005 381821
2.98162 382841
2.9832 383861
2.98478 384881
2.98635 385901
2.98793 386921
2.98947 387941
2.991 388961
2.99254 413101
2.99569 413781
2.99885 414461
3.002 415141
3.00515 415821
3.0083 416501
3.01145 417181
3.01461 417861
3.01776 418541
3.02091 419221
3.02406 419901
3.02721 420581
3.03037 421261
3.03352 421941
3.03667 422621
3.03982 422961
3.04297 423301
3.04613 423641
3.04928 423981
3.05243 424321
3.05558 424661
3.05873 425001
3.06189 425341
3.06504 425681
3.06819 426021
3.07134 426361
3.07449 426701
3.07765 427041
3.0808 427381
3.08395 427721
3.0871 428061
3.09025 428401
3.09341 428741
3.09656 429081
3.09971 429421
3.10286 429761
3.10601 430101
3.10917 430441
3.11232 430781
3.11547 431121
3.11862 431461
3.12177 431801
3.12493 432141
3.12808 432481
3.13123 432821
3.13438 433161
3.13753 433501
3.14069 433841
3.14384 434181
3.14699 434521
3.15014 434861
3.15329 435201
3.15645 435541
3.1596 436221
3.16275 436901
3.1659 437581
3.16905 438261
3.17221 438941
3.17536 439621
3.17851 440301
3.18166 440981
3.18481 441661
3.18797 442341
3.19112 443021
3.19427 443701
3.19742 444381
3.20057 445061
3.20373 445741
3.20688 446421
3.21003 447101
3.21318 447781
3.21633 448461
3.21949 449141
3.22264 449821
3.22579 450501
3.22894 451181
3.23209 451861
3.23525 452541
3.2384 453221
3.24155 453901
3.2447 454581
3.24785 455261
3.25101 455941
3.25416 456621
3.25731 457301
3.26046 457981
3.26361 458661
3.26677 459341
3.26992 460021
3.27307 460701
3.27622 461381
3.27937 462061
3.28252 462741
3.28568 463421
3.28883 464101
3.29198 464781
3.29513 465461
3.29828 466141
3.30144 466821
3.30459 467501
3.30774 468181
3.31089 468861
3.31404 469541
3.3172 470221
3.32035 470901
3.3235 471581
3.32665 472261
3.3298 472941
3.33296 473621
3.33611 474301
3.33926 474981
3.34241 475661
3.34556 476341
3.34872 477021
3.35187 477701
3.35502 478381
3.35817 479061
3.36132 479741
3.36448 480421
3.36763 481101
3.37078 481781
3.37393 482461
3.37708 483141
3.38024 483821
3.38339 484501
3.38654 485181
3.38969 485861
3.39284 486541
3.396 487221
3.39915 487901
3.4023 488581
3.40545 489261
3.4086 489941
3.41176 490621
3.41491 491301
3.41806 491981
3.42121 492661
3.42436 493341
3.42752 494021
3.43067 494701
3.43382 495381
3.43697 496061
3.44012 496741
3.44328 497421
3.44643 498101
3.44958 498781
3.45273 499461
3.45588 500141
3.45904 500821
3.46219 501501
3.46534 502181
3.46849 502861
3.47164 503541
3.4748 504221
3.47795 504901
3.4811 505581
3.48425 506261
3.4874 506941
3.49056 507621
3.49371 508301
3.49686 508981
3.50001 509661
3.50316 510341
3.50632 511021
3.50947 511701
3.51262 512381
3.51577 513061
3.51892 513741
3.52208 514421
3.52523 515101
3.52838 515781
3.53153 516461
3.53468 517141
3.53784 517821
3.54099 518501
3.54414 519181
3.54729 519861
3.55044 520541
3.5536 521221
3.55675 521901
3.5599 522581
3.56305 523261
3.5662 523941
3.56936 524621
3.57251 525301
3.57566 525981
3.57881 526661
3.58196 527341
3.58512 528021
3.58827 528701
3.59142 529381
3.59457 530061
3.59772 530741
3.60088 531421
3.60403 532101
3.60718 532781
3.61033 533461
3.61348 534141
3.61664 534821
3.61979 535501
3.62294 536181
3.62609 536861
3.62924 537541
3.6324 538221
3.63555 538901
3.6387 539581
3.64185 540261
3.645 540941
3.64816 541621
3.65131 542301
3.65446 542981
3.65761 543661
3.66076 544341
3.66392 545021
3.66707 545701
3.67022 546381
3.67337 547061
3.67652 547741
3.67968 548421
3.68283 549101
3.68598 549781
3.68913 550461
3.69228 551141
3.69544 551821
3.69859 552501
3.70174 553181
3.70489 553861
3.70804 554541
3.7112 555221
3.71435 555901
3.7175 556581
3.72065 557261
3.7238 557941
3.72696 558621
3.73011 559301
3.73326 559981
3.73641 560661
3.73956 561341
3.74272 562021
3.74587 562701
3.74902 563381
3.75217 564061
3.75532 564741
3.75848 565421
3.76163 566101
3.76478 566781
3.76793 567461
3.77108 568141
3.77424 568821
3.77739 569501
3.78054 570181
3.78369 570861
3.78684 571541
3.79 572221
3.79315 572901
3.7963 573581
3.79945 574261
3.8026 574941
3.80576 575621
3.80891 576301
3.81206 576981
3.81521 577661
3.81836 578341
3.82152 579021
3.82467 579701
3.82782 580381
3.83097 581061
3.83412 581741
3.83728 582421
3.84043 583101
3.84358 583781
3.84673 584461
3.84988 585141
3.85304 585821
3.85619 586501
3.85934 587181
3.86249 587861
3.86564 588541
3.8688 589221
3.87195 589901
3.8751 590581
3.87825 591261
3.8814 591941
3.88456 592621
3.88771 593301
3.89086 593981
3.89401 594661
3.89716 595341
3.90032 596021
3.90347 596701
3.90662 597381
3.90977 598061
3.91292 598741
3.91608 599421
3.91923 600101
3.92238 600781
3.92553 601461
3.92868 602141
3.93184 602821
3.93499 603501
3.93814 604181
3.94129 604861
3.94444 605541
3.9476 606221
3.95075 606901
3.9539 607581
3.95705 608261
3.9602 608941
3.96336 609621
3.96651 610301
3.96966 610981
3.97281 611661
3.97596 612341
3.97912 613021
3.98227 613701
3.98542 614381
3.98857 615061
3.99172 615741
3.99488 616421
3.99803 617101
4.00118 617781
4.00433 618461
4.00748 619141
4.01064 619821
4.01379 620501
4.01694 621181
4.02009 621861
4.02324 622541
4.0264 623221
4.02955 623901
4.0327 624581
4.03585 625261
4.039 625941
4.04216 626621
4.04531 627301
4.04846 627981
4.05161 628661
4.05476 629341
4.05792 630021
4.06107 630701
4.06422 631381
4.06737 632061
4.07052 632741
4.07368 633421
4.07683 634101
4.07998 634781
4.08313 635461
4.08628 636141
4.08944 636821
4.09259 637501
4.09574 638181
4.09889 638861
4.10204 639541
4.1052 640221
4.10835 640901
4.1115 641581
4.11465 642261
4.1178 642941
4.12096 643621
4.12411 644301
4.12726 644981
4.13041 645661
4.13356 646341
4.13672 647021
4.13987 647701
4.14302 648381
4.14617 649061
4.14932 649741
4.15248 650421
4.15563 651101
4.15878 651781
4.16193 652461
4.16508 653141
4.16824 653821
4.17139 654501
4.17454 655181
4.17769 655861
4.18084 656541
4.184 657221
4.18715 657901
4.1903 658581
4.19345 659261
4.1966 659941
4.19976 660621
4.20291 661301
4.20606 661981
4.20921 662661
4.21236 663341
4.21552 664021
4.21867 664701
4.22182 665381
4.22497 666061
4.22812 666741
4.23128 667421
4.23443 668101
4.23758 668781
4.24073 669461
4.24388 670141
4.24704 670821
4.25019 671501
4.25334 672181
4.25649 672861
4.25964 673541
4.2628 674221
4.26595 674901
4.2691 675581
4.27225 676261
4.2754 676941
4.27856 677621
4.28171 678301
4.28486 678981
4.28801 679661
4.29116 680341
4.29432 681021
4.29747 681701
4.30062 682381
4.30377 683061
4.30692 683741
4.31008 684421
4.31323 685101
4.31638 685781
4.31953 686461
4.32268 687141
4.32584 687821
4.32899 688501
4.33214 689181
4.33529 689861
4.33844 690541
4.3416 691221
4.34475 691901
4.3479 692581
4.35105 693261
4.3542 693941
4.35736 694621
4.36051 695301
4.36366 695981
4.36681 696661
4.36996 697341
4.37312 698021
4.37627 698701
4.37942 699381
4.38257 700061
4.38572 700741
4.38888 701421
4.39203 702101
4.39518 702781
4.39833 703461
4.40148 704141
4.40464 704821
4.40779 705501
4.41094 706181
4.41409 706861
4.41724 707541
4.4204 708221
4.42355 708901
4.4267 709581
4.42985 710261
4.433 710941
4.43616 711621
4.43931 712301
4.44246 712981
4.44561 713661
4.44876 714341
4.45192 715021
4.45507 715701
4.45822 716381
4.46137 717061
4.46452 717741
4.46768 718421
4.47083 719101
4.47398 719781
4.47713 720461
4.48028 721141
4.48344 721821
4.48659 722501
4.48974 723181
4.49289 723861
4.49604 724541
4.4992 725221
4.50235 725901
4.5055 726581
4.50865 727261
4.5118 727941
4.51496 728621
4.51811 729301
4.52126 729981
4.52441 730661
4.52756 731341
4.53072 732021
4.53387 732701
4.53702 733381
4.54017 734061
4.54332 734741
4.54648 735421
4.54963 736101
4.55278 736781
4.55593 737461
4.55908 738141
4.56224 738821
4.56539 739501
4.56854 740181
4.57169 740861
4.57484 741541
4.578 742221
4.58115 742901
4.5843 743581
4.58745 744261
4.5906 744941
4.59376 745621
4.59691 746301
4.60006 746981
4.60321 747661
4.60636 748341
4.60952 749021
4.61267 749701
4.61582 750381
4.61897 751061
4.62212 751741
4.62528 752421
4.62843 753101
4.63158 753781
4.63473 754461
4.63788 755141
4.64104 755821
4.64419 756501
4.64734 757181
4.65049 757861
4.65364 758541
4.6568 759221
4.65995 759901
4.6631 760581
4.66625 761261
4.6694 761941
4.67256 762621
4.67571 763301
4.67886 763981
4.68201 764661
4.68516 765341
4.68832 766021
4.69147 766701
4.69462 767381
4.69777 768061
4.70092 768741
4.70408 769421
4.70723 770101
4.71038 770781
4.71353 771461
4.71668 772141
4.71984 772821
4.72299 773501
4.72614 774181
4.72929 774861
4.73244 775541
4.7356 776221
4.73875 776901
4.7419 777581
4.74505 778261
4.7482 778941
4.75136 779621
4.75451 780301
4.75766 780981
4.76081 781661
4.76396 782341
4.76712 783021
4.77027 783701
4.77342 784381
4.77657 785061
4.77972 785741
4.78288 786421
4.78603 787101
4.78918 787781
4.79233 788461
4.79548 789141
4.79864 789821
4.80179 790501
4.80494 791181
4.80809 791861
4.81124 792541
4.8144 793221
4.81755 793901
4.8207 794581
4.82385 795261
4.827 795941
4.83016 796621
4.83331 797301
4.83646 797981
4.83961 798661
4.84276 799341
4.84592 800021
4.84907 800701
4.85222 801381
4.85537 802061
4.85852 802741
4.86168 803421
4.86483 804101
4.86798 804781
4.87113 805461
4.87428 806141
4.87744 806821
4.88059 807501
4.88374 808181
4.88689 808861
4.89004 809541
4.8932 810221
4.89635 810901
4.8995 811581
4.90265 812261
4.9058 812941
4.90896 813621
4.91211 814301
4.91526 814981
4.91841 815661
4.92156 816341
4.92472 817021
4.92787 817701
4.93102 818381
4.93417 819061
4.93732 819741
4.94048 820421
4.94363 821101
4.94678 821781
4.94993 822461
4.95308 823141
4.95624 823821
4.95939 824501
4.96254 825181
4.96569 825861
4.96884 826541
4.972 827221
4.97515 827901
4.9783 828581
4.98145 829261
4.9846 829941
4.98776 830621
4.99091 831301
4.99406 831981
4.99721 832661
5.00036 833341
5.00352 834021
5.00667 834701
5.00982 835381
5.01297 836061
5.01612 836741
5.01928 837421
5.02243 838101
5.02558 838781
5.02873 839461
5.03188 840141
5.03504 840821
5.03819 841501
5.04134 842181
5.04449 842861
5.04764 843541
5.0508 844221
5.05395 844901
5.0571 845581
5.06025 846261
5.0634 846941
5.06656 847621
5.06971 848301
5.07286 848981
5.07601 849661
5.07916 850341
5.08232 851021
5.08547 851701
5.08862 852381
5.09177 853061
5.09492 853741
5.09808 854421
5.10123 855101
5.10438 855781
5.10753 856461
5.11068 857141
5.11384 857821
5.11699 858501
5.12014 859181
5.12329 859861
5.12644 860541
5.1296 861221
5.13275 861901
5.1359 862581
5.13905 863261
5.1422 863941
5.14536 864621
5.14851 865301
5.15166 865981
5.15481 866661
5.15796 867341
5.16112 868021
5.16427 868701
5.16742 869381
5.17057 870061
5.17372 870741
5.17688 871421
5.18003 872101
5.18318 872781
5.18633 873461
5.18948 874141
5.19264 874821
5.19579 875501
5.19894 876181
5.20209 876861
5.20524 877541
5.2084 878221
5.21155 878901
5.2147 879581
5.21785 880261
5.221 880941
5.22416 881621
5.22731 882301
5.23046 882981
5.23361 883661
5.23676 884341
5.23992 885021
5.24307 885701
5.24622 886381
5.24937 887061
5.25252 887741
5.25568 888421
5.25883 889101
5.26198 889781
5.26513 890461
5.26828 891141
5.27144 891821
5.27459 892501
5.27774 893181
5.28089 893861
5.28404 894541
5.2872 895221
5.29035 895901
5.2935 896581
5.29665 897261
5.2998 897941
5.30296 898621
5.30611 899301
5.30926 899981
5.31241 900661
5.31556 901341
5.31872 902021
5.32187 902701
5.32502 903381
5.32817 904061
5.33132 904741
5.33448 905421
5.33763 906101
5.34078 906781
5.34393 907461
5.34708 908141
5.35024 908821
5.35339 909501
5.35654 910181
5.35969 910861
5.36284 911541
5.366 912221
5.36915 912901
5.3723 913581
5.37545 914261
5.3786 914941
5.38176 915621
5.38491 916301
5.38806 916981
5.39121 917661
5.39436 918341
5.39752 919021
5.40067 919701
5.40382 920381
5.40697 921061
5.41012 921741
5.41328 922421
5.41643 923101
5.41958 923781
5.42273 924461
5.42588 925141
5.42904 925821
5.43219 926501
5.43534 927181
5.43849 927861
5.44164 928541
5.4448 929221
5.44795 929901
5.4511 930581
5.45425 931261
5.4574 931941
5.46056 932621
5.46371 933301
5.46686 933981
5.47001 934661
5.47316 935341
5.47632 936021
5.47947 936701
5.48262 937381
5.48577 938061
5.48892 938741
5.49208 939421
5.49523 940101
5.49838 940781
5.50153 941461
5.50468 942141
5.50784 942821
5.51099 943501
5.51414 944181
5.51729 944861
5.52044 945541
5.5236 946221
5.52675 946901
5.5299 947581
5.53305 948261
5.5362 948941
5.53936 949621
5.54251 950301
5.54566 950981
5.54881 951661
5.55196 952341
5.55512 953021
5.55827 953701
5.56142 954381
5.56457 955061
5.56772 955741
5.57088 956421
5.57403 957101
5.57718 957781
5.58033 958461
5.58348 959141
5.58664 959821
5.58979 960501
5.59294 961181
5.59609 961861
5.59924 962541
5.6024 963221
5.60555 963901
5.6087 964581
5.61185 965261
5.615 965941
5.61816 966621
5.62131 967301
5.62446 967981
5.62761 968661
5.63076 969341
5.63392 970021
5.63707 970701
5.64022 971381
5.64337 972061
5.64652 972741
5.64968 973421
5.65283 974101
5.65598 974781
5.65913 975461
5.66228 976141
5.66544 976821
5.66859 977501
5.67174 978181
5.67489 978861
5.67804 979541
5.6812 980221
5.68435 980901
5.6875 981581
5.69065 982261
5.6938 982941
5.69696 983621
5.70011 984301
5.70326 984981
5.70641 985661
5.70956 986341
5.71272 987021
5.71587 987701
5.71902 988381
5.72217 989061
5.72532 989741
5.72848 990421
5.73163 991101
5.73478 991781
5.73793 992461
5.74108 993141
5.74424 993821
5.74739 994501
5.75054 995181
5.75369 995861
5.75684 996541
5.76 997221
5.76315 997901
5.7663 998581
5.76945 999261
5.7726 999941
5.77576 1000621
5.77891 1001301
5.78206 1001981
5.78521 1002661
5.78836 1003341
5.79152 1004021
5.79467 1004701
5.79782 1005381
5.80097 1006061
5.80412 1006741
5.80728 1007421
5.81043 1008101
5.81358 1008781
5.81673 1009461
5.81988 1010141
5.82304 1010821
5.82619 1011501
5.82934 1012181
5.83249 1012861
5.83564 1013541
5.8388 1014221
5.84195 1014901
5.8451 1015581
5.84825 1016261
5.8514 1016941
5.85456 1017621
5.85771 1018301
5.86086 1018981
5.86401 1019661
5.86716 1020341
5.87032 1021021
5.87347 1021701
5.87662 1022381
5.87977 1023061
5.88292 1023741
5.88608 1024421
5.88923 1025101
5.89238 1025781
5.89553 1026461
5.89868 1027141
5.90184 1027821
5.90499 1028501
5.90814 1029181
5.91129 1029861
5.91444 1030541
5.9176 1031221
5.92075 1031901
5.9239 1032581
5.92705 1033261
5.9302 1033941
5.93336 1034621
5.93651 1035301
5.93966 1035981
5.94281 1036661
5.94596 1037341
5.94912 1038021
5.95227 1038701
5.95542 1039381
5.95857 1040061
5.96172 1040741
5.96488 1041421
5.96803 1042101
5.97118 1042781
5.97433 1043461
5.97748 1044141
5.98064 1044821
5.98379 1045501
5.98694 1046181
5.99009 1046861
5.99324 1047541
5.9964 1048221
5.99955 1048901
6.0027 1049581
6.00585 1050261
6.009 1050941
6.01216 1051621
6.01531 1052301
6.01846 1052981
6.02161 1053661
6.02476 1054341
6.02792 1055021
6.03107 1055701
6.03422 1056381
6.03737 1057061
6.04052 1057741
6.04368 1058421
6.04683 1059101
6.04998 1059781
6.05313 1060461
6.05628 1061141
6.05944 1061821
6.06259 1062501
6.06574 1063181
6.06889 1063861
6.07204 1064541
6.0752 1065221
6.07835 1065901
6.0815 1066581
6.08465 1067261
6.0878 1067941
6.09096 1068621
6.09411 1069301
6.09726 1069981
6.10041 1070661
6.10356 1071341
6.10672 1072021
6.10987 1072701
6.11302 1073381
6.11617 1074061
6.11932 1074741
6.12248 1075421
6.12563 1076101
6.12878 1076781
6.13193 1077461
6.13508 1078141
6.13824 1078821
6.14139 1079501
6.14454 1080181
6.14769 1080861
6.15084 1081541
6.154 1082221
6.15715 1082901
6.1603 1083581
6.16345 1084261
6.1666 1084941
6.16976 1085621
6.17291 1086301
6.17606 1086981
6.17921 1087661
6.18236 1088341
6.18552 1089021
6.18867 1089701
6.19182 1090381
6.19497 1091061
6.19812 1091741
6.20128 1092421
6.20443 1093101
6.20758 1093781
6.21073 1094461
6.21388 1095141
6.21704 1095821
6.22019 1096501
6.22334 1097181
6.22649 1097861
6.22964 1098541
6.2328 1099221
6.23595 1099901
6.2391 1100581
6.24225 1101261
6.2454 1101941
6.24856 1102621
6.25171 1103301
6.25486 1103981
6.25801 1104661
6.26116 1105341
6.26432 1106021
6.26747 1106701
6.27062 1107381
6.27377 1108061
6.27692 1108741
6.28008 1109421
6.28323 1110101
6.28638 1110781
6.28953 1111461
6.29268 1112141
6.29584 1112821
6.29899 1113501
6.30214 1114181
6.30529 1114861
6.30844 1115541
6.3116 1116221
6.31475 1116901
6.3179 1117581
6.32105 1118261
6.3242 1118941
6.32736 1119621
6.33051 1120301
6.33366 1120981
6.33681 1121661
6.33996 1122341
6.34312 1123021
6.34627 1123701
6.34942 1124381
6.35257 1125061
6.35572 1125741
6.35888 1126421
6.36203 1127101
6.36518 1127781
6.36833 1128461
6.37148 1129141
6.37464 1129821
6.37779 1130501
6.38094 1131181
6.38409 1131861
6.38724 1132541
6.3904 1133221
6.39355 1133901
6.3967 1134581
6.39985 1135261
6.403 1135941
6.40616 1136621
6.40931 1137301
6.41246 1137981
6.41561 1138661
6.41876 1139341
6.42192 1140021
6.42507 1140701
6.42822 1141381
6.43137 1142061
6.43452 1142741
6.43767 1143421
6.44083 1144101
6.44398 1144781
6.44713 1145461
6.45028 1146141
6.45343 1146821
6.45659 1147501
6.45974 1148181
6.46289 1148861
6.46604 1149541
6.46919 1150221
6.47235 1150901
6.4755 1151581
6.47865 1152261
6.4818 1152941
6.48495 1153621
6.48811 1154301
6.49126 1154981
6.49441 1155661
6.49756 1156341
6.50071 1157021
6.50387 1157701
6.50702 1158381
6.51017 1159061
6.51332 1159741
6.51647 1160421
6.51963 1161101
6.52278 1161781
6.52593 1162461
6.52908 1163141
6.53223 1163821
6.53539 1164501
6.53854 1165181
6.54169 1165861
6.54484 1166541
6.54799 1167221
6.55115 1167901
6.5543 1168581
6.55745 1169261
6.5606 1169941
6.56375 1170621
6.56691 1171301
6.57006 1171981
6.57321 1172661
6.57636 1173341
6.57951 1174021
6.58267 1174701
6.58582 1175381
6.58897 1176061
6.59212 1176741
6.59527 1177421
6.59843 1178101
6.60158 1178781
6.60473 1179461
6.60788 1180141
6.61103 1180821
6.61419 1181501
6.61734 1182181
6.62049 1182861
6.62364 1183541
6.62679 1184221
6.62995 1184901
6.6331 1185581
6.63625 1186261
6.6394 1186941
6.64255 1187621
6.64571 1188301
6.64886 1188981
6.65201 1189661
6.65516 1190341
6.65831 1191021
6.66147 1191701
6.66462 1192381
6.66777 1193061
6.67092 1193741
6.67407 1194421
6.67723 1195101
6.68038 1195781
6.68353 1196461
6.68668 1197141
6.68983 1197821
6.69299 1198501
6.69614 1199181
6.69929 1199861
6.70244 1200541
6.70559 1201221
6.70875 1201901
6.7119 1202581
6.71505 1203261
6.7182 1203941
6.72135 1204621
6.72451 1205301
6.72766 1205981
6.73081 1206661
6.73396 1207341
6.73711 1208021
6.74027 1208701
6.74342 1209381
6.74657 1210061
6.74972 1210741
6.75287 1211421
6.75603 1212101
6.75918 1212781
6.76233 1213461
6.76548 1214141
6.76863 1214821
6.77179 1215501
6.77494 1216181
6.77809 1216861
6.78124 1217541
6.78439 1218221
6.78755 1218901
6.7907 1219581
6.79385 1220261
6.797 1220941
6.80015 1221621
6.80331 1222301
6.80646 1222981
6.80961 1223661
6.81276 1224341
6.81591 1225021
6.81907 1225701
6.82222 1226381
6.82537 1227061
6.82852 1227741
6.83167 1228421
6.83483 1229101
6.83798 1229781
6.84113 1230461
6.84428 1231141
6.84743 1231821
6.85059 1232501
6.85374 1233181
6.85689 1233861
6.86004 1234541
6.86319 1235221
6.86635 1235901
6.8695 1236581
6.87265 1237261
6.8758 1237941
6.87895 1238621
6.88211 1239301
6.88526 1239981
6.88841 1240661
6.89156 1241341
6.89471 1242021
6.89787 1242701
6.90102 1243381
6.90417 1244061
6.90732 1244741
6.91047 1245421
6.91363 1246101
6.91678 1246781
6.91993 1247461
6.92308 1248141
6.92623 1248821
6.92939 1249501
6.93254 1250181
6.93569 1250861
6.93884 1251541
6.94199 1252221
6.94515 1252901
6.9483 1253581
6.95145 1254261
6.9546 1254941
6.95775 1255621
6.96091 1256301
6.96406 1256981
6.96721 1257661
6.97036 1258341
6.97351 1259021
6.97667 1259701
6.97982 1260381
6.98297 1261061
6.98612 1261741
6.98927 1262421
6.99243 1263101
6.99558 1263781
6.99873 1264461
7.00188 1265141
7.00503 1265821
7.00819 1266501
7.01134 1267181
7.01449 1267861
7.01764 1268541
7.02079 1269221
7.02395 1269901
7.0271 1270581
7.03025 1271261
7.0334 1271941
7.03655 1272621
7.03971 1273301
7.04286 1273981
7.04601 1274661
7.04916 1275341
7.05231 1276021
7.05547 1276701
7.05862 1277381
7.06177 1278061
7.06492 1278741
7.06807 1279421
7.07123 1280101
7.07438 1280781
7.07753 1281461
7.08068 1282141
7.08383 1282821
7.08699 1283501
7.09014 1284181
7.09329 1284861
7.09644 1285541
7.09959 1286221
7.10275 1286901
7.1059 1287581
7.10905 1288261
7.1122 1288941
7.11535 1289621
7.11851 1290301
7.12166 1290981
7.12481 1291661
7.12796 1292341
7.13111 1293021
7.13427 1293701
7.13742 1294381
7.14057 1295061
7.14372 1295741
7.14687 1296421
7.15003 1297101
7.15318 1297781
7.15633 1298461
7.15948 1299141
7.16263 1299821
7.16579 1300501
7.16894 1301181
7.17209 1301861
7.17524 1302541
7.17839 1303221
7.18155 1303901
7.1847 1304581
7.18785 1305261
7.191 1305941
7.19415 1306621
7.19731 1307301
7.20046 1307981
7.20361 1308661
7.20676 1309341
7.20991 1310021
7.21307 1310701
7.21622 1311381
7.21937 1312061
7.22252 1312741
7.22567 1313421
7.22883 1314101
7.23198 1314781
7.23513 1315461
7.23828 1316141
7.24143 1316821
7.24459 1317501
7.24774 1318181
7.25089 1318861
7.25404 1319541
7.25719 1320221
7.26035 1320901
7.2635 1321581
7.26665 1322261
7.2698 1322941
7.27295 1323621
7.27611 1324301
7.27926 1324981
7.28241 1325661
7.28556 1326341
7.28871 1327021
7.29187 1327701
7.29502 1328381
7.29817 1329061
7.30132 1329741
7.30447 1330421
7.30763 1331101
7.31078 1331781
7.31393 1332461
7.31708 1333141
7.32023 1333821
7.32339 1334501
7.32654 1335181
7.32969 1335861
7.33284 1336541
7.33599 1337221
7.33915 1337901
7.3423 1338581
7.34545 1339261
7.3486 1339941
7.35175 1340621
7.35491 1341301
7.35806 1341981
7.36121 1342661
7.36436 1343341
7.36751 1344021
7.37067 1344701
7.37382 1345381
7.37697 1346061
7.38012 1346741
7.38327 1347421
7.38643 1348101
7.38958 1348781
7.39273 1349461
7.39588 1350141
7.39903 1350821
7.40219 1351501
7.40534 1352181
7.40849 1352861
7.41164 1353541
7.41479 1354221
7.41795 1354901
7.4211 1355581
7.42425 1356261
7.4274 1356941
7.43055 1357621
7.43371 1358301
7.43686 1358981
7.44001 1359661
7.44316 1360341
7.44631 1361021
7.44947 1361701
7.45262 1362381
7.45577 1363061
7.45892 1363741
7.46207 1364421
7.46523 1365101
7.46838 1365781
7.47153 1366461
7.47468 1367141
7.47783 1367821
7.48099 1368501
7.48414 1369181
7.48729 1369861
7.49044 1370541
7.49359 1371221
7.49675 1371901
7.4999 1372581
7.50305 1373261
7.5062 1373941
7.50935 1374621
7.51251 1375301
7.51566 1375981
7.51881 1376661
7.52196 1377341
7.52511 1378021
7.52827 1378701
7.53142 1379381
7.53457 1380061
7.53772 1380741
7.54087 1381421
7.54403 1382101
7.54718 1382781
7.55033 1383461
7.55348 1384141
7.55663 1384821
7.55979 1385501
7.56294 1386181
7.56609 1386861
7.56924 1387541
7.57239 1388221
7.57555 1388901
7.5787 1389581
7.58185 1390261
7.585 1390941
7.58815 1391621
7.59131 1392301
7.59446 1392981
7.59761 1393661
7.60076 1394341
7.60391 1395021
7.60707 1395701
7.61022 1396381
7.61337 1397061
7.61652 1397741
7.61967 1398421
7.62283 1399101
7.62598 1399781
7.62913 1400461
7.63228 1401141
7.63543 1401821
7.63859 1402501
7.64174 1403181
7.64489 1403861
7.64804 1404541
7.65119 1405221
7.65435 1405901
7.6575 1406581
7.66065 1407261
7.6638 1407941
7.66695 1408621
7.67011 1409301
7.67326 1409981
7.67641 1410661
7.67956 1411341
7.68271 1412021
7.68587 1412701
7.68902 1413381
7.69217 1414061
7.69532 1414741
7.69847 1415421
7.70163 1416101
7.70478 1416781
7.70793 1417461
7.71108 1418141
7.71423 1418821
7.71739 1419501
7.72054 1420181
7.72369 1420861
7.72684 1421541
7.72999 1422221
7.73315 1422901
7.7363 1423581
7.73945 1424261
7.7426 1424941
7.74575 1425621
7.74891 1426301
7.75206 1426981
7.75521 1427661
7.75836 1428341
7.76151 1429021
7.76467 1429701
7.76782 1430381
7.77097 1431061
7.77412 1431741
7.77727 1432421
7.78043 1433101
7.78358 1433781
7.78673 1434461
7.78988 1435141
7.79303 1435821
7.79619 1436501
7.79934 1437181
7.80249 1437861
7.80564 1438541
7.80879 1439221
7.81195 1439901
7.8151 1440581
7.81825 1441261
7.8214 1441941
7.82455 1442621
7.82771 1443301
7.83086 1443981
7.83401 1444661
7.83716 1445341
7.84031 1446021
7.84347 1446701
7.84662 1447381
7.84977 1448061
7.85292 1448741
7.85607 1449421
7.85923 1450101
7.86238 1450781
7.86553 1451461
7.86868 1452141
7.87183 1452821
7.87499 1453501
7.87814 1454181
7.88129 1454861
7.88444 1455541
7.88759 1456221
7.89075 1456901
7.8939 1457581
7.89705 1458261
7.9002 1458941
7.90335 1459621
7.90651 1460301
7.90966 1460981
7.91281 1461661
7.91596 1462341
7.91911 1463021
7.92227 1463701
7.92542 1464381
7.92857 1465061
7.93172 1465741
7.93487 1466421
7.93803 1467101
7.94118 1467781
7.94433 1468461
7.94748 1469141
7.95063 1469821
7.95379 1470501
7.95694 1471181
7.96009 1471861
7.96324 1472541
7.96639 1473221
7.96955 1473901
7.9727 1474581
7.97585 1475261
7.979 1475941
7.98215 1476621
7.98531 1477301
7.98846 1477981
7.99161 1478661
7.99476 1479341
7.99791 1480021
8.00107 1480701
8.00422 1481381
8.00737 1482061
8.01052 1482741
8.01367 1483421
8.01683 1484101
8.01998 1484781
8.02313 1485461
8.02628 1486141
8.02943 1486821
8.03259 1487501
8.03574 1488181
8.03889 1488861
8.04204 1489541
8.04519 1490221
8.04835 1490901
8.0515 1491581
8.05465 1492261
8.0578 1492941
8.06095 1493621
8.06411 1494301
8.06726 1494981
8.07041 1495661
8.07356 1496341
8.07671 1497021
8.07987 1497701
8.08302 1498381
8.08617 1499061
8.08932 1499741
8.09247 1500421
8.09563 1501101
8.09878 1501781
8.10193 1502461
8.10508 1503141
8.10823 1503821
8.11139 1504501
8.11454 1505181
8.11769 1505861
8.12084 1506541
8.12399 1507221
8.12715 1507901
8.1303 1508581
8.13345 1509261
8.1366 1509941
8.13975 1510621
8.14291 1511301
8.14606 1511981
8.14921 1512661
8.15236 1513341
8.15551 1514021
8.15867 1514701
8.16182 1515381
8.16497 1516061
8.16812 1516741
8.17127 1517421
8.17443 1518101
8.17758 1518781
8.18073 1519461
8.18388 1520141
8.18703 1520821
8.19019 1521501
8.19334 1522181
8.19649 1522861
8.19964 1523541
8.20279 1524221
8.20595 1524901
8.2091 1525581
8.21225 1526261
8.2154 1526941
8.21855 1527621
8.22171 1528301
8.22486 1528981
8.22801 1529661
8.23116 1530341
8.23431 1531021
8.23747 1531701
8.24062 1532381
8.24377 1533061
8.24692 1533741
8.25007 1534421
8.25323 1535101
8.25638 1535781
8.25953 1536461
8.26268 1537141
8.26583 1537821
8.26899 1538501
8.27214 1539181
8.27529 1539861
8.27844 1540541
8.28159 1541221
8.28475 1541901
8.2879 1542581
8.29105 1543261
8.2942 1543941
8.29735 1544621
8.30051 1545301
8.30366 1545981
8.30681 1546661
8.30996 1547341
8.31311 1548021
8.31627 1548701
8.31942 1549381
8.32257 1550061
8.32572 1550741
8.32887 1551421
8.33203 1552101
8.33518 1552781
8.33833 1553461
8.34148 1554141
8.34463 1554821
8.34779 1555501
8.35094 1556181
8.35409 1556861
8.35724 1557541
8.36039 1558221
8.36355 1558901
8.3667 1559581
8.36985 1560261
8.373 1560941
8.37615 1561621
8.37931 1562301
8.38246 1562981
8.38561 1563661
8.38876 1564341
8.39191 1565021
8.39507 1565701
8.39822 1566381
8.40137 1567061
8.40452 1567741
8.40767 1568421
8.41083 1569101
8.41398 1569781
8.41713 1570461
8.42028 1571141
8.42343 1571821
8.42659 1572501
8.42974 1573181
8.43289 1573861
8.43604 1574541
8.43919 1575221
8.44235 1575901
8.4455 1576581
8.44865 1577261
8.4518 1577941
8.45495 1578621
8.45811 1579301
8.46126 1579981
8.46441 1580661
8.46756 1581341
8.47071 1582021
8.47387 1582701
8.47702 1583381
8.48017 1584061
8.48332 1584741
8.48647 1585421
8.48963 1586101
8.49278 1586781
8.49593 1587461
8.49908 1588141
8.50223 1588821
8.50539 1589501
8.50854 1590181
8.51169 1590861
8.51484 1591541
8.51799 1592221
8.52115 1592901
8.5243 1593581
8.52745 1594261
8.5306 1594941
8.53375 1595621
8.53691 1596301
8.54006 1596981
8.54321 1597661
8.54636 1598341
8.54951 1599021
8.55267 1599701
8.55582 1600381
8.55897 1601061
8.56212 1601741
8.56527 1602421
8.56843 1603101
8.57158 1603781
8.57473 1604461
8.57788 1605141
8.58103 1605821
8.58419 1606501
8.58734 1607181
8.59049 1607861
8.59364 1608541
8.59679 1609221
8.59995 1609901
8.6031 1610581
8.60625 1611261
8.6094 1611941
8.61255 1612621
8.61571 1613301
8.61886 1613981
8.62201 1614661
8.62516 1615341
8.62831 1616021
8.63147 1616701
8.63462 1617381
8.63777 1618061
8.64092 1618741
8.64407 1619421
8.64723 1620101
8.65038 1620781
8.65353 1621461
8.65668 1622141
8.65983 1622821
8.66299 1623501
8.66614 1624181
8.66929 1624861
8.67244 1625541
8.67559 1626221
8.67875 1626901
8.6819 1627581
8.68505 1628261
8.6882 1628941
8.69135 1629621
8.69451 1630301
8.69766 1630981
8.70081 1631661
8.70396 1632341
8.70711 1633021
8.71027 1633701
8.71342 1634381
8.71657 1635061
8.71972 1635741
8.72287 1636421
8.72603 1637101
8.72918 1637781
8.73233 1638461
8.73548 1639141
8.73863 1639821
8.74179 1640501
8.74494 1641181
8.74809 1641861
8.75124 1642541
8.75439 1643221
8.75755 1643901
8.7607 1644581
8.76385 1645261
8.767 1645941
8.77015 1646621
8.77331 1647301
8.77646 1647981
8.77961 1648661
8.78276 1649341
8.78591 1650021
8.78907 1650701
8.79222 1651381
8.79537 1652061
8.79852 1652741
8.80167 1653421
8.80483 1654101
8.80798 1654781
8.81113 1655461
8.81428 1656141
8.81743 1656821
8.82059 1657501
8.82374 1658181
8.82689 1658861
8.83004 1659541
8.83319 1660221
8.83635 1660901
8.8395 1661581
8.84265 1662261
8.8458 1662941
8.84895 1663621
8.85211 1664301
8.85526 1664981
8.85841 1665661
8.86156 1666341
8.86471 1667021
8.86787 1667701
8.87102 1668381
8.87417 1669061
8.87732 1669741
8.88047 1670421
8.88363 1671101
8.88678 1671781
8.88993 1672461
8.89308 1673141
8.89623 1673821
8.89939 1674501
8.90254 1675181
8.90569 1675861
8.90884 1676541
8.91199 1677221
8.91515 1677901
8.9183 1678581
8.92145 1679261
8.9246 1679941
8.92775 1680621
8.93091 1681301
8.93406 1681981
8.93721 1682661
8.94036 1683341
8.94351 1684021
8.94667 1684701
8.94982 1685381
8.95297 1686061
8.95612 1686741
8.95927 1687421
8.96243 1688101
8.96558 1688781
8.96873 1689461
8.97188 1690141
8.97503 1690821
8.97819 1691501
8.98134 1692181
8.98449 1692861
8.98764 1693541
8.99079 1694221
8.99395 1694901
8.9971 1695581
9.00025 1696261
9.0034 1696941
9.00655 1697621
9.00971 1698301
9.01286 1698981
9.01601 1699661
9.01916 1700341
9.02231 1701021
9.02547 1701701
9.02862 1702381
9.03177 1703061
9.03492 1703741
9.03807 1704421
9.04123 1705101
9.04438 1705781
9.04753 1706461
9.05068 1707141
9.05383 1707821
9.05699 1708501
9.06014 1709181
9.06329 1709861
9.06644 1710541
9.06959 1711221
9.07275 1711901
9.0759 1712581
9.07905 1713261
9.0822 1713941
9.08535 1714621
9.08851 1715301
9.09166 1715981
9.09481 1716661
9.09796 1717341
9.10111 1718021
9.10427 1718701
9.10742 1719381
9.11057 1720061
9.11372 1720741
9.11687 1721421
9.12003 1722101
9.12318 1722781
9.12633 1723461
9.12948 1724141
9.13263 1724821
9.13579 1725501
9.13894 1726181
9.14209 1726861
9.14524 1727541
9.14839 1728221
9.15155 1728901
9.1547 1729581
9.15785 1730261
9.161 1730941
9.16415 1731621
9.16731 1732301
9.17046 1732981
9.17361 1733661
9.17676 1734341
9.17991 1735021
9.18307 1735701
9.18622 1736381
9.18937 1737061
9.19252 1737741
9.19567 1738421
9.19883 1739101
9.20198 1739781
9.20513 1740461
9.20828 1741141
9.21143 1741821
9.21459 1742501
9.21774 1743181
9.22089 1743861
9.22404 1744541
9.22719 1745221
9.23035 1745901
9.2335 1746581
9.23665 1747261
9.2398 1747941
9.24295 1748621
9.24611 1749301
9.24926 1749981
9.25241 1750661
9.25556 1751341
9.25871 1752021
9.26187 1752701
9.26502 1753381
9.26817 1754061
9.27132 1754741
9.27447 1755421
9.27763 1756101
9.28078 1756781
9.28393 1757461
9.28708 1758141
9.29023 1758821
9.29339 1759501
9.29654 1760181
9.29969 1760861
9.30284 1761541
9.30599 1762221
9.30915 1762901
9.3123 1763581
9.31545 1764261
9.3186 1764941
9.32175 1765621
9.32491 1766301
9.32806 1766981
9.33121 1767661
9.33436 1768341
9.33751 1769021
9.34067 1769701
9.34382 1770381
9.34697 1771061
9.35012 1771741
9.35327 1772421
9.35643 1773101
9.35958 1773781
9.36273 1774461
9.36588 1775141
9.36903 1775821
9.37219 1776501
9.37534 1777181
9.37849 1777861
9.38164 1778541
9.38479 1779221
9.38795 1779901
9.3911 1780581
9.39425 1781261
9.3974 1781941
9.40055 1782621
9.40371 1783301
9.40686 1783981
9.41001 1784661
9.41316 1785341
9.41631 1786021
9.41947 1786701
9.42262 1787381
9.42577 1788061
9.42892 1788741
9.43207 1789421
9.43523 1790101
9.43838 1790781
9.44153 1791461
9.44468 1792141
9.44783 1792821
9.45099 1793501
9.45414 1794181
9.45729 1794861
9.46044 1795541
9.46359 1796221
9.46675 1796901
9.4699 1797581
9.47305 1798261
9.4762 1798941
9.47935 1799621
9.48251 1800301
9.48566 1800981
9.48881 1801661
9.49196 1802341
9.49511 1803021
9.49827 1803701
9.50142 1804381
9.50457 1805061
9.50772 1805741
9.51087 1806421
9.51403 1807101
9.51718 1807781
9.52033 1808461
9.52348 1809141
9.52663 1809821
9.52979 1810501
9.53294 1811181
9.53609 1811861
9.53924 1812541
9.54239 1813221
9.54555 1813901
9.5487 1814581
9.55185 1815261
9.555 1815941
9.55815 1816621
9.56131 1817301
9.56446 1817981
9.56761 1818661
9.57076 1819341
9.57391 1820021
9.57706 1820701
9.58022 1821381
9.58337 1822061
9.58652 1822741
9.58967 1823421
9.59282 1824101
9.59598 1824781
9.59913 1825461
9.60228 1826141
9.60543 1826821
9.60858 1827501
9.61174 1828181
9.61489 1828861
9.61804 1829541
9.62119 1830221
9.62434 1830901
9.6275 1831581
9.63065 1832261
9.6338 1832941
9.63695 1833621
9.6401 1834301
9.64326 1834981
9.64641 1835661
9.64956 1836341
9.65271 1837021
9.65586 1837701
9.65902 1838381
9.66217 1839061
9.66532 1839741
9.66847 1840421
9.67162 1841101
9.67478 1841781
9.67793 1842461
9.68108 1843141
9.68423 1843821
9.68738 1844501
9.69054 1845181
9.69369 1845861
9.69684 1846541
9.69999 1847221
9.70314 1847901
9.7063 1848581
9.70945 1849261
9.7126 1849941
9.71575 1850621
9.7189 1851301
9.72206 1851981
9.72521 1852661
9.72836 1853341
9.73151 1854021
9.73466 1854701
9.73782 1855381
9.74097 1856061
9.74412 1856741
9.74727 1857421
9.75042 1858101
9.75358 1858781
9.75673 1859461
9.75988 1860141
9.76303 1860821
9.76618 1861501
9.76934 1862181
9.77249 1862861
9.77564 1863541
9.77879 1864221
9.78194 1864901
9.7851 1865581
9.78825 1866261
9.7914 1866941
9.79455 1867621
9.7977 1868301
9.80086 1868981
9.80401 1869661
9.80716 1870341
9.81031 1871021
9.81346 1871701
9.81662 1872381
9.81977 1873061
9.82292 1873741
9.82607 1874421
9.82922 1875101
9.83238 1875781
9.83553 1876461
9.83868 1877141
9.84183 1877821
9.84498 1878501
9.84814 1879181
9.85129 1879861
9.85444 1880541
9.85759 1881221
9.86074 1881901
9.8639 1882581
9.86705 1883261
9.8702 1883941
9.87335 1884621
9.8765 1885301
9.87966 1885981
9.88281 1886661
9.88596 1887341
9.88911 1888021
9.89226 1888701
9.89542 1889381
9.89857 1890061
9.90172 1890741
9.90487 1891421
9.90802 1892101
9.91118 1892781
9.91433 1893461
9.91748 1894141
9.92063 1894821
9.92378 1895501
9.92694 1896181
9.93009 1896861
9.93324 1897541
9.93639 1898221
9.93954 1898901
9.9427 1899581
9.94585 1900261
9.949 1900941
9.95215 1901621
9.9553 1902301
9.95846 1902981
9.96161 1903661
9.96476 1904341
9.96791 1905021
9.97106 1905701
9.97422 1906381
9.97737 1907061
9.98052 1907741
9.98367 1908421
9.98682 1909101
9.98998 1909781
9.99313 1910461
9.99628 1911141
9.99943 1911821
10.0026 1912501
10.0057 1913181
10.0089 1913861
10.012 1914541
10.0152 1915221
10.0183 1915901
10.0215 1916581
10.0246 1917261
10.0278 1917941
10.031 1918621
10.0341 1919301
10.0373 1919981
10.0404 1920661
10.0436 1921341
10.0467 1922021
10.0499 1922701
10.053 1923381
10.0562 1924061
10.0593 1924741
10.0625 1925421
10.0656 1926101
10.0688 1926781
10.0719 1927461
10.0751 1928141
10.0782 1928821
10.0814 1929501
10.0845 1930181
10.0877 1930861
10.0908 1931541
10.094 1932221
10.0971 1932901
10.1003 1933581
10.1034 1934261
10.1066 1934941
10.1098 1935621
10.1129 1936301
10.1161 1936981
10.1192 1937661
10.1224 1938341
10.1255 1939021
10.1287 1939701
10.1318 1940381
10.135 1941061
10.1381 1941741
10.1413 1942421
10.1444 1943101
10.1476 1943781
10.1507 1944461
10.1539 1945141
10.157 1945821
10.1602 1946501
10.1633 1947181
10.1665 1947861
10.1696 1948541
10.1728 1949221
10.1759 1949901
10.1791 1950581
10.1822 1951261
10.1854 1951941
10.1886 1952621
10.1917 1953301
10.1949 1953981
10.198 1954661
10.2012 1955341
10.2043 1956021
10.2075 1956701
10.2106 1957381
10.2138 1958061
10.2169 1958741
10.2201 1959421
10.2232 1960101
10.2264 1960781
10.2295 1961461
10.2327 1962141
10.2358 1962821
10.239 1963501
10.2421 1964181
10.2453 1964861
10.2484 1965541
10.2516 1966221
10.2547 1966901
10.2579 1967581
10.261 1968261
10.2642 1968941
10.2674 1969621
10.2705 1970301
10.2737 1970981
10.2768 1971661
10.28 1972341
10.2831 1973021
10.2863 1973701
10.2894 1974381
10.2926 1975061
10.2957 1975741
10.2989 1976421
10.302 1977101
10.3052 1977781
10.3083 1978461
10.3115 1979141
10.3146 1979821
10.3178 1980501
10.3209 1981181
10.3241 1981861
10.3272 1982541
10.3304 1983221
10.3335 1983901
10.3367 1984581
10.3398 1985261
10.343 1985941
10.3462 1986621
10.3493 1987301
10.3525 1987981
10.3556 1988661
10.3588 1989341
10.3619 1990021
10.3651 1990701
10.3682 1991381
10.3714 1992061
10.3745 1992741
10.3777 1993421
10.3808 1994101
10.384 1994781
10.3871 1995461
10.3903 1996141
10.3934 1996821
10.3966 1997501
10.3997 1998181
10.4029 1998861
10.406 1999541
10.4092 2000221
10.4123 2000901
10.4155 2001581
10.4186 2002261
10.4218 2002941
10.425 2003621
10.4281 2004301
10.4313 2004981
10.4344 2005661
10.4376 2006341
10.4407 2007021
10.4439 2007701
10.447 2008381
10.4502 2009061
10.4533 2009741
10.4565 2010421
10.4596 2011101
10.4628 2011781
10.4659 2012461
10.4691 2013141
10.4722 2013821
10.4754 2014501
10.4785 2015181
10.4817 2015861
10.4848 2016541
10.488 2017221
10.4911 2017901
10.4943 2018581
10.4974 2019261
10.5006 2019941
10.5038 2020621
10.5069 2021301
10.5101 2021981
10.5132 2022661
10.5164 2023341
10.5195 2024021
10.5227 2024701
10.5258 2025381
10.529 2026061
10.5321 2026741
10.5353 2027421
10.5384 2028101
10.5416 2028781
10.5447 2029461
10.5479 2030141
10.551 2030821
10.5542 2031501
10.5573 2032181
10.5605 2032861
10.5636 2033541
10.5668 2034221
10.5699 2034901
10.5731 2035581
10.5762 2036261
10.5794 2036941
10.5826 2037621
10.5857 2038301
10.5889 2038981
10.592 2039661
10.5952 2040341
10.5983 2041021
10.6015 2041701
10.6046 2042381
10.6078 2043061
10.6109 2043741
10.6141 2044421
10.6172 2045101
10.6204 2045781
10.6235 2046461
10.6267 2047141
10.6298 2047821
10.633 2048501
10.6361 2049181
10.6393 2049861
10.6424 2050541
10.6456 2051221
10.6487 2051901
10.6519 2052581
10.655 2053261
10.6582 2053941
10.6614 2054621
10.6645 2055301
10.6677 2055981
10.6708 2056661
10.674 2057341
10.6771 2058021
10.6803 2058701
10.6834 2059381
10.6866 2060061
10.6897 2060741
10.6929 2061421
10.696 2062101
10.6992 2062781
10.7023 2063461
10.7055 2064141
10.7086 2064821
10.7118 2065501
10.7149 2066181
10.7181 2066861
10.7212 2067541
10.7244 2068221
10.7275 2068901
10.7307 2069581
10.7338 2070261
10.737 2070941
10.7402 2071621
10.7433 2072301
10.7465 2072981
10.7496 2073661
10.7528 2074341
10.7559 2075021
10.7591 2075701
10.7622 2076381
10.7654 2077061
10.7685 2077741
10.7717 2078421
10.7748 2079101
10.778 2079781
10.7811 2080461
10.7843 2081141
10.7874 2081821
10.7906 2082501
10.7937 2083181
10.7969 2083861
10.8 2084541
10.8032 2085221
10.8063 2085901
10.8095 2086581
10.8126 2087261
10.8158 2087941
10.819 2088621
10.8221 2089301
10.8253 2089981
10.8284 2090661
10.8316 2091341
10.8347 2092021
10.8379 2092701
10.841 2093381
10.8442 2094061
10.8473 2094741
10.8505 2095421
10.8536 2096101
10.8568 2096781
10.8599 2097461
10.8631 2098141
10.8662 2098821
10.8694 2099501
10.8725 2100181
10.8757 2100861
10.8788 2101541
10.882 2102221
10.8851 2102901
10.8883 2103581
10.8914 2104261
10.8946 2104941
10.8978 2105621
10.9009 2106301
10.9041 2106981
10.9072 2107661
10.9104 2108341
10.9135 2109021
10.9167 2109701
10.9198 2110381
10.923 2111061
10.9261 2111741
10.9293 2112421
10.9324 2113101
10.9356 2113781
10.9387 2114461
10.9419 2115141
10.945 2115821
10.9482 2116501
10.9513 2117181
10.9545 2117861
10.9576 2118541
10.9608 2119221
10.9639 2119901
10.9671 2120581
10.9702 2121261
10.9734 2121941
10.9766 2122621
10.9797 2123301
10.9829 2123981
10.986 2124661
10.9892 2125341
10.9923 2126021
10.9955 2126701
10.9986 2127381
11.0018 2128061
11.0049 2128741
11.0081 2129421
11.0112 2130101
11.0144 2130781
11.0175 2131461
11.0207 2132141
11.0238 2132821
11.027 2133501
11.0301 2134181
11.0333 2134861
11.0364 2135541
11.0396 2136221
11.0427 2136901
11.0459 2137581
11.049 2138261
11.0522 2138941
11.0554 2139621
11.0585 2140301
11.0617 2140981
11.0648 2141661
11.068 2142341
11.0711 2143021
11.0743 2143701
11.0774 2144381
11.0806 2145061
11.0837 2145741
11.0869 2146421
11.09 2147101
11.0932 2147781
11.0963 2148461
11.0995 2149141
11.1026 2149821
11.1058 2150501
11.1089 2151181
11.1121 2151861
11.1152 2152541
11.1184 2153221
11.1215 2153901
11.1247 2154581
11.1278 2155261
11.131 2155941
11.1342 2156621
11.1373 2157301
11.1405 2157981
11.1436 2158661
11.1468 2159341
11.1499 2160021
11.1531 2160701
11.1562 2161381
11.1594 2162061
11.1625 2162741
11.1657 2163421
11.1688 2164101
11.172 2164781
11.1751 2165461
11.1783 2166141
11.1814 2166821
11.1846 2167501
11.1877 2168181
11.1909 2168861
11.194 2169541
11.1972 2170221
11.2003 2170901
11.2035 2171581
11.2066 2172261
11.2098 2172941
11.213 2173621
11.2161 2174301
11.2193 2174981
11.2224 2175661
11.2256 2176341
11.2287 2177021
11.2319 2177701
11.235 2178381
11.2382 2179061
11.2413 2179741
11.2445 2180421
11.2476 2181101
11.2508 2181781
11.2539 2182461
11.2571 2183141
11.2602 2183821
11.2634 2184501
11.2665 2185181
11.2697 2185861
11.2728 2186541
11.276 2187221
11.2791 2187901
11.2823 2188581
11.2854 2189261
11.2886 2189941
11.2918 2190621
11.2949 2191301
11.2981 2191981
11.3012 2192661
11.3044 2193341
11.3075 2194021
11.3107 2194701
11.3138 2195381
11.317 2196061
11.3201 2196741
11.3233 2197421
11.3264 2198101
11.3296 2198781
11.3327 2199461
11.3359 2200141
11.339 2200821
11.3422 2201501
11.3453 2202181
11.3485 2202861
11.3516 2203541
11.3548 2204221
11.3579 2204901
11.3611 2205581
11.3642 2206261
11.3674 2206941
11.3706 2207621
11.3737 2208301
11.3769 2208981
11.38 2209661
11.3832 2210341
11.3863 2211021
11.3895 2211701
11.3926 2212381
11.3958 2213061
11.3989 2213741
11.4021 2214421
11.4052 2215101
11.4084 2215781
11.4115 2216461
11.4147 2217141
11.4178 2217821
11.421 2218501
11.4241 2219181
11.4273 2219861
11.4304 2220541
11.4336 2221221
11.4367 2221901
11.4399 2222581
11.443 2223261
11.4462 2223941
11.4494 2224621
11.4525 2225301
11.4557 2225981
11.4588 2226661
11.462 2227341
11.4651 2228021
11.4683 2228701
11.4714 2229381
11.4746 2230061
11.4777 2230741
11.4809 2231421
11.484 2232101
11.4872 2232781
11.4903 2233461
11.4935 2234141
11.4966 2234821
11.4998 2235501
11.5029 2236181
11.5061 2236861
11.5092 2237541
11.5124 2238221
11.5155 2238901
11.5187 2239581
11.5218 2240261
11.525 2240941
11.5282 2241621
11.5313 2242301
11.5345 2242981
11.5376 2243661
11.5408 2244341
11.5439 2245021
11.5471 2245701
11.5502 2246381
11.5534 2247061
11.5565 2247741
11.5597 2248421
11.5628 2249101
11.566 2249781
11.5691 2250461
11.5723 2251141
11.5754 2251821
11.5786 2252501
11.5817 2253181
11.5849 2253861
11.588 2254541
11.5912 2255221
11.5943 2255901
11.5975 2256581
11.6006 2257261
11.6038 2257941
11.607 2258621
11.6101 2259301
11.6133 2259981
11.6164 2260661
11.6196 2261341
11.6227 2262021
11.6259 2262701
11.629 2263381
11.6322 2264061
11.6353 2264741
11.6385 2265421
11.6416 2266101
11.6448 2266781
11.6479 2267461
11.6511 2268141
11.6542 2268821
11.6574 2269501
11.6605 2270181
11.6637 2270861
11.6668 2271541
11.67 2272221
11.6731 2272901
11.6763 2273581
11.6794 2274261
11.6826 2274941
11.6858 2275621
11.6889 2276301
11.6921 2276981
11.6952 2277661
11.6984 2278341
11.7015 2279021
11.7047 2279701
11.7078 2280381
11.711 2281061
11.7141 2281741
11.7173 2282421
11.7204 2283101
11.7236 2283781
11.7267 2284461
11.7299 2285141
11.733 2285821
11.7362 2286501
11.7393 2287181
11.7425 2287861
11.7456 2288541
11.7488 2289221
11.7519 2289901
11.7551 2290581
11.7582 2291261
11.7614 2291941
11.7646 2292621
11.7677 2293301
11.7709 2293981
11.774 2294661
11.7772 2295341
11.7803 2296021
11.7835 2296701
11.7866 2297381
11.7898 2298061
11.7929 2298741
11.7961 2299421
11.7992 2300101
11.8024 2300781
11.8055 2301461
11.8087 2302141
11.8118 2302821
11.815 2303501
11.8181 2304181
11.8213 2304861
11.8244 2305541
11.8276 2306221
11.8307 2306901
11.8339 2307581
11.837 2308261
11.8402 2308941
11.8434 2309621
11.8465 2310301
11.8497 2310981
11.8528 2311661
11.856 2312341
11.8591 2313021
11.8623 2313701
11.8654 2314381
11.8686 2315061
11.8717 2315741
11.8749 2316421
11.878 2317101
11.8812 2317781
11.8843 2318461
11.8875 2319141
11.8906 2319821
11.8938 2320501
11.8969 2321181
11.9001 2321861
11.9032 2322541
11.9064 2323221
11.9095 2323901
11.9127 2324581
11.9158 2325261
11.919 2325941
11.9222 2326621
11.9253 2327301
11.9285 2327981
11.9316 2328661
11.9348 2329341
11.9379 2330021
11.9411 2330701
11.9442 2331381
11.9474 2332061
11.9505 2332741
11.9537 2333421
11.9568 2334101
11.96 2334781
11.9631 2335461
11.9663 2336141
11.9694 2336821
11.9726 2337501
11.9757 2338181
11.9789 2338861
11.982 2339541
11.9852 2340221
11.9883 2340901
11.9915 2341581
11.9946 2342261
11.9978 2342941
12.001 2343621
12.0041 2344301
12.0073 2344981
12.0104 2345661
12.0136 2346341
12.0167 2347021
12.0199 2347701
12.023 2348381
12.0262 2349061
12.0293 2349741
12.0325 2350421
12.0356 2351101
12.0388 2351781
12.0419 2352461
12.0451 2353141
12.0482 2353821
12.0514 2354501
12.0545 2355181
12.0577 2355861
12.0608 2356541
12.064 2357221
12.0671 2357901
12.0703 2358581
12.0734 2359261
12.0766 2359941
12.0798 2360621
12.0829 2361301
12.0861 2361981
12.0892 2362661
12.0924 2363341
12.0955 2364021
12.0987 2364701
12.1018 2365381
12.105 2366061
12.1081 2366741
12.1113 2367421
12.1144 2368101
12.1176 2368781
12.1207 2369461
12.1239 2370141
12.127 2370821
12.1302 2371501
12.1333 2372181
12.1365 2372861
12.1396 2373541
12.1428 2374221
12.1459 2374901
12.1491 2375581
12.1522 2376261
12.1554 2376941
12.1586 2377621
12.1617 2378301
12.1649 2378981
12.168 2379661
12.1712 2380341
12.1743 2381021
12.1775 2381701
12.1806 2382381
12.1838 2383061
12.1869 2383741
12.1901 2384421
12.1932 2385101
12.1964 2385781
12.1995 2386461
12.2027 2387141
12.2058 2387821
12.209 2388501
12.2121 2389181
12.2153 2389861
12.2184 2390541
12.2216 2391221
12.2247 2391901
12.2279 2392581
12.231 2393261
12.2342 2393941
12.2374 2394621
12.2405 2395301
12.2437 2395981
12.2468 2396661
12.25 2397341
12.2531 2398021
12.2563 2398701
12.2594 2399381
12.2626 2400061
12.2657 2400741
12.2689 2401421
12.272 2402101
12.2752 2402781
12.2783 2403461
12.2815 2404141
12.2846 2404821
12.2878 2405501
12.2909 2406181
12.2941 2406861
12.2972 2407541
12.3004 2408221
12.3035 2408901
12.3067 2409581
12.3098 2410261
12.313 2410941
12.3162 2411621
12.3193 2412301
12.3225 2412981
12.3256 2413661
12.3288 2414341
12.3319 2415021
12.3351 2415701
12.3382 2416381
12.3414 2417061
12.3445 2417741
12.3477 2418421
12.3508 2419101
12.354 2419781
12.3571 2420461
12.3603 2421141
12.3634 2421821
12.3666 2422501
12.3697 2423181
12.3729 2423861
12.376 2424541
12.3792 2425221
12.3823 2425901
12.3855 2426581
12.3886 2427261
12.3918 2427941
12.395 2428621
12.3981 2429301
12.4013 2429981
12.4044 2430661
12.4076 2431341
12.4107 2432021
12.4139 2432701
12.417 2433381
12.4202 2434061
12.4233 2434741
12.4265 2435421
12.4296 2436101
12.4328 2436781
12.4359 2437461
12.4391 2438141
12.4422 2438821
12.4454 2439501
12.4485 2440181
12.4517 2440861
12.4548 2441541
12.458 2442221
12.4611 2442901
12.4643 2443581
12.4674 2444261
12.4706 2444941
12.4738 2445621
12.4769 2446301
12.4801 2446981
12.4832 2447661
12.4864 2448341
12.4895 2449021
12.4927 2449701
12.4958 2450381
12.499 2451061
12.5021 2451741
12.5053 2452421
12.5084 2453101
12.5116 2453781
12.5147 2454461
12.5179 2455141
12.521 2455821
12.5242 2456501
12.5273 2457181
12.5305 2457861
12.5336 2458541
12.5368 2459221
12.5399 2459901
12.5431 2460581
12.5462 2461261
12.5494 2461941
12.5526 2462621
12.5557 2463301
12.5589 2463981
12.562 2464661
12.5652 2465341
12.5683 2466021
12.5715 2466701
12.5746 2467381
12.5778 2468061
12.5809 2468741
12.5841 2469421
12.5872 2470101
12.5904 2470781
12.5935 2471461
12.5967 2472141
12.5998 2472821
12.603 2473501
12.6061 2474181
12.6093 2474861
12.6124 2475541
12.6156 2476221
12.6187 2476901
12.6219 2477581
12.625 2478261
12.6282 2478941
12.6314 2479621
12.6345 2480301
12.6377 2480981
12.6408 2481661
12.644 2482341
12.6471 2483021
12.6503 2483701
12.6534 2484381
12.6566 2485061
12.6597 2485741
12.6629 2486421
12.666 2487101
12.6692 2487781
12.6723 2488461
12.6755 2489141
12.6786 2489821
12.6818 2490501
12.6849 2491181
12.6881 2491861
12.6912 2492541
12.6944 2493221
12.6975 2493901
12.7007 2494581
12.7038 2495261
12.707 2495941
12.7102 2496621
12.7133 2497301
12.7165 2497981
12.7196 2498661
12.7228 2499341
12.7259 2500021
12.7291 2500701
12.7322 2501381
12.7354 2502061
12.7385 2502741
12.7417 2503421
12.7448 2504101
12.748 2504781
12.7511 2505461
12.7543 2506141
12.7574 2506821
12.7606 2507501
12.7637 2508181
12.7669 2508861
12.77 2509541
12.7732 2510221
12.7763 2510901
12.7795 2511581
12.7826 2512261
12.7858 2512941
12.789 2513621
12.7921 2514301
12.7953 2514981
12.7984 2515661
12.8016 2516341
12.8047 2517021
12.8079 2517701
12.811 2518381
12.8142 2519061
12.8173 2519741
12.8205 2520421
12.8236 2521101
12.8268 2521781
12.8299 2522461
12.8331 2523141
12.8362 2523821
12.8394 2524501
12.8425 2525181
12.8457 2525861
12.8488 2526541
12.852 2527221
12.8551 2527901
12.8583 2528581
12.8614 2529261
12.8646 2529941
12.8678 2530621
12.8709 2531301
12.8741 2531981
12.8772 2532661
12.8804 2533341
12.8835 2534021
12.8867 2534701
12.8898 2535381
12.893 2536061
12.8961 2536741
12.8993 2537421
12.9024 2538101
12.9056 2538781
12.9087 2539461
12.9119 2540141
12.915 2540821
12.9182 2541501
12.9213 2542181
12.9245 2542861
12.9276 2543541
12.9308 2544221
12.9339 2544901
12.9371 2545581
12.9402 2546261
12.9434 2546941
12.9466 2547621
12.9497 2548301
12.9529 2548981
12.956 2549661
12.9592 2550341
12.9623 2551021
12.9655 2551701
12.9686 2552381
12.9718 2553061
12.9749 2553741
12.9781 2554421
12.9812 2555101
12.9844 2555781
12.9875 2556461
12.9907 2557141
12.9938 2557821
12.997 2558501
13.0001 2559181
13.0033 2559861
13.0064 2560541
13.0096 2561221
13.0127 2561901
13.0159 2562581
13.019 2563261
13.0222 2563941
13.0254 2564621
13.0285 2565301
13.0317 2565981
13.0348 2566661
13.038 2567341
13.0411 2568021
13.0443 2568701
13.0474 2569381
13.0506 2570061
13.0537 2570741
13.0569 2571421
13.06 2572101
13.0632 2572781
13.0663 2573461
13.0695 2574141
13.0726 2574821
13.0758 2575501
13.0789 2576181
13.0821 2576861
13.0852 2577541
13.0884 2578221
13.0915 2578901
13.0947 2579581
13.0978 2580261
13.101 2580941
13.1042 2581621
13.1073 2582301
13.1105 2582981
13.1136 2583661
13.1168 2584341
13.1199 2585021
13.1231 2585701
13.1262 2586381
13.1294 2587061
13.1325 2587741
13.1357 2588421
13.1388 2589101
13.142 2589781
13.1451 2590461
13.1483 2591141
13.1514 2591821
13.1546 2592501
13.1577 2593181
13.1609 2593861
13.164 2594541
13.1672 2595221
13.1703 2595901
13.1735 2596581
13.1766 2597261
13.1798 2597941
13.183 2598621
13.1861 2599301
13.1893 2599981
13.1924 2600661
13.1956 2601341
13.1987 2602021
13.2019 2602701
13.205 2603381
13.2082 2604061
13.2113 2604741
13.2145 2605421
13.2176 2606101
13.2208 2606781
13.2239 2607461
13.2271 2608141
13.2302 2608821
13.2334 2609501
13.2365 2610181
13.2397 2610861
13.2428 2611541
13.246 2612221
13.2491 2612901
13.2523 2613581
13.2554 2614261
13.2586 2614941
13.2618 2615621
13.2649 2616301
13.2681 2616981
13.2712 2617661
13.2744 2618341
13.2775 2619021
13.2807 2619701
13.2838 2620381
13.287 2621061
13.2901 2621741
13.2933 2622421
13.2964 2623101
13.2996 2623781
13.3027 2624461
13.3059 2625141
13.309 2625821
13.3122 2626501
13.3153 2627181
13.3185 2627861
13.3216 2628541
13.3248 2629221
13.3279 2629901
13.3311 2630581
13.3342 2631261
13.3374 2631941
13.3406 2632621
13.3437 2633301
13.3469 2633981
13.35 2634661
13.3532 2635341
13.3563 2636021
13.3595 2636701
13.3626 2637381
13.3658 2638061
13.3689 2638741
13.3721 2639421
13.3752 2640101
13.3784 2640781
13.3815 2641461
13.3847 2642141
13.3878 2642821
13.391 2643501
13.3941 2644181
13.3973 2644861
13.4004 2645541
13.4036 2646221
13.4067 2646901
13.4099 2647581
13.413 2648261
13.4162 2648941
13.4194 2649621
13.4225 2650301
13.4257 2650981
13.4288 2651661
13.432 2652341
13.4351 2653021
13.4383 2653701
13.4414 2654381
13.4446 2655061
13.4477 2655741
13.4509 2656421
13.454 2657101
13.4572 2657781
13.4603 2658461
13.4635 2659141
13.4666 2659821
13.4698 2660501
13.4729 2661181
13.4761 2661861
13.4792 2662541
13.4824 2663221
13.4855 2663901
13.4887 2664581
13.4918 2665261
13.495 2665941
13.4982 2666621
13.5013 2667301
13.5045 2667981
13.5076 2668661
13.5108 2669341
13.5139 2670021
13.5171 2670701
13.5202 2671381
13.5234 2672061
13.5265 2672741
13.5297 2673421
13.5328 2674101
13.536 2674781
13.5391 2675461
13.5423 2676141
13.5454 2676821
13.5486 2677501
13.5517 2678181
13.5549 2678861
13.558 2679541
13.5612 2680221
13.5643 2680901
13.5675 2681581
13.5706 2682261
13.5738 2682941
13.577 2683621
13.5801 2684301
13.5833 2684981
13.5864 2685661
13.5896 2686341
13.5927 2687021
13.5959 2687701
13.599 2688381
13.6022 2689061
13.6053 2689741
13.6085 2690421
13.6116 2691101
13.6148 2691781
13.6179 2692461
13.6211 2693141
13.6242 2693821
13.6274 2694501
13.6305 2695181
13.6337 2695861
13.6368 2696541
13.64 2697221
13.6431 2697901
13.6463 2698581
13.6494 2699261
13.6526 2699941
13.6558 2700621
13.6589 2701301
13.6621 2701981
13.6652 2702661
13.6684 2703341
13.6715 2704021
13.6747 2704701
13.6778 2705381
13.681 2706061
13.6841 2706741
13.6873 2707421
13.6904 2708101
13.6936 2708781
13.6967 2709461
13.6999 2710141
13.703 2710821
13.7062 2711501
13.7093 2712181
13.7125 2712861
13.7156 2713541
13.7188 2714221
13.7219 2714901
13.7251 2715581
13.7282 2716261
13.7314 2716941
13.7346 2717621
13.7377 2718301
13.7409 2718981
13.744 2719661
13.7472 2720341
13.7503 2721021
13.7535 2721701
13.7566 2722381
13.7598 2723061
13.7629 2723741
13.7661 2724421
13.7692 2725101
13.7724 2725781
13.7755 2726461
13.7787 2727141
13.7818 2727821
13.785 2728501
13.7881 2729181
13.7913 2729861
13.7944 2730541
13.7976 2731221
13.8007 2731901
13.8039 2732581
13.807 2733261
13.8102 2733941
13.8134 2734621
13.8165 2735301
13.8197 2735981
13.8228 2736661
13.826 2737341
13.8291 2738021
13.8323 2738701
13.8354 2739381
13.8386 2740061
13.8417 2740741
13.8449 2741421
13.848 2742101
13.8512 2742781
13.8543 2743461
13.8575 2744141
13.8606 2744821
13.8638 2745501
13.8669 2746181
13.8701 2746861
13.8732 2747541
13.8764 2748221
13.8795 2748901
13.8827 2749581
13.8858 2750261
13.889 2750941
13.8922 2751621
13.8953 2752301
13.8985 2752981
13.9016 2753661
13.9048 2754341
13.9079 2755021
13.9111 2755701
13.9142 2756381
13.9174 2757061
13.9205 2757741
13.9237 2758421
13.9268 2759101
13.93 2759781
13.9331 2760461
13.9363 2761141
13.9394 2761821
13.9426 2762501
13.9457 2763181
13.9489 2763861
13.952 2764541
13.9552 2765221
13.9583 2765901
13.9615 2766581
13.9646 2767261
13.9678 2767941
13.971 2768621
13.9741 2769301
13.9773 2769981
13.9804 2770661
13.9836 2771341
13.9867 2772021
13.9899 2772701
13.993 2773381
13.9962 2774061
13.9993 2774741
14.0025 2775421
14.0056 2776101
14.0088 2776781
14.0119 2777461
14.0151 2778141
14.0182 2778821
14.0214 2779501
14.0245 2780181
14.0277 2780861
14.0308 2781541
14.034 2782221
14.0371 2782901
14.0403 2783581
14.0434 2784261
14.0466 2784941
14.0498 2785621
14.0529 2786301
14.0561 2786981
14.0592 2787661
14.0624 2788341
14.0655 2789021
14.0687 2789701
14.0718 2790381
14.075 2791061
14.0781 2791741
14.0813 2792421
14.0844 2793101
14.0876 2793781
14.0907 2794461
14.0939 2795141
14.097 2795821
14.1002 2796501
14.1033 2797181
14.1065 2797861
14.1096 2798541
14.1128 2799221
14.1159 2799901
14.1191 2800581
14.1222 2801261
14.1254 2801941
14.1286 2802621
14.1317 2803301
14.1349 2803981
14.138 2804661
14.1412 2805341
14.1443 2806021
14.1475 2806701
14.1506 2807381
14.1538 2808061
14.1569 2808741
14.1601 2809421
14.1632 2810101
14.1664 2810781
14.1695 2811461
14.1727 2812141
14.1758 2812821
14.179 2813501
14.1821 2814181
14.1853 2814861
14.1884 2815541
14.1916 2816221
14.1947 2816901
14.1979 2817581
14.201 2818261
14.2042 2818941
14.2074 2819621
14.2105 2820301
14.2137 2820981
14.2168 2821661
14.22 2822341
14.2231 2823021
14.2263 2823701
14.2294 2824381
14.2326 2825061
14.2357 2825741
14.2389 2826421
14.242 2827101
14.2452 2827781
14.2483 2828461
14.2515 2829141
14.2546 2829821
14.2578 2830501
14.2609 2831181
14.2641 2831861
14.2672 2832541
14.2704 2833221
14.2735 2833901
14.2767 2834581
14.2798 2835261
14.283 2835941
14.2862 2836621
14.2893 2837301
14.2925 2837981
14.2956 2838661
14.2988 2839341
14.3019 2840021
14.3051 2840701
14.3082 2841381
14.3114 2842061
14.3145 2842741
14.3177 2843421
14.3208 2844101
14.324 2844781
14.3271 2845461
14.3303 2846141
14.3334 2846821
14.3366 2847501
14.3397 2848181
14.3429 2848861
14.346 2849541
14.3492 2850221
14.3523 2850901
14.3555 2851581
14.3586 2852261
14.3618 2852941
14.3649 2853621
14.3681 2854301
14.3713 2854981
14.3744 2855661
14.3776 2856341
14.3807 2857021
14.3839 2857701
14.387 2858381
14.3902 2859061
14.3933 2859741
14.3965 2860421
14.3996 2861101
14.4028 2861781
14.4059 2862461
14.4091 2863141
14.4122 2863821
14.4154 2864501
14.4185 2865181
14.4217 2865861
14.4248 2866541
14.428 2867221
14.4311 2867901
14.4343 2868581
14.4374 2869261
14.4406 2869941
14.4437 2870621
14.4469 2871301
14.4501 2871981
14.4532 2872661
14.4564 2873341
14.4595 2874021
14.4627 2874701
14.4658 2875381
14.469 2876061
14.4721 2876741
14.4753 2877421
14.4784 2878101
14.4816 2878781
14.4847 2879461
14.4879 2880141
14.491 2880821
14.4942 2881501
14.4973 2882181
14.5005 2882861
14.5036 2883541
14.5068 2884221
14.5099 2884901
14.5131 2885581
14.5162 2886261
14.5194 2886941
14.5225 2887621
14.5257 2888301
14.5289 2888981
14.532 2889661
14.5352 2890341
14.5383 2891021
14.5415 2891701
14.5446 2892381
14.5478 2893061
14.5509 2893741
14.5541 2894421
14.5572 2895101
14.5604 2895781
14.5635 2896461
14.5667 2897141
14.5698 2897821
14.573 2898501
14.5761 2899181
14.5793 2899861
14.5824 2900541
14.5856 2901221
14.5887 2901901
14.5919 2902581
14.595 2903261
14.5982 2903941
14.6013 2904621
14.6045 2905301
14.6077 2905981
14.6108 2906661
14.614 2907341
14.6171 2908021
14.6203 2908701
14.6234 2909381
14.6266 2910061
14.6297 2910741
14.6329 2911421
14.636 2912101
14.6392 2912781
14.6423 2913461
14.6455 2914141
14.6486 2914821
14.6518 2915501
14.6549 2916181
14.6581 2916861
14.6612 2917541
14.6644 2918221
14.6675 2918901
14.6707 2919581
14.6738 2920261
14.677 2920941
14.6801 2921621
14.6833 2922301
14.6865 2922981
14.6896 2923661
14.6928 2924341
14.6959 2925021
14.6991 2925701
14.7022 2926381
14.7054 2927061
14.7085 2927741
14.7117 2928421
14.7148 2929101
14.718 2929781
14.7211 2930461
14.7243 2931141
14.7274 2931821
14.7306 2932501
14.7337 2933181
14.7369 2933861
14.74 2934541
14.7432 2935221
14.7463 2935901
14.7495 2936581
14.7526 2937261
14.7558 2937941
14.7589 2938621
14.7621 2939301
14.7653 2939981
14.7684 2940661
14.7716 2941341
14.7747 2942021
14.7779 2942701
14.781 2943381
14.7842 2944061
14.7873 2944741
14.7905 2945421
14.7936 2946101
14.7968 2946781
14.7999 2947461
14.8031 2948141
14.8062 2948821
14.8094 2949501
14.8125 2950181
14.8157 2950861
14.8188 2951541
14.822 2952221
14.8251 2952901
14.8283 2953581
14.8314 2954261
14.8346 2954941
14.8377 2955621
14.8409 2956301
14.8441 2956981
14.8472 2957661
14.8504 2958341
14.8535 2959021
14.8567 2959701
14.8598 2960381
14.863 2961061
14.8661 2961741
14.8693 2962421
14.8724 2963101
14.8756 2963781
14.8787 2964461
14.8819 2965141
14.885 2965821
14.8882 2966501
14.8913 2967181
14.8945 2967861
14.8976 2968541
14.9008 2969221
14.9039 2969901
14.9071 2970581
14.9102 2971261
14.9134 2971941
14.9165 2972621
14.9197 2973301
14.9229 2973981
14.926 2974661
14.9292 2975341
14.9323 2976021
14.9355 2976701
14.9386 2977381
14.9418 2978061
14.9449 2978741
14.9481 2979421
14.9512 2980101
14.9544 2980781
14.9575 2981461
14.9607 2982141
14.9638 2982821
14.967 2983501
14.9701 2984181
14.9733 2984861
14.9764 2985541
14.9796 2986221
14.9827 2986901
14.9859 2987581
14.989 2988261
14.9922 2988941
14.9953 2989621
14.9985 2990301
15.0017 2990981
15.0048 2991661
15.008 2992341
15.0111 2993021
15.0143 2993701
15.0174 2994381
15.0206 2995061
15.0237 2995741
15.0269 2996421
15.03 2997101
15.0332 2997781
15.0363 2998461
15.0395 2999141
15.0426 2999821
15.0458 3000501
15.0489 3001181
15.0521 3001861
15.0552 3002541
15.0584 3003221
15.0615 3003901
15.0647 3004581
15.0678 3005261
15.071 3005941
15.0741 3006621
15.0773 3007301
15.0805 3007981
15.0836 3008661
15.0868 3009341
15.0899 3010021
15.0931 3010701
15.0962 3011381
15.0994 3012061
15.1025 3012741
15.1057 3013421
15.1088 3014101
15.112 3014781
15.1151 3015461
15.1183 3016141
15.1214 3016821
15.1246 3017501
15.1277 3018181
15.1309 3018861
15.134 3019541
15.1372 3020221
15.1403 3020901
15.1435 3021581
15.1466 3022261
15.1498 3022941
15.1529 3023621
15.1561 3024301
15.1593 3024981
15.1624 3025661
15.1656 3026341
15.1687 3027021
15.1719 3027701
15.175 3028381
15.1782 3029061
15.1813 3029741
15.1845 3030421
15.1876 3031101
15.1908 3031781
15.1939 3032461
15.1971 3033141
15.2002 3033821
15.2034 3034501
15.2065 3035181
15.2097 3035861
15.2128 3036541
15.216 3037221
15.2191 3037901
15.2223 3038581
15.2254 3039261
15.2286 3039941
15.2317 3040621
15.2349 3041301
15.2381 3041981
15.2412 3042661
15.2444 3043341
15.2475 3044021
15.2507 3044701
15.2538 3045381
15.257 3046061
15.2601 3046741
15.2633 3047421
15.2664 3048101
15.2696 3048781
15.2727 3049461
15.2759 3050141
15.279 3050821
15.2822 3051501
15.2853 3052181
15.2885 3052861
15.2916 3053541
15.2948 3054221
15.2979 3054901
15.3011 3055581
15.3042 3056261
15.3074 3056941
15.3105 3057621
15.3137 3058301
15.3169 3058981
15.32 3059661
15.3232 3060341
15.3263 3061021
15.3295 3061701
15.3326 3062381
15.3358 3063061
15.3389 3063741
15.3421 3064421
15.3452 3065101
15.3484 3065781
15.3515 3066461
15.3547 3067141
15.3578 3067821
15.361 3068501
15.3641 3069181
15.3673 3069861
15.3704 3070541
15.3736 3071221
15.3767 3071901
15.3799 3072581
15.383 3073261
15.3862 3073941
15.3893 3074621
15.3925 3075301
15.3957 3075981
15.3988 3076661
15.402 3077341
15.4051 3078021
15.4083 3078701
15.4114 3079381
15.4146 3080061
15.4177 3080741
15.4209 3081421
15.424 3082101
15.4272 3082781
15.4303 3083461
15.4335 3084141
15.4366 3084821
15.4398 3085501
15.4429 3086181
15.4461 3086861
15.4492 3087541
15.4524 3088221
15.4555 3088901
15.4587 3089581
15.4618 3090261
15.465 3090941
15.4681 3091621
15.4713 3092301
15.4745 3092981
15.4776 3093661
15.4808 3094341
15.4839 3095021
15.4871 3095701
15.4902 3096381
15.4934 3097061
15.4965 3097741
15.4997 3098421
15.5028 3099101
15.506 3099781
15.5091 3100461
15.5123 3101141
15.5154 3101821
15.5186 3102501
15.5217 3103181
15.5249 3103861
15.528 3104541
15.5312 3105221
15.5343 3105901
15.5375 3106581
15.5406 3107261
15.5438 3107941
15.5469 3108621
15.5501 3109301
15.5533 3109981
15.5564 3110661
15.5596 3111341
15.5627 3112021
15.5659 3112701
15.569 3113381
15.5722 3114061
15.5753 3114741
15.5785 3115421
15.5816 3116101
15.5848 3116781
15.5879 3117461
15.5911 3118141
15.5942 3118821
15.5974 3119501
15.6005 3120181
15.6037 3120861
15.6068 3121541
15.61 3122221
15.6131 3122901
15.6163 3123581
15.6194 3124261
15.6226 3124941
15.6257 3125621
15.6289 3126301
15.6321 3126981
15.6352 3127661
15.6384 3128341
15.6415 3129021
15.6447 3129701
15.6478 3130381
15.651 3131061
15.6541 3131741
15.6573 3132421
15.6604 3133101
15.6636 3133781
15.6667 3134461
15.6699 3135141
15.673 3135821
15.6762 3136501
15.6793 3137181
15.6825 3137861
15.6856 3138541
15.6888 3139221
15.6919 3139901
15.6951 3140581
15.6982 3141261
15.7014 3141941
15.7045 3142621
15.7077 3143301
15.7109 3143981
15.714 3144661
15.7172 3145341
15.7203 3146021
15.7235 3146701
15.7266 3147381
15.7298 3148061
15.7329 3148741
15.7361 3149421
15.7392 3150101
15.7424 3150781
15.7455 3151461
15.7487 3152141
15.7518 3152821
15.755 3153501
15.7581 3154181
15.7613 3154861
15.7644 3155541
15.7676 3156221
15.7707 3156901
15.7739 3157581
15.777 3158261
15.7802 3158941
15.7833 3159621
15.7865 3160301
15.7897 3160981
15.7928 3161661
15.796 3162341
15.7991 3163021
15.8023 3163701
15.8054 3164381
15.8086 3165061
15.8117 3165741
15.8149 3166421
15.818 3167101
15.8212 3167781
15.8243 3168461
15.8275 3169141
15.8306 3169821
15.8338 3170501
15.8369 3171181
15.8401 3171861
15.8432 3172541
15.8464 3173221
15.8495 3173901
15.8527 3174581
15.8558 3175261
15.859 3175941
15.8621 3176621
15.8653 3177301
15.8685 3177981
15.8716 3178661
15.8748 3179341
15.8779 3180021
15.8811 3180701
15.8842 3181381
15.8874 3182061
15.8905 3182741
15.8937 3183421
15.8968 3184101
15.9 3184781
15.9031 3185461
15.9063 3186141
15.9094 3186821
15.9126 3187501
15.9157 3188181
15.9189 3188861
15.922 3189541
15.9252 3190221
15.9283 3190901
15.9315 3191581
15.9346 3192261
15.9378 3192941
15.9409 3193621
15.9441 3194301
15.9473 3194981
15.9504 3195661
15.9536 3196341
15.9567 3197021
15.9599 3197701
15.963 3198381
15.9662 3199061
15.9693 3199741
15.9725 3200421
15.9756 3201101
15.9788 3201781
15.9819 3202461
15.9851 3203141
15.9882 3203821
15.9914 3204501
15.9945 3205181
15.9977 3205861
16.0008 3206541
16.004 3207221
16.0071 3207901
16.0103 3208581
16.0134 3209261
16.0166 3209941
16.0197 3210621
16.0229 3211301
16.0261 3211981
16.0292 3212661
16.0324 3213341
16.0355 3214021
16.0387 3214701
16.0418 3215381
16.045 3216061
16.0481 3216741
16.0513 3217421
16.0544 3218101
16.0576 3218781
16.0607 3219461
16.0639 3220141
16.067 3220821
16.0702 3221501
16.0733 3222181
16.0765 3222861
16.0796 3223541
16.0828 3224221
16.0859 3224901
16.0891 3225581
16.0922 3226261
16.0954 3226941
16.0985 3227621
16.1017 3228301
16.1049 3228981
16.108 3229661
16.1112 3230341
16.1143 3231021
16.1175 3231701
16.1206 3232381
16.1238 3233061
16.1269 3233741
16.1301 3234421
16.1332 3235101
16.1364 3235781
16.1395 3236461
16.1427 3237141
16.1458 3237821
16.149 3238501
16.1521 3239181
16.1553 3239861
16.1584 3240541
16.1616 3241221
16.1647 3241901
16.1679 3242581
16.171 3243261
16.1742 3243941
16.1773 3244621
16.1805 3245301
16.1837 3245981
16.1868 3246661
16.19 3247341
16.1931 3248021
16.1963 3248701
16.1994 3249381
16.2026 3250061
16.2057 3250741
16.2089 3251421
16.212 3252101
16.2152 3252781
16.2183 3253461
16.2215 3254141
16.2246 3254821
16.2278 3255501
16.2309 3256181
16.2341 3256861
16.2372 3257541
16.2404 3258221
16.2435 3258901
16.2467 3259581
16.2498 3260261
16.253 3260941
16.2561 3261621
16.2593 3262301
16.2625 3262981
16.2656 3263661
16.2688 3264341
16.2719 3265021
16.2751 3265701
16.2782 3266381
16.2814 3267061
16.2845 3267741
16.2877 3268421
16.2908 3269101
16.294 3269781
16.2971 3270461
16.3003 3271141
16.3034 3271821
16.3066 3272501
16.3097 3273181
16.3129 3273861
16.316 3274541
16.3192 3275221
16.3223 3275901
16.3255 3276581
16.3286 3277261
16.3318 3277941
16.3349 3278621
16.3381 3279301
16.3413 3279981
16.3444 3280661
16.3476 3281341
16.3507 3282021
16.3539 3282701
16.357 3283381
16.3602 3284061
16.3633 3284741
16.3665 3285421
16.3696 3286101
16.3728 3286781
16.3759 3287461
16.3791 3288141
16.3822 3288821
16.3854 3289501
16.3885 3290181
16.3917 3290861
16.3948 3291541
16.398 3292221
16.4011 3292901
16.4043 3293581
16.4074 3294261
16.4106 3294941
16.4137 3295621
16.4169 3296301
16.4201 3296981
16.4232 3297661
16.4264 3298341
16.4295 3299021
16.4327 3299701
16.4358 3300381
16.439 3301061
16.4421 3301741
16.4453 3302421
16.4484 3303101
16.4516 3303781
16.4547 3304461
16.4579 3305141
16.461 3305821
16.4642 3306501
16.4673 3307181
16.4705 3307861
16.4736 3308541
16.4768 3309221
16.4799 3309901
16.4831 3310581
16.4862 3311261
16.4894 3311941
16.4925 3312621
16.4957 3313301
16.4989 3313981
16.502 3314661
16.5052 3315341
16.5083 3316021
16.5115 3316701
16.5146 3317381
16.5178 3318061
16.5209 3318741
16.5241 3319421
16.5272 3320101
16.5304 3320781
16.5335 3321461
16.5367 3322141
16.5398 3322821
16.543 3323501
16.5461 3324181
16.5493 3324861
16.5524 3325541
16.5556 3326221
16.5587 3326901
16.5619 3327581
16.565 3328261
16.5682 3328941
16.5713 3329621
16.5745 3330301
16.5777 3330981
16.5808 3331661
16.584 3332341
16.5871 3333021
16.5903 3333701
16.5934 3334381
16.5966 3335061
16.5997 3335741
16.6029 3336421
16.606 3337101
16.6092 3337781
16.6123 3338461
16.6155 3339141
16.6186 3339821
16.6218 3340501
16.6249 3341181
16.6281 3341861
16.6312 3342541
16.6344 3343221
16.6375 3343901
16.6407 3344581
16.6438 3345261
16.647 3345941
16.6501 3346621
16.6533 3347301
16.6565 3347981
16.6596 3348661
16.6628 3349341
16.6659 3350021
16.6691 3350701
16.6722 3351381
16.6754 3352061
16.6785 3352741
16.6817 3353421
16.6848 3354101
16.688 3354781
16.6911 3355461
16.6943 3356141
16.6974 3356821
16.7006 3357501
16.7037 3358181
16.7069 3358861
16.71 3359541
16.7132 3360221
16.7163 3360901
16.7195 3361581
16.7226 3362261
16.7258 3362941
16.7289 3363621
16.7321 3364301
16.7353 3364981
16.7384 3365661
16.7416 3366341
16.7447 3367021
16.7479 3367701
16.751 3368381
16.7542 3369061
16.7573 3369741
16.7605 3370421
16.7636 3371101
16.7668 3371781
16.7699 3372461
16.7731 3373141
16.7762 3373821
16.7794 3374501
16.7825 3375181
16.7857 3375861
16.7888 3376541
16.792 3377221
16.7951 3377901
16.7983 3378581
16.8014 3379261
16.8046 3379941
16.8077 3380621
16.8109 3381301
16.8141 3381981
16.8172 3382661
16.8204 3383341
16.8235 3384021
16.8267 3384701
16.8298 3385381
16.833 3386061
16.8361 3386741
16.8393 3387421
16.8424 3388101
16.8456 3388781
16.8487 3389461
16.8519 3390141
16.855 3390821
16.8582 3391501
16.8613 3392181
16.8645 3392861
16.8676 3393541
16.8708 3394221
16.8739 3394901
16.8771 3395581
16.8802 3396261
16.8834 3396941
16.8865 3397621
16.8897 3398301
16.8929 3398981
16.896 3399661
16.8992 3400341
16.9023 3401021
16.9055 3401701
16.9086 3402381
16.9118 3403061
16.9149 3403741
16.9181 3404421
16.9212 3405101
16.9244 3405781
16.9275 3406461
16.9307 3407141
16.9338 3407821
16.937 3408501
16.9401 3409181
16.9433 3409861
16.9464 3410541
16.9496 3411221
16.9527 3411901
16.9559 3412581
16.959 3413261
16.9622 3413941
16.9653 3414621
16.9685 3415301
16.9717 3415981
16.9748 3416661
16.978 3417341
16.9811 3418021
16.9843 3418701
16.9874 3419381
16.9906 3420061
16.9937 3420741
16.9969 3421421
17 3422101
17.0032 3422781
17.0063 3423461
17.0095 3424141
17.0126 3424821
17.0158 3425501
17.0189 3426181
17.0221 3426861
17.0252 3427541
17.0284 3428221
17.0315 3428901
17.0347 3429581
17.0378 3430261
17.041 3430941
17.0441 3431621
17.0473 3432301
17.0505 3432981
17.0536 3433661
17.0568 3434341
17.0599 3435021
17.0631 3435701
17.0662 3436381
17.0694 3437061
17.0725 3437741
17.0757 3438421
17.0788 3439101
17.082 3439781
17.0851 3440461
17.0883 3441141
17.0914 3441821
17.0946 3442501
17.0977 3443181
17.1009 3443861
17.104 3444541
17.1072 3445221
17.1103 3445901
17.1135 3446581
17.1166 3447261
17.1198 3447941
17.1229 3448621
17.1261 3449301
17.1293 3449981
17.1324 3450661
17.1356 3451341
17.1387 3452021
17.1419 3452701
17.145 3453381
17.1482 3454061
17.1513 3454741
17.1545 3455421
17.1576 3456101
17.1608 3456781
17.1639 3457461
17.1671 3458141
17.1702 3458821
17.1734 3459501
17.1765 3460181
17.1797 3460861
17.1828 3461541
17.186 3462221
17.1891 3462901
17.1923 3463581
17.1954 3464261
17.1986 3464941
17.2017 3465621
17.2049 3466301
17.2081 3466981
17.2112 3467661
17.2144 3468341
17.2175 3469021
17.2207 3469701
17.2238 3470381
17.227 3471061
17.2301 3471741
17.2333 3472421
17.2364 3473101
17.2396 3473781
17.2427 3474461
17.2459 3475141
17.249 3475821
17.2522 3476501
17.2553 3477181
17.2585 3477861
17.2616 3478541
17.2648 3479221
17.2679 3479901
17.2711 3480581
17.2742 3481261
17.2774 3481941
17.2805 3482621
17.2837 3483301
17.2869 3483981
17.29 3484661
17.2932 3485341
17.2963 3486021
17.2995 3486701
17.3026 3487381
17.3058 3488061
17.3089 3488741
17.3121 3489421
17.3152 3490101
17.3184 3490781
17.3215 3491461
17.3247 3492141
17.3278 3492821
17.331 3493501
17.3341 3494181
17.3373 3494861
17.3404 3495541
17.3436 3496221
17.3467 3496901
17.3499 3497581
17.353 3498261
17.3562 3498941
17.3593 3499621
17.3625 3500301
17.3657 3500981
17.3688 3501661
17.372 3502341
17.3751 3503021
17.3783 3503701
17.3814 3504381
17.3846 3505061
17.3877 3505741
17.3909 3506421
17.394 3507101
17.3972 3507781
17.4003 3508461
17.4035 3509141
17.4066 3509821
17.4098 3510501
17.4129 3511181
17.4161 3511861
17.4192 3512541
17.4224 3513221
17.4255 3513901
17.4287 3514581
17.4318 3515261
17.435 3515941
17.4381 3516621
17.4413 3517301
17.4445 3517981
17.4476 3518661
17.4508 3519341
17.4539 3520021
17.4571 3520701
17.4602 3521381
17.4634 3522061
17.4665 3522741
17.4697 3523421
17.4728 3524101
17.476 3524781
17.4791 3525461
17.4823 3526141
17.4854 3526821
17.4886 3527501
17.4917 3528181
17.4949 3528861
17.498 3529541
17.5012 3530221
17.5043 3530901
17.5075 3531581
17.5106 3532261
17.5138 3532941
17.5169 3533621
17.5201 3534301
17.5233 3534981
17.5264 3535661
17.5296 3536341
17.5327 3537021
17.5359 3537701
17.539 3538381
17.5422 3539061
17.5453 3539741
17.5485 3540421
17.5516 3541101
17.5548 3541781
17.5579 3542461
17.5611 3543141
17.5642 3543821
17.5674 3544501
17.5705 3545181
17.5737 3545861
17.5768 3546541
17.58 3547221
17.5831 3547901
17.5863 3548581
17.5894 3549261
17.5926 3549941
17.5957 3550621
17.5989 3551301
17.6021 3551981
17.6052 3552661
17.6084 3553341
17.6115 3554021
17.6147 3554701
17.6178 3555381
17.621 3556061
17.6241 3556741
17.6273 3557421
17.6304 3558101
17.6336 3558781
17.6367 3559461
17.6399 3560141
17.643 3560821
17.6462 3561501
17.6493 3562181
17.6525 3562861
17.6556 3563541
17.6588 3564221
17.6619 3564901
17.6651 3565581
17.6682 3566261
17.6714 3566941
17.6745 3567621
17.6777 3568301
17.6809 3568981
17.684 3569661
17.6872 3570341
17.6903 3571021
17.6935 3571701
17.6966 3572381
17.6998 3573061
17.7029 3573741
17.7061 3574421
17.7092 3575101
17.7124 3575781
17.7155 3576461
17.7187 3577141
17.7218 3577821
17.725 3578501
17.7281 3579181
17.7313 3579861
17.7344 3580541
17.7376 3581221
17.7407 3581901
17.7439 3582581
17.747 3583261
17.7502 3583941
17.7533 3584621
17.7565 3585301
17.7597 3585981
17.7628 3586661
17.766 3587341
17.7691 3588021
17.7723 3588701
17.7754 3589381
17.7786 3590061
17.7817 3590741
17.7849 3591421
17.788 3592101
17.7912 3592781
17.7943 3593461
17.7975 3594141
17.8006 3594821
17.8038 3595501
17.8069 3596181
17.8101 3596861
17.8132 3597541
17.8164 3598221
17.8195 3598901
17.8227 3599581
17.8258 3600261
17.829 3600941
17.8321 3601621
17.8353 3602301
17.8385 3602981
17.8416 3603661
17.8448 3604341
17.8479 3605021
17.8511 3605701
17.8542 3606381
17.8574 3607061
17.8605 3607741
17.8637 3608421
17.8668 3609101
17.87 3609781
17.8731 3610461
17.8763 3611141
17.8794 3611821
17.8826 3612501
17.8857 3613181
17.8889 3613861
17.892 3614541
17.8952 3615221
17.8983 3615901
17.9015 3616581
17.9046 3617261
17.9078 3617941
17.9109 3618621
17.9141 3619301
17.9173 3619981
17.9204 3620661
17.9236 3621341
17.9267 3622021
17.9299 3622701
17.933 3623381
17.9362 3624061
17.9393 3624741
17.9425 3625421
17.9456 3626101
17.9488 3626781
17.9519 3627461
17.9551 3628141
17.9582 3628821
17.9614 3629501
17.9645 3630181
17.9677 3630861
17.9708 3631541
17.974 3632221
17.9771 3632901
17.9803 3633581
17.9834 3634261
17.9866 3634941
17.9897 3635621
17.9929 3636301
17.9961 3636981
17.9992 3637661
18.0024 3638341
18.0055 3639021
18.0087 3639701
18.0118 3640381
18.015 3641061
18.0181 3641741
18.0213 3642421
18.0244 3643101
18.0276 3643781
18.0307 3644461
18.0339 3645141
18.037 3645821
18.0402 3646501
18.0433 3647181
18.0465 3647861
18.0496 3648541
18.0528 3649221
18.0559 3649901
18.0591 3650581
18.0622 3651261
18.0654 3651941
18.0685 3652621
18.0717 3653301
18.0749 3653981
18.078 3654661
18.0812 3655341
18.0843 3656021
18.0875 3656701
18.0906 3657381
18.0938 3658061
18.0969 3658741
18.1001 3659421
18.1032 3660101
18.1064 3660781
18.1095 3661461
18.1127 3662141
18.1158 3662821
18.119 3663501
18.1221 3664181
18.1253 3664861
18.1284 3665541
18.1316 3666221
18.1347 3666901
18.1379 3667581
18.141 3668261
18.1442 3668941
18.1473 3669621
18.1505 3670301
18.1537 3670981
18.1568 3671661
18.16 3672341
18.1631 3673021
18.1663 3673701
18.1694 3674381
18.1726 3675061
18.1757 3675741
18.1789 3676421
18.182 3677101
18.1852 3677781
18.1883 3678461
18.1915 3679141
18.1946 3679821
18.1978 3680501
18.2009 3681181
18.2041 3681861
18.2072 3682541
18.2104 3683221
18.2135 3683901
18.2167 3684581
18.2198 3685261
18.223 3685941
18.2261 3686621
18.2293 3687301
18.2325 3687981
18.2356 3688661
18.2388 3689341
18.2419 3690021
18.2451 3690701
18.2482 3691381
18.2514 3692061
18.2545 3692741
18.2577 3693421
18.2608 3694101
18.264 3694781
18.2671 3695461
18.2703 3696141
18.2734 3696821
18.2766 3697501
18.2797 3698181
18.2829 3698861
18.286 3699541
18.2892 3700221
18.2923 3700901
18.2955 3701581
18.2986 3702261
18.3018 3702941
18.3049 3703621
18.3081 3704301
18.3113 3704981
18.3144 3705661
18.3176 3706341
18.3207 3707021
18.3239 3707701
18.327 3708381
18.3302 3709061
18.3333 3709741
18.3365 3710421
18.3396 3711101
18.3428 3711781
18.3459 3712461
18.3491 3713141
18.3522 3713821
18.3554 3714501
18.3585 3715181
18.3617 3715861
18.3648 3716541
18.368 3717221
18.3711 3717901
18.3743 3718581
18.3774 3719261
18.3806 3719941
18.3837 3720621
18.3869 3721301
18.3901 3721981
18.3932 3722661
18.3964 3723341
18.3995 3724021
18.4027 3724701
18.4058 3725381
18.409 3726061
18.4121 3726741
18.4153 3727421
18.4184 3728101
18.4216 3728781
18.4247 3729461
18.4279 3730141
18.431 3730821
18.4342 3731501
18.4373 3732181
18.4405 3732861
18.4436 3733541
18.4468 3734221
18.4499 3734901
18.4531 3735581
18.4562 3736261
18.4594 3736941
18.4625 3737621
18.4657 3738301
18.4689 3738981
18.472 3739661
18.4752 3740341
18.4783 3741021
18.4815 3741701
18.4846 3742381
18.4878 3743061
18.4909 3743741
18.4941 3744421
18.4972 3745101
18.5004 3745781
18.5035 3746461
18.5067 3747141
18.5098 3747821
18.513 3748501
18.5161 3749181
18.5193 3749861
18.5224 3750541
18.5256 3751221
18.5287 3751901
18.5319 3752581
18.535 3753261
18.5382 3753941
18.5413 3754621
18.5445 3755301
18.5477 3755981
18.5508 3756661
18.554 3757341
18.5571 3758021
18.5603 3758701
18.5634 3759381
18.5666 3760061
18.5697 3760741
18.5729 3761421
18.576 3762101
18.5792 3762781
18.5823 3763461
18.5855 3764141
18.5886 3764821
18.5918 3765501
18.5949 3766181
18.5981 3766861
18.6012 3767541
18.6044 3768221
18.6075 3768901
18.6107 3769581
18.6138 3770261
18.617 3770941
18.6201 3771621
18.6233 3772301
18.6265 3772981
18.6296 3773661
18.6328 3774341
18.6359 3775021
18.6391 3775701
18.6422 3776381
18.6454 3777061
18.6485 3777741
18.6517 3778421
18.6548 3779101
18.658 3779781
18.6611 3780461
18.6643 3781141
18.6674 3781821
18.6706 3782501
18.6737 3783181
18.6769 3783861
18.68 3784541
18.6832 3785221
18.6863 3785901
18.6895 3786581
18.6926 3787261
18.6958 3787941
18.6989 3788621
18.7021 3789301
18.7053 3789981
18.7084 3790661
18.7116 3791341
18.7147 3792021
18.7179 3792701
18.721 3793381
18.7242 3794061
18.7273 3794741
18.7305 3795421
18.7336 3796101
18.7368 3796781
18.7399 3797461
18.7431 3798141
18.7462 3798821
18.7494 3799501
18.7525 3800181
18.7557 3800861
18.7588 3801541
18.762 3802221
18.7651 3802901
18.7683 3803581
18.7714 3804261
18.7746 3804941
18.7777 3805621
18.7809 3806301
18.7841 3806981
18.7872 3807661
18.7904 3808341
18.7935 3809021
18.7967 3809701
18.7998 3810381
18.803 3811061
18.8061 3811741
18.8093 3812421
18.8124 3813101
18.8156 3813781
18.8187 3814461
18.8219 3815141
18.825 3815821
18.8282 3816501
18.8313 3817181
18.8345 3817861
18.8376 3818541
18.8408 3819221
18.8439 3819901
18.8471 3820581
18.8502 3821261
18.8534 3821941
18.8565 3822621
18.8597 3823301
18.8629 3823981
18.866 3824661
18.8692 3825341
18.8723 3826021
18.8755 3826701
18.8786 3827381
18.8818 3828061
18.8849 3828741
18.8881 3829421
18.8912 3830101
18.8944 3830781
18.8975 3831461
18.9007 3832141
18.9038 3832821
18.907 3833501
18.9101 3834181
18.9133 3834861
18.9164 3835541
18.9196 3836221
18.9227 3836901
18.9259 3837581
18.929 3838261
18.9322 3838941
18.9353 3839621
18.9385 3840301
18.9417 3840981
18.9448 3841661
18.948 3842341
18.9511 3843021
18.9543 3843701
18.9574 3844381
18.9606 3845061
18.9637 3845741
18.9669 3846421
18.97 3847101
18.9732 3847781
18.9763 3848461
18.9795 3849141
18.9826 3849821
18.9858 3850501
18.9889 3851181
18.9921 3851861
18.9952 3852541
18.9984 3853221
19.0015 3853901
19.0047 3854581
19.0078 3855261
19.011 3855941
19.0141 3856621
19.0173 3857301
19.0205 3857981
19.0236 3858661
19.0268 3859341
19.0299 3860021
19.0331 3860701
19.0362 3861381
19.0394 3862061
19.0425 3862741
19.0457 3863421
19.0488 3864101
19.052 3864781
19.0551 3865461
19.0583 3866141
19.0614 3866821
19.0646 3867501
19.0677 3868181
19.0709 3868861
19.074 3869541
19.0772 3870221
19.0803 3870901
19.0835 3871581
19.0866 3872261
19.0898 3872941
19.0929 3873621
19.0961 3874301
19.0993 3874981
19.1024 3875661
19.1056 3876341
19.1087 3877021
19.1119 3877701
19.115 3878381
19.1182 3879061
19.1213 3879741
19.1245 3880421
19.1276 3881101
19.1308 3881781
19.1339 3882461
19.1371 3883141
19.1402 3883821
19.1434 3884501
19.1465 3885181
19.1497 3885861
19.1528 3886541
19.156 3887221
19.1591 3887901
19.1623 3888581
19.1654 3889261
19.1686 3889941
19.1717 3890621
19.1749 3891301
19.1781 3891981
19.1812 3892661
19.1844 3893341
19.1875 3894021
19.1907 3894701
19.1938 3895381
19.197 3896061
19.2001 3896741
19.2033 3897421
19.2064 3898101
19.2096 3898781
19.2127 3899461
19.2159 3900141
19.219 3900821
19.2222 3901501
19.2253 3902181
19.2285 3902861
19.2316 3903541
19.2348 3904221
19.2379 3904901
19.2411 3905581
19.2442 3906261
19.2474 3906941
19.2505 3907621
19.2537 3908301
19.2569 3908981
19.26 3909661
19.2632 3910341
19.2663 3911021
19.2695 3911701
19.2726 3912381
19.2758 3913061
19.2789 3913741
19.2821 3914421
19.2852 3915101
19.2884 3915781
19.2915 3916461
19.2947 3917141
19.2978 3917821
19.301 3918501
19.3041 3919181
19.3073 3919861
19.3104 3920541
19.3136 3921221
19.3167 3921901
19.3199 3922581
19.323 3923261
19.3262 3923941
19.3293 3924621
19.3325 3925301
19.3357 3925981
19.3388 3926661
19.342 3927341
19.3451 3928021
19.3483 3928701
19.3514 3929381
19.3546 3930061
19.3577 3930741
19.3609 3931421
19.364 3932101
19.3672 3932781
19.3703 3933461
19.3735 3934141
19.3766 3934821
19.3798 3935501
19.3829 3936181
19.3861 3936861
19.3892 3937541
19.3924 3938221
19.3955 3938901
19.3987 3939581
19.4018 3940261
19.405 3940941
19.4081 3941621
19.4113 3942301
19.4145 3942981
19.4176 3943661
19.4208 3944341
19.4239 3945021
19.4271 3945701
19.4302 3946381
19.4334 3947061
19.4365 3947741
19.4397 3948421
19.4428 3949101
19.446 3949781
19.4491 3950461
19.4523 3951141
19.4554 3951821
19.4586 3952501
19.4617 3953181
19.4649 3953861
19.468 3954541
19.4712 3955221
19.4743 3955901
19.4775 3956581
19.4806 3957261
19.4838 3957941
19.4869 3958621
19.4901 3959301
19.4933 3959981
19.4964 3960661
19.4996 3961341
19.5027 3962021
19.5059 3962701
19.509 3963381
19.5122 3964061
19.5153 3964741
19.5185 3965421
19.5216 3966101
19.5248 3966781
19.5279 3967461
19.5311 3968141
19.5342 3968821
19.5374 3969501
19.5405 3970181
19.5437 3970861
19.5468 3971541
19.55 3972221
19.5531 3972901
19.5563 3973581
19.5594 3974261
19.5626 3974941
19.5657 3975621
19.5689 3976301
19.5721 3976981
19.5752 3977661
19.5784 3978341
19.5815 3979021
19.5847 3979701
19.5878 3980381
19.591 3981061
19.5941 3981741
19.5973 3982421
19.6004 3983101
19.6036 3983781
19.6067 3984461
19.6099 3985141
19.613 3985821
19.6162 3986501
19.6193 3987181
19.6225 3987861
19.6256 3988541
19.6288 3989221
19.6319 3989901
19.6351 3990581
19.6382 3991261
19.6414 3991941
19.6445 3992621
19.6477 3993301
19.6509 3993981
19.654 3994661
19.6572 3995341
19.6603 3996021
19.6635 3996701
19.6666 3997381
19.6698 3998061
19.6729 3998741
19.6761 3999421
19.6792 4000101
19.6824 4000781
19.6855 4001461
19.6887 4002141
19.6918 4002821
19.695 4003501
19.6981 4004181
19.7013 4004861
19.7044 4005541
19.7076 4006221
19.7107 4006901
19.7139 4007581
19.717 4008261
19.7202 4008941
19.7233 4009621
19.7265 4010301
19.7297 4010981
19.7328 4011661
19.736 4012341
19.7391 4013021
19.7423 4013701
19.7454 4014381
19.7486 4015061
19.7517 4015741
19.7549 4016421
19.758 4017101
19.7612 4017781
19.7643 4018461
19.7675 4019141
19.7706 4019821
19.7738 4020501
19.7769 4021181
19.7801 4021861
19.7832 4022541
19.7864 4023221
19.7895 4023901
19.7927 4024581
19.7958 4025261
19.799 4025941
19.8021 4026621
19.8053 4027301
19.8085 4027981
19.8116 4028661
19.8148 4029341
19.8179 4030021
19.8211 4030701
19.8242 4031381
19.8274 4032061
19.8305 4032741
19.8337 4033421
19.8368 4034101
19.84 4034781
19.8431 4035461
19.8463 4036141
19.8494 4036821
19.8526 4037501
19.8557 4038181
19.8589 4038861
19.862 4039541
19.8652 4040221
19.8683 4040901
19.8715 4041581
19.8746 4042261
19.8778 4042941
19.8809 4043621
19.8841 4044301
19.8873 4044981
19.8904 4045661
19.8936 4046341
19.8967 4047021
19.8999 4047701
19.903 4048381
19.9062 4049061
19.9093 4049741
19.9125 4050421
19.9156 4051101
19.9188 4051781
19.9219 4052461
19.9251 4053141
19.9282 4053821
19.9314 4054501
19.9345 4055181
19.9377 4055861
19.9408 4056541
19.944 4057221
19.9471 4057901
19.9503 4058581
19.9534 4059261
19.9566 4059941
19.9597 4060621
19.9629 4061301
19.9661 4061981
19.9692 4062661
19.9724 4063341
19.9755 4064021
19.9787 4064701
19.9818 4065381
19.985 4066061
19.9881 4066741
19.9913 4067421
19.9944 4068101
19.9976 4068781
20.0007 4069461
20.0039 4070141
20.007 4070821
20.0102 4071501
20.0133 4072181
20.0165 4072861
20.0196 4073541
20.0228 4074221
20.0259 4074901
20.0291 4075581
20.0322 4076261
20.0354 4076941
20.0385 4077621
20.0417 4078301
20.0449 4078981
20.048 4079661
20.0512 4080341
20.0543 4081021
20.0575 4081701
20.0606 4082381
20.0638 4083061
20.0669 4083741
20.0701 4084421
20.0732 4085101
20.0764 4085781
20.0795 4086461
20.0827 4087141
20.0858 4087821
20.089 4088501
20.0921 4089181
20.0953 4089861
20.0984 4090541
